50 300
2 26
15 32
35 22
50 39
17 7
44 45
40 18
12 25
40 28
43 11
6 36
10 1
31 44
46 25
26 25
27 27
50 43
10 37
14 12
27 32
18 21
27 10
38 38
34 29
16 29
39 23
16 50
25 46
44 20
22 21
49 46
42 8
34 8
21 13
39 39
33 15
50 22
3 35
50 20
13 40
44 29
39 19
26 34
38 50
4 34
32 43
12 17
50 32
29 38
22 13
5 23
34 9
8 35
28 20
24 21
50 15
39 28
48 29
29 2
14 29
21 18
14 20
10 23
7 16
46 40
24 3
25 3
24 50
23 26
14 14
3 12
44 33
15 7
11 21
6 32
41 21
14 22
29 11
12 2
15 38
39 29
16 3
16 37
2 32
45 14
45 44
20 50
35 36
13 1
13 20
45 28
9 1
20 48
31 37
50 24
6 17
10 9
22 1
6 19
45 27
18 29
14 32
31 21
25 44
42 22
21 1
22 42
28 49
27 35
17 38
45 16
36 10
29 3
41 42
37 21
14 11
14 8
32 36
27 7
10 6
7 36
40 25
25 34
38 20
21 37
17 1
42 7
29 8
40 45
17 22
30 24
28 9
32 38
14 40
25 6
14 2
39 3
21 42
29 24
44 22
49 10
47 40
6 14
13 38
39 41
46 23
30 11
12 4
18 28
7 7
30 27
48 39
20 28
12 15
49 45
39 12
15 1
43 46
28 22
28 26
16 34
34 48
13 34
36 34
48 12
10 2
14 19
1 14
24 43
17 18
39 46
45 7
31 29
12 43
26 24
42 25
35 40
27 45
41 31
20 24
24 9
48 14
22 34
22 27
29 33
20 6
7 13
31 43
2 9
39 43
41 35
50 41
30 19
16 22
49 39
30 48
3 33
42 24
19 13
48 22
48 38
45 37
32 35
21 31
28 2
24 2
34 5
50 38
38 43
13 8
5 15
38 7
9 24
41 7
13 37
45 46
23 15
28 50
18 31
45 43
33 28
48 34
17 37
26 29
44 30
44 49
34 33
33 46
17 6
12 45
7 30
22 9
32 21
42 48
7 17
27 50
49 22
50 34
3 29
31 36
24 48
43 36
17 20
6 38
29 37
11 22
35 17
39 13
19 37
34 18
20 37
24 46
48 27
26 31
14 50
28 8
35 23
42 15
40 22
44 38
19 34
50 37
20 35
21 30
38 21
1 21
13 30
2 37
19 3
42 12
48 16
27 3
32 45
19 39
10 21
50 36
22 3
23 24
48 26
16 16
30 9
29 21
20 25
13 17
42 41
21 49
45 10
43 7
30 2
30 32
39 4
34 11
27 33
38 42
50 17
2 30
39 47
43 10
47 32
14 44
