20 200
5 15
3 5
19 9
5 13
20 8
16 18
3 13
10 14
15 5
1 1
5 11
9 1
15 11
6 12
9 13
7 3
14 4
16 6
17 1
17 17
1 11
4 6
18 20
18 8
5 3
8 20
20 10
15 9
5 17
4 14
18 6
5 19
17 15
4 10
17 5
1 19
6 10
19 19
13 1
4 4
2 6
2 12
20 18
1 7
13 7
3 3
8 10
15 17
11 7
2 14
8 18
12 8
19 11
15 13
4 18
19 1
10 20
1 5
11 19
9 17
9 7
4 16
13 9
17 13
9 5
11 1
18 2
10 6
12 16
10 16
2 4
20 2
9 11
13 5
15 1
17 19
7 17
6 18
5 9
8 2
20 20
7 19
12 20
7 13
16 4
11 15
4 2
8 4
11 3
2 8
9 3
18 16
8 8
11 11
3 19
11 17
1 9
10 12
16 2
18 18
17 3
20 6
14 12
5 1
2 2
19 15
12 10
8 12
20 12
17 11
4 20
14 16
14 6
2 20
10 2
7 15
4 12
19 3
18 10
16 8
2 16
18 12
6 4
14 8
13 11
9 19
14 10
8 14
6 14
13 13
20 4
12 6
11 13
14 18
18 4
13 3
13 15
11 5
8 16
1 13
6 6
10 8
19 17
3 1
16 16
16 14
16 20
10 10
3 7
10 18
6 8
19 7
17 9
12 18
13 17
3 15
6 2
7 1
12 2
6 20
11 9
1 17
15 3
4 8
18 14
7 7
10 4
1 15
20 14
8 6
9 15
14 2
2 10
5 5
20 16
3 9
14 14
14 20
3 17
5 7
6 16
19 5
12 14
12 12
7 11
7 9
9 9
13 19
2 18
15 15
12 4
19 13
15 19
1 3
7 5
17 7
15 7
3 11
16 10
16 12
