200 500
133 51
3 89
136 127
169 200
85 54
123 53
61 97
107 160
39 176
124 32
140 138
191 177
190 90
3 17
147 44
16 31
94 19
72 182
145 192
181 181
197 55
185 57
151 91
169 190
18 92
173 157
29 116
133 170
157 88
139 55
83 154
38 177
124 109
110 20
100 42
1 49
97 185
57 199
28 25
140 197
116 65
106 97
180 190
18 136
77 156
191 160
62 180
88 185
88 149
157 139
190 157
187 38
93 44
37 72
68 176
21 136
40 126
184 171
115 1
59 192
109 1
103 122
58 67
138 14
157 79
170 144
117 15
139 105
38 158
32 58
45 24
183 28
194 98
181 52
41 89
4 143
162 183
84 19
1 173
33 158
51 154
53 119
168 191
175 6
100 7
15 145
30 198
172 175
47 104
27 39
144 182
133 105
165 168
124 165
140 156
122 142
109 126
13 29
116 187
186 168
193 200
112 22
149 35
197 147
139 175
137 82
156 69
187 72
36 62
37 127
17 110
69 77
188 81
57 55
19 42
22 12
194 133
185 142
168 133
89 58
59 25
139 167
46 77
38 33
138 26
160 106
88 180
135 75
12 191
129 30
33 151
41 26
35 178
119 154
110 159
11 121
184 150
87 181
178 76
13 68
54 124
173 141
103 107
167 66
98 47
96 82
197 88
107 184
65 177
137 127
136 148
47 71
49 85
51 178
160 15
45 13
139 18
105 193
76 71
59 125
118 106
158 66
193 16
49 58
193 138
136 128
85 182
198 85
18 48
62 177
14 107
142 104
76 46
97 103
117 107
28 186
12 137
3 156
153 4
165 145
141 100
72 25
33 21
61 50
20 122
179 33
180 120
137 55
165 185
158 33
43 137
170 6
73 173
161 25
176 126
121 68
25 144
44 10
164 104
59 183
25 189
16 5
108 104
11 25
40 120
9 82
56 131
87 81
103 199
57 30
124 130
97 101
73 92
110 37
195 168
19 171
157 186
127 16
89 138
40 80
57 1
161 65
131 199
198 105
166 121
34 14
21 107
105 130
143 99
50 113
69 158
99 148
125 139
85 117
19 93
117 131
109 199
130 5
183 127
62 100
199 95
113 172
1 169
53 95
19 54
8 87
11 58
186 88
196 70
4 166
115 120
97 23
70 178
180 52
104 41
103 54
135 167
25 88
135 78
182 153
131 141
191 94
198 177
181 146
198 184
111 112
55 159
135 124
136 66
127 191
58 181
45 192
147 69
31 81
98 13
33 181
105 175
26 103
151 6
48 149
141 110
60 147
21 146
22 156
11 100
147 68
80 143
12 26
163 194
58 61
6 90
193 63
16 18
165 167
175 164
115 67
25 126
165 45
24 186
153 186
37 99
54 68
41 17
93 3
10 150
15 168
191 7
30 6
176 146
124 150
61 190
168 85
116 132
130 91
69 82
76 105
132 81
172 124
97 16
78 59
117 93
178 59
51 7
65 27
104 140
128 164
130 96
48 197
27 129
87 96
162 162
200 45
43 124
168 91
139 46
101 56
90 78
114 140
36 130
118 139
22 46
102 103
93 102
99 119
30 137
166 144
50 118
188 92
41 156
135 131
153 35
138 42
113 4
133 148
85 3
39 106
48 140
8 92
41 58
162 23
194 128
166 44
45 153
87 37
60 173
167 12
8 57
5 72
60 90
171 144
92 9
2 91
101 9
182 93
67 143
115 12
70 32
7 66
137 94
102 196
66 21
160 25
77 116
48 88
5 171
183 96
131 184
186 31
145 119
76 11
62 142
174 83
174 181
149 110
74 2
57 91
174 16
68 2
84 115
41 88
85 24
184 16
7 121
198 151
40 73
113 53
15 87
135 140
19 35
1 44
189 57
134 114
25 153
68 108
195 104
131 130
71 138
3 69
40 42
93 153
46 59
191 132
198 161
119 198
4 59
7 137
172 31
42 191
90 109
99 36
164 29
166 35
118 168
103 110
161 147
14 158
6 156
89 3
116 159
153 119
17 111
7 141
93 48
131 182
108 29
17 72
10 134
106 79
53 160
140 165
106 153
122 63
60 163
18 175
121 170
93 90
32 52
30 124
99 160
105 7
141 73
30 102
7 135
132 11
46 24
176 103
128 49
166 188
11 183
162 84
104 7
173 135
58 2
58 108
113 114
114 5
186 95
58 144
181 142
155 26
165 130
81 92
130 46
79 141
28 193
24 83
199 196
17 8
149 74
115 13
187 181
18 124
75 75
68 56
168 22
33 132
103 113
176 32
158 54
124 137
