800 500
315 119
298 652
686 37
322 742
701 718
747 166
613 391
369 600
694 724
547 321
43 380
517 747
527 527
455 518
205 251
358 72
722 207
723 607
244 596
101 496
65 399
661 678
342 229
477 235
153 575
107 195
154 624
493 681
702 147
750 459
749 659
530 670
66 4
29 309
599 129
356 664
79 216
93 420
445 121
206 149
247 313
695 401
488 387
633 741
85 134
399 33
344 480
703 409
483 283
269 634
411 624
49 489
40 141
461 36
613 666
536 59
530 430
11 569
368 195
510 452
328 460
484 224
140 738
632 622
220 453
455 182
628 503
223 219
195 683
254 359
100 789
418 182
770 780
750 337
175 459
788 54
471 24
277 610
313 461
783 533
113 438
266 740
492 488
159 239
722 764
597 22
305 566
555 626
98 504
163 272
515 502
677 185
77 154
794 390
614 328
474 278
317 739
569 361
779 727
599 700
243 747
273 99
65 27
724 162
83 438
785 597
492 661
333 568
366 678
509 531
205 182
8 522
121 577
82 451
55 232
350 649
178 175
747 594
553 223
307 635
660 291
783 351
504 315
471 421
192 179
152 397
361 511
470 33
287 551
483 694
782 384
542 511
110 489
305 663
263 163
497 122
6 480
25 509
346 47
481 538
577 632
486 489
343 155
521 181
705 555
74 238
491 616
748 600
656 604
462 118
767 511
591 772
542 167
32 87
565 64
176 342
696 661
30 590
15 103
322 271
657 396
508 699
563 8
499 770
163 512
439 481
574 581
4 315
300 35
754 64
99 129
405 346
342 435
487 356
537 360
179 745
307 686
644 69
245 694
390 408
405 380
440 179
161 444
45 460
478 350
523 128
31 480
25 372
114 63
279 202
423 457
498 281
695 341
350 139
586 291
98 543
671 538
721 383
181 317
394 210
219 468
690 249
147 266
620 612
681 98
365 655
555 63
135 1
755 36
491 541
327 589
283 549
678 555
483 410
423 76
171 641
543 412
89 242
678 260
53 110
358 770
764 464
32 450
16 338
486 506
430 364
294 712
464 523
18 146
132 793
573 655
633 315
266 274
108 495
85 513
604 794
482 119
9 513
569 24
402 606
530 32
169 375
295 632
98 313
329 581
657 101
435 489
767 253
314 75
747 399
587 103
744 620
221 753
332 341
776 285
146 505
316 314
80 611
497 529
475 377
309 331
477 296
19 796
548 685
70 46
635 208
148 578
27 721
530 710
261 506
194 407
562 510
272 193
672 321
721 346
697 582
676 374
429 246
721 528
130 790
573 316
549 273
446 127
193 175
36 453
232 581
59 346
642 683
538 513
203 459
58 99
592 733
24 220
179 744
747 660
285 71
528 33
343 173
159 535
699 546
540 483
327 150
28 168
32 565
681 234
575 290
685 718
575 708
137 753
204 435
164 488
506 691
73 400
415 583
487 314
329 226
796 207
375 375
726 759
139 158
192 266
448 428
535 222
336 672
526 539
658 689
578 715
132 650
315 98
433 1
411 313
578 758
519 152
332 444
110 23
602 654
640 601
281 374
22 168
597 547
258 455
787 36
721 470
685 235
120 669
587 530
181 364
40 251
68 723
695 177
297 48
382 136
648 215
62 669
382 658
767 192
664 305
227 585
327 463
371 446
332 158
527 64
73 118
315 140
41 209
669 337
608 250
25 455
16 86
675 750
743 193
141 159
497 367
743 375
29 313
372 712
22 99
776 95
216 290
234 608
50 102
145 657
704 521
663 719
606 537
220 100
729 360
258 777
278 552
704 659
65 275
570 438
373 97
532 141
386 318
748 787
419 444
195 674
516 57
145 321
145 364
773 73
276 230
402 553
334 305
411 398
579 181
387 504
277 119
196 215
436 495
553 406
491 748
632 206
356 776
79 501
691 51
125 166
632 78
719 165
734 681
114 65
61 501
120 690
171 315
456 158
361 208
563 51
507 746
609 415
273 687
467 516
289 143
681 120
221 151
637 154
32 302
218 444
354 337
685 524
203 340
681 564
100 796
166 158
293 774
572 566
212 238
281 500
381 513
172 153
216 360
306 599
661 76
594 215
764 479
738 519
370 171
282 469
518 447
179 10
773 750
575 184
540 407
684 472
120 55
624 335
766 481
485 626
108 278
40 72
756 330
142 326
52 423
346 569
421 524
578 393
26 705
577 565
311 12
588 782
418 411
668 383
443 352
208 551
630 600
174 137
481 315
14 532
289 360
300 709
435 429
654 460
333 782
576 196
793 715
177 762
677 45
344 320
396 103
422 225
