50 196
50 27
50 26
50 25
1 14
50 46
1 9
34 1
50 49
33 50
4 1
3 50
1 46
50 19
41 50
32 50
1 30
50 30
47 1
50 35
35 50
32 1
50 33
50 21
2 1
1 25
48 50
1 10
50 28
24 1
38 50
1 26
22 50
26 1
6 50
1 33
37 50
50 44
1 45
21 1
19 1
42 50
36 1
6 1
1 23
17 1
35 1
22 1
46 1
50 40
1 40
1 29
1 35
15 1
29 1
38 1
18 1
50 38
50 42
1 21
33 1
1 19
50 43
50 16
44 50
1 28
1 41
46 50
28 1
7 1
1 47
18 50
1 13
24 50
1 12
50 18
50 23
30 1
50 22
50 34
17 50
1 2
14 50
50 14
1 11
50 5
1 18
50 12
9 1
50 2
50 6
12 1
1 3
12 50
1 5
1 49
14 1
45 50
1 8
40 1
47 50
37 1
1 44
50 29
1 34
1 31
8 50
1 1
5 50
28 50
1 17
1 6
49 1
13 50
50 11
50 1
45 1
9 50
25 50
31 50
10 50
50 31
16 50
50 24
50 36
10 1
49 50
1 50
11 50
50 41
50 20
15 50
50 37
48 1
8 1
30 50
50 13
1 27
50 9
4 50
1 15
36 50
7 50
1 37
50 50
43 50
1 24
16 1
50 45
19 50
21 50
1 32
50 7
1 39
1 20
27 50
50 48
50 47
29 50
11 1
1 16
20 50
39 50
23 50
1 48
26 50
39 1
50 15
1 36
50 10
25 1
27 1
50 8
44 1
42 1
1 22
23 1
1 42
41 1
50 4
3 1
2 50
1 43
50 17
5 1
43 1
13 1
50 3
50 32
34 50
50 39
40 50
1 38
1 4
20 1
1 7
31 1
