1000 2500
606 488
473 459
423 30
125 497
834 681
429 957
945 682
777 606
643 525
57 369
123 131
278 876
670 456
473 508
877 75
306 482
562 778
292 337
808 416
185 993
448 613
950 744
294 78
349 288
603 406
9 725
888 286
952 909
742 777
416 970
851 722
803 764
851 95
100 658
862 284
3 662
248 952
405 894
29 754
181 631
511 541
708 750
179 11
659 272
787 426
241 989
147 43
753 998
137 852
7 351
488 361
12 735
312 416
980 341
521 161
323 383
53 382
133 231
745 143
854 883
568 94
872 715
489 976
64 977
179 422
327 666
783 338
753 446
106 732
138 978
244 813
361 649
194 845
879 290
987 733
173 554
178 396
620 666
371 35
643 549
809 321
567 943
659 671
388 116
402 526
93 998
338 805
646 883
649 876
173 635
960 697
541 138
92 160
155 462
547 797
362 355
118 928
297 128
950 684
595 704
561 39
701 250
844 698
485 492
573 657
479 533
705 19
22 796
530 176
257 76
325 970
430 794
250 78
273 199
114 867
902 674
905 602
924 100
299 408
944 224
416 422
108 120
792 129
267 321
656 523
749 980
844 530
125 93
608 397
292 721
615 193
746 872
147 21
971 797
780 914
20 547
687 479
18 478
607 284
151 263
158 899
594 2
428 719
94 35
467 737
107 82
282 853
305 428
225 275
576 5
541 948
903 227
426 921
57 33
204 207
647 362
105 592
363 532
662 808
919 129
545 377
562 826
581 866
605 806
492 180
162 32
479 64
611 905
984 667
289 188
225 287
901 329
878 263
212 540
422 482
20 966
859 581
143 439
446 99
244 289
631 757
673 109
821 283
13 804
301 653
343 525
939 243
205 169
857 416
708 279
898 727
596 756
659 739
546 104
837 790
392 467
546 64
928 718
698 940
522 350
593 216
874 883
459 430
51 315
198 110
593 95
836 541
202 494
279 99
949 467
240 693
286 786
108 213
855 158
504 728
507 448
944 733
683 402
162 733
68 359
843 13
805 30
553 358
876 831
457 824
649 696
868 286
833 328
850 40
485 706
767 991
505 710
75 187
111 237
920 179
947 114
191 104
143 743
813 370
925 621
546 925
669 413
563 853
740 412
892 576
469 659
919 974
368 993
160 831
581 431
9 880
544 551
983 39
645 147
408 921
120 305
845 788
718 759
640 809
523 532
737 991
542 655
964 909
647 124
739 228
554 99
107 450
649 441
840 645
939 247
565 58
904 762
845 621
520 837
781 42
720 517
33 261
171 348
169 170
471 260
397 377
358 855
826 359
647 665
3 585
263 920
995 166
681 191
138 552
27 271
946 746
139 330
6 310
677 527
831 148
786 227
876 143
433 701
501 431
717 856
367 331
775 361
849 455
552 986
358 578
608 303
676 747
632 681
408 661
559 238
808 344
816 35
839 248
735 339
30 803
546 396
485 320
757 333
126 660
671 484
237 278
138 264
24 122
297 431
782 855
668 941
199 835
975 37
434 61
727 463
863 625
859 699
944 967
32 422
626 702
905 214
979 394
830 355
515 126
137 296
980 805
588 530
991 562
918 425
622 645
887 836
269 97
535 564
415 918
985 392
619 241
606 949
635 435
303 501
912 440
149 891
596 736
421 586
650 338
362 271
334 601
459 954
697 345
870 112
262 854
503 232
447 460
180 81
246 835
933 157
274 81
400 221
169 820
158 818
509 520
440 843
120 250
148 168
594 17
279 207
871 134
790 317
945 322
749 543
156 33
51 781
114 450
1 634
269 510
451 130
29 890
972 148
140 119
668 85
136 946
644 358
431 433
26 728
754 126
270 909
158 320
41 623
770 393
256 390
903 58
519 931
300 842
431 791
313 98
875 800
395 870
509 178
303 534
905 408
11 526
669 520
197 709
495 318
102 102
60 4
160 930
934 459
772 716
249 436
813 475
235 208
345 743
737 999
628 641
406 990
518 74
509 714
783 3
32 236
105 443
239 616
372 524
426 143
240 26
578 52
500 164
611 196
258 347
194 885
339 952
226 856
25 735
922 159
89 953
394 545
747 984
512 118
508 937
261 747
962 190
150 814
354 761
9 611
459 555
848 798
858 73
5 882
159 926
393 600
230 138
496 976
122 8
94 629
944 354
375 906
895 524
71 600
636 431
211 95
985 410
892 842
834 896
76 345
822 820
944 403
957 439
379 78
798 472
58 742
177 432
999 71
308 69
671 943
499 233
389 836
994 280
29 179
528 456
523 701
275 818
103 584
609 833
13 406
304 71
147 480
854 145
903 161
565 573
456 64
157 844
899 502
476 279
680 355
735 203
407 361
20 509
944 628
342 957
386 997
379 532
477 232
29 731
745 593
655 200
8 811
395 258
312 222
537 991
576 623
545 982
983 917
843 927
544 536
235 281
532 613
813 360
844 193
442 940
137 96
491 145
906 886
754 569
107 290
912 35
264 456
368 247
724 562
525 268
97 759
548 981
371 712
692 566
904 134
506 393
229 996
537 487
233 290
407 692
932 318
78 547
126 445
793 849
7 317
468 455
427 368
787 797
431 479
715 687
964 572
79 544
919 967
30 152
608 789
195 891
458 272
438 935
716 230
136 74
899 955
881 325
674 667
122 105
497 188
143 460
111 221
356 29
187 385
532 794
525 726
685 983
997 122
269 65
703 404
490 601
359 370
926 32
37 399
488 885
938 630
345 48
850 700
76 388
436 608
534 313
685 570
295 34
43 915
450 745
319 939
698 29
661 623
60 49
373 548
933 310
529 629
357 731
328 784
118 116
743 651
780 428
572 74
461 614
340 910
359 658
200 408
686 860
30 98
260 402
997 193
63 525
821 419
255 501
554 725
968 297
375 747
724 299
172 536
912 511
797 622
169 996
29 206
208 410
303 467
811 299
659 225
176 832
643 430
332 197
154 651
845 881
397 568
179 568
103 442
78 251
64 598
246 92
804 805
502 458
624 664
109 634
889 284
465 883
713 148
431 219
798 275
99 546
194 629
113 648
70 543
898 133
492 496
577 647
300 430
105 275
445 213
909 685
496 725
568 560
873 350
778 22
977 228
568 522
856 32
170 926
574 67
410 66
914 986
64 214
767 168
840 212
380 748
896 227
473 815
787 697
517 916
718 493
144 637
366 999
669 535
276 242
954 686
659 867
23 723
432 790
242 272
353 974
371 248
200 843
415 338
891 931
254 609
775 749
245 140
99 913
27 375
507 980
412 517
198 434
591 630
575 833
253 927
806 623
527 357
818 941
47 708
871 652
668 645
400 265
136 498
177 162
224 35
493 635
904 691
421 494
672 995
678 924
274 835
898 800
192 67
92 590
127 962
241 794
958 992
58 93
841 587
607 65
973 99
51 876
789 471
722 460
818 399
735 91
234 985
242 777
403 333
366 881
646 958
27 603
949 84
47 141
22 653
557 347
104 608
222 244
430 943
56 247
342 142
337 927
126 930
703 881
262 68
761 907
25 787
861 325
223 908
465 596
912 22
942 15
981 516
611 410
458 666
657 151
807 345
77 285
275 779
165 888
198 277
795 222
416 655
898 990
914 363
585 178
736 527
544 68
42 154
477 851
819 485
354 626
182 430
910 456
561 426
695 758
702 489
980 469
496 229
458 761
591 43
938 678
921 482
745 314
635 574
516 454
58 869
79 239
299 340
46 211
765 741
968 818
581 299
287 428
528 96
189 470
490 126
148 410
959 244
75 594
817 591
47 227
811 477
465 461
168 863
671 932
955 639
101 887
937 739
667 816
835 855
286 324
332 785
86 643
28 512
236 845
454 634
423 265
462 887
725 629
101 748
912 407
386 364
294 674
103 960
842 289
166 127
964 849
911 49
491 290
561 78
486 14
711 908
630 524
147 707
152 247
454 415
654 191
779 299
216 233
610 57
521 775
183 484
975 445
885 818
735 797
895 220
162 958
128 792
481 274
498 985
872 303
399 525
493 177
175 708
409 784
765 281
910 299
117 885
744 353
702 478
149 948
49 662
905 176
805 386
801 654
370 673
956 120
549 448
297 724
156 57
507 272
690 417
570 158
653 665
510 706
142 10
653 543
23 558
718 828
295 871
481 16
543 437
135 91
884 783
166 391
840 673
662 881
441 584
38 445
248 899
150 742
908 802
284 930
711 353
757 357
223 590
372 765
26 859
208 261
641 373
652 832
397 665
712 837
248 101
281 496
999 782
237 258
936 520
540 998
224 296
355 447
237 78
563 262
936 122
875 929
495 526
760 243
542 824
80 790
276 712
285 627
846 873
884 781
744 423
778 967
71 484
413 307
562 328
921 849
449 795
777 295
320 889
538 861
64 969
2 691
32 638
317 877
510 201
9 605
975 787
572 45
270 336
704 183
15 624
32 464
418 160
110 89
400 647
301 815
967 655
506 999
292 822
227 154
374 236
758 349
22 681
745 643
17 800
826 383
423 209
846 192
720 308
632 120
954 285
934 273
291 439
271 582
613 849
87 986
84 197
686 457
877 431
100 245
230 277
628 5
837 825
548 556
132 532
675 438
168 961
710 458
751 980
39 363
828 478
349 264
674 34
720 550
816 171
147 398
799 774
754 635
598 301
191 82
184 217
519 351
177 228
808 280
559 199
642 738
676 342
1 349
376 73
250 543
595 396
292 394
521 45
28 471
346 570
552 881
787 70
232 315
297 39
594 855
237 588
592 912
929 945
612 656
17 214
199 611
609 490
356 482
887 384
952 584
305 503
464 443
924 695
758 572
734 703
426 322
642 369
234 571
665 197
578 681
410 128
644 371
970 999
852 856
734 155
439 39
9 902
481 932
949 590
503 682
645 280
3 286
1000 588
208 665
137 786
697 546
913 340
916 882
691 119
89 424
273 527
814 281
781 295
564 729
236 418
410 880
697 764
166 49
704 725
713 840
510 409
385 423
101 653
656 791
123 745
566 748
623 380
380 403
26 944
131 613
361 892
493 410
8 10
458 711
734 522
550 596
282 286
370 382
290 25
524 413
121 442
160 744
173 539
146 550
834 629
162 195
520 6
956 527
15 413
237 101
286 138
696 567
424 65
301 65
441 176
829 562
617 340
305 141
231 802
690 64
430 852
610 950
209 565
828 224
329 417
676 614
554 371
533 329
787 833
394 227
360 222
788 329
914 444
469 144
246 159
207 675
362 817
976 570
733 804
145 414
220 820
27 125
542 911
806 328
95 551
907 455
772 46
783 685
490 251
180 87
761 387
761 474
555 89
396 287
244 540
700 815
712 79
939 605
989 744
285 436
294 191
242 418
236 24
454 77
626 634
163 739
372 276
564 926
364 959
212 607
851 264
421 562
342 711
166 682
807 450
469 452
992 710
221 580
85 27
656 63
660 819
153 383
94 716
308 809
675 871
767 525
486 539
438 179
249 955
213 407
757 681
859 748
743 79
327 827
105 335
241 116
153 393
850 598
461 509
758 135
380 524
11 865
62 800
396 310
106 608
69 862
288 927
962 30
357 640
209 814
974 801
281 478
194 131
427 654
639 184
140 370
707 502
587 768
301 982
430 406
589 498
620 228
776 581
258 132
572 818
297 546
618 578
375 163
60 802
168 698
985 307
420 44
160 6
811 460
987 592
218 575
441 837
154 216
769 411
700 340
580 348
237 550
925 612
712 336
413 232
34 749
890 805
792 50
810 955
509 796
546 78
722 339
914 227
906 34
990 957
374 569
305 610
470 581
221 182
917 985
765 302
734 654
106 877
703 915
831 564
62 729
641 135
419 907
361 324
940 350
281 313
271 585
275 740
517 847
273 433
832 37
734 917
691 839
145 745
105 976
308 518
56 301
652 474
207 365
149 498
66 429
163 336
365 437
428 882
283 700
314 466
89 400
382 131
590 527
875 695
854 535
564 261
187 216
86 745
932 234
242 997
15 404
685 379
840 112
612 475
163 278
940 251
677 674
381 618
552 608
664 757
142 228
17 328
795 102
72 726
687 665
74 701
69 758
432 260
221 395
86 384
672 26
634 700
51 15
318 602
622 333
710 115
560 726
794 354
179 865
431 217
529 505
270 949
614 701
209 835
95 294
218 119
671 203
170 721
217 839
674 190
172 735
656 731
812 449
437 342
313 867
559 194
723 828
142 337
880 702
171 326
348 740
796 370
942 966
443 511
804 116
700 975
851 708
58 14
156 846
356 821
712 914
14 787
93 507
123 972
561 645
649 260
384 445
629 325
410 71
187 213
539 239
540 741
946 949
754 101
794 109
921 857
22 286
643 114
145 117
437 705
761 86
964 496
530 592
173 291
15 359
503 553
597 394
293 542
694 46
995 839
155 915
696 528
553 690
994 697
807 782
753 919
219 68
415 748
11 587
38 25
945 893
577 894
638 221
435 332
267 429
170 773
696 217
652 600
259 997
296 65
779 400
335 997
467 749
97 477
687 486
854 984
730 430
877 720
651 663
403 269
92 572
393 139
141 396
738 399
393 385
815 523
784 149
871 602
250 967
430 288
805 283
271 534
713 499
253 715
162 7
335 605
579 727
743 71
122 832
821 866
216 635
388 351
135 259
952 736
577 381
24 381
664 646
267 728
497 871
794 658
878 128
262 808
206 356
878 679
187 698
545 402
684 284
752 170
894 55
906 471
435 281
203 450
278 469
529 774
692 322
783 569
449 44
728 654
751 957
333 937
6 229
690 689
512 441
858 758
847 115
228 282
747 782
83 25
251 612
150 294
933 933
214 734
976 941
387 727
897 71
15 254
651 705
942 515
497 151
272 344
618 851
977 364
632 59
740 234
22 890
527 307
822 740
40 149
32 778
227 280
849 242
533 851
946 474
365 442
977 988
785 946
838 113
309 470
172 49
55 545
938 582
851 111
673 890
259 57
668 486
336 868
727 869
718 24
694 435
817 670
422 954
967 612
66 276
433 589
676 487
134 965
420 984
75 445
226 333
501 893
170 836
112 896
704 181
271 398
615 88
419 389
41 738
352 458
13 784
47 40
622 180
4 394
515 430
838 740
114 338
984 284
525 95
531 581
628 802
978 594
241 748
334 281
485 685
738 849
820 136
240 442
667 595
835 182
24 24
273 138
361 609
421 237
55 951
817 682
104 146
276 344
894 609
976 730
294 66
931 113
201 170
906 868
765 92
401 140
115 25
277 827
633 49
64 688
352 880
369 455
26 996
151 271
605 126
352 250
191 634
714 392
804 620
611 920
63 363
411 178
387 688
356 372
736 419
59 439
299 779
894 676
775 44
946 731
521 649
980 712
283 693
455 438
664 417
357 727
779 119
256 517
806 611
888 894
30 298
332 680
77 577
707 203
972 652
933 493
652 264
204 934
956 10
371 972
426 79
50 204
198 305
72 355
267 960
248 648
257 932
327 685
860 385
887 832
36 171
676 40
434 879
973 742
240 344
713 665
774 762
220 971
418 291
326 684
602 925
684 859
208 362
895 420
747 134
251 134
304 926
173 90
156 146
831 395
841 895
59 614
8 630
585 425
920 262
460 522
538 143
732 98
505 626
517 251
111 767
736 415
44 909
504 551
54 686
945 894
580 355
507 939
336 443
715 255
56 526
128 946
669 211
43 525
189 559
127 299
677 862
65 72
770 920
622 175
605 918
420 536
624 927
474 959
721 188
565 129
714 45
74 734
255 468
610 795
26 88
446 54
301 510
125 423
430 98
597 386
15 17
922 638
295 747
948 367
287 512
495 1000
556 920
85 163
387 46
957 764
133 754
817 785
264 293
207 693
390 804
78 756
172 351
745 466
98 692
184 384
556 679
735 111
950 171
625 337
216 934
452 700
687 269
484 950
913 43
994 655
846 424
410 369
774 507
186 871
550 369
606 105
399 340
568 349
510 192
37 77
125 488
776 812
108 612
113 21
654 107
27 851
530 788
219 303
294 756
526 196
124 131
300 875
823 219
575 684
411 963
761 535
802 888
698 910
851 811
282 504
917 308
706 798
95 276
100 741
31 977
936 507
108 587
733 282
806 307
965 568
621 77
454 422
965 152
683 167
314 964
23 582
623 728
379 70
356 830
162 738
807 449
244 266
35 328
547 192
986 511
759 606
588 213
28 904
716 710
422 381
26 444
962 1000
524 340
69 879
169 230
616 327
678 212
592 65
539 138
608 525
1 719
482 940
283 861
195 998
571 616
378 948
60 691
947 583
382 368
813 550
597 428
877 627
991 820
43 882
958 2
758 958
720 239
897 2
100 91
351 22
58 80
321 117
770 267
51 151
634 863
53 583
643 281
561 985
100 955
866 57
956 623
366 676
214 262
677 665
704 28
686 762
107 358
230 877
624 633
379 610
847 431
544 489
711 104
826 811
58 691
867 365
666 585
40 879
846 717
543 902
96 580
15 202
289 244
430 264
228 161
873 75
591 768
563 302
223 740
464 632
431 682
997 448
266 36
678 464
104 572
717 199
503 731
753 791
326 534
54 554
694 927
628 285
46 542
938 269
282 753
900 64
434 896
511 700
932 540
515 35
111 231
586 613
961 338
403 638
871 456
191 565
734 818
201 780
712 138
48 993
890 299
408 675
195 270
726 478
809 240
864 919
822 449
883 782
786 285
420 9
92 962
925 826
132 125
605 843
614 4
187 855
302 594
529 848
863 607
325 23
846 541
293 668
989 175
801 127
459 572
135 550
534 59
727 665
535 683
859 148
686 45
354 340
638 234
187 852
840 864
874 38
404 166
57 744
340 857
870 150
781 356
51 666
766 778
682 300
812 540
799 498
584 152
189 573
386 727
424 577
942 297
614 345
462 670
89 153
879 310
654 659
666 704
676 431
833 357
83 645
896 233
494 831
737 34
403 474
760 826
50 702
474 664
398 287
685 838
439 563
148 444
573 165
147 248
595 332
604 29
976 851
262 821
681 350
854 435
823 613
612 872
666 85
887 64
371 572
901 161
134 400
604 59
564 103
306 511
434 262
539 761
464 152
581 145
501 786
931 323
750 543
195 416
979 81
831 702
4 731
862 490
131 818
548 694
272 853
204 57
466 95
817 930
598 749
426 99
534 356
773 283
250 319
698 229
752 528
930 755
611 143
244 93
312 143
138 583
348 694
639 813
788 455
742 737
555 519
187 88
227 960
371 476
630 420
56 381
300 985
488 910
480 83
354 791
226 491
374 573
184 364
737 323
171 831
60 725
349 246
813 575
557 535
403 187
954 458
919 605
795 406
866 274
841 219
416 66
710 141
990 245
505 726
568 675
556 627
751 257
224 563
183 781
449 585
967 755
395 885
359 189
643 225
814 483
443 229
900 504
370 241
749 226
318 668
900 874
294 2
482 869
917 664
649 365
601 615
471 995
852 830
535 494
406 700
328 200
280 579
56 649
819 804
226 136
471 477
361 116
479 842
984 395
858 985
111 458
951 582
452 802
763 338
647 168
37 974
719 316
552 774
317 722
929 542
858 751
371 218
218 849
412 554
243 269
538 353
726 488
934 529
290 48
866 288
215 254
614 286
569 165
59 237
887 988
131 96
90 501
313 308
349 724
861 943
992 398
647 69
237 933
597 878
980 814
166 547
67 779
832 988
295 890
576 181
229 706
276 319
558 941
978 258
16 838
200 8
235 199
428 823
131 25
701 462
838 866
8 257
644 839
596 938
81 171
471 661
877 98
331 786
390 308
44 406
145 243
765 731
441 192
554 923
216 254
385 406
119 392
14 114
583 609
403 663
779 873
323 7
323 654
793 712
313 188
117 458
430 881
540 223
73 93
497 640
698 881
397 168
625 410
281 207
370 684
221 501
908 895
859 582
900 3
294 213
190 762
670 620
995 209
194 419
654 42
58 351
275 807
519 899
568 151
457 938
186 29
438 446
923 296
27 823
299 320
387 840
434 408
811 428
968 4
846 621
398 903
324 672
61 194
570 629
696 378
566 882
406 355
327 680
2 353
854 652
25 240
492 458
647 302
885 615
658 730
587 55
984 262
726 397
455 647
25 503
376 942
384 781
648 62
812 649
414 666
653 790
257 496
247 904
149 483
870 806
564 808
212 900
70 289
296 876
287 320
378 662
613 113
794 260
174 958
260 940
623 264
729 879
759 328
134 908
810 3
65 726
163 629
625 584
269 920
459 908
591 189
569 555
301 715
814 827
24 425
118 646
689 846
876 799
525 10
58 687
364 475
412 878
103 388
461 723
659 920
630 249
460 551
803 112
265 968
938 288
392 407
285 432
253 160
231 129
521 288
815 237
762 578
114 216
965 575
939 975
846 568
223 305
118 377
768 734
696 58
21 440
464 657
871 68
169 101
197 41
741 363
277 502
941 743
718 257
669 656
232 514
575 806
170 693
535 937
426 582
994 799
21 810
807 892
877 975
344 73
368 84
436 644
938 728
738 7
336 406
14 919
271 588
77 792
280 963
81 58
544 426
208 917
235 14
160 112
341 503
536 708
939 971
703 228
50 441
234 738
198 247
8 469
834 84
260 466
46 340
875 942
766 82
858 352
447 17
463 787
871 999
494 809
321 197
36 723
989 621
460 186
867 467
654 53
903 266
870 948
957 744
241 74
177 98
426 623
466 888
410 337
238 255
497 559
803 885
281 791
505 92
977 372
558 982
424 812
247 645
760 556
388 352
629 564
802 54
538 267
294 947
955 531
554 452
441 356
336 721
147 840
164 475
563 74
808 338
885 407
982 996
962 369
348 590
284 149
996 822
415 289
120 370
171 25
173 612
381 508
684 879
699 848
705 614
921 512
951 805
918 933
801 879
653 148
821 289
296 816
462 62
456 581
783 978
606 955
589 338
814 273
568 865
472 272
478 392
783 428
196 701
712 348
931 717
495 103
357 142
918 818
556 725
750 690
55 707
997 643
44 810
267 611
674 738
234 151
481 17
931 29
69 994
376 351
710 223
454 66
716 723
883 623
800 985
313 854
691 309
496 735
118 115
697 144
204 931
646 685
299 928
713 719
922 440
69 983
14 522
49 730
597 283
352 396
267 16
249 310
324 744
44 794
210 92
289 414
374 934
450 672
862 514
390 135
953 459
117 319
332 165
48 928
800 751
323 418
767 571
727 90
667 122
883 228
566 523
641 939
457 442
611 670
955 352
804 260
162 920
578 494
437 977
773 588
727 96
357 493
18 84
935 36
557 169
264 122
692 256
61 148
698 23
169 652
726 972
263 888
243 840
381 31
816 153
618 543
600 975
387 970
410 321
5 318
490 268
440 181
524 852
680 221
226 848
224 951
819 487
838 413
326 570
444 494
75 413
388 26
739 774
995 500
95 1000
818 584
619 609
116 142
812 795
