1000 10000
278 239
448 841
796 302
165 274
390 701
191 477
297 605
535 801
665 812
134 134
212 679
498 349
858 717
452 968
538 710
381 167
301 828
7 96
481 524
722 870
224 264
346 872
869 232
673 885
44 158
18 607
836 867
955 693
935 758
660 472
819 392
639 119
571 997
567 51
520 640
272 96
903 970
967 123
201 639
7 596
797 376
554 632
242 508
325 176
617 336
1000 436
80 990
906 650
986 472
53 506
463 676
953 366
645 919
488 198
558 847
145 706
574 699
337 816
558 13
343 175
701 694
962 780
683 867
429 21
691 833
878 153
509 830
870 505
748 710
702 305
556 847
10 129
545 699
296 454
63 991
628 763
684 941
894 719
808 675
739 850
507 968
354 367
797 224
872 544
285 925
201 840
771 562
320 667
612 968
473 675
310 100
789 993
393 683
63 552
357 153
401 215
120 106
582 916
681 805
812 965
729 364
156 852
277 476
870 241
795 342
915 104
794 55
448 186
89 511
737 797
15 489
12 135
594 945
402 275
749 565
239 477
280 395
680 557
222 550
797 16
891 63
471 684
469 918
221 558
780 957
354 795
445 717
281 39
661 34
665 409
599 255
238 878
649 917
786 222
466 934
589 709
996 59
392 817
329 965
374 108
921 79
254 718
796 886
108 456
920 772
217 518
26 806
747 27
722 533
248 540
466 837
248 814
247 991
630 575
955 355
35 228
433 640
945 228
526 52
36 445
823 604
314 200
409 412
226 130
944 474
21 762
662 620
927 908
611 908
835 917
262 221
144 46
860 440
626 737
491 661
533 665
616 846
865 24
610 90
505 905
915 526
666 576
145 944
836 107
203 670
376 464
242 871
862 101
311 487
190 801
499 722
466 114
920 682
489 529
771 993
433 686
870 451
613 15
394 448
473 949
469 200
764 710
71 625
163 381
463 352
533 961
425 350
426 344
31 914
872 802
907 657
839 776
107 803
142 852
603 967
800 423
166 564
485 236
188 647
968 651
350 501
963 126
850 389
470 881
302 693
34 560
349 224
336 455
26 829
659 628
795 458
51 313
373 535
548 561
533 516
563 234
16 877
359 217
265 180
97 919
873 482
478 573
705 165
380 731
346 38
710 492
847 112
804 220
998 352
132 882
219 46
115 586
922 826
802 187
357 251
457 229
84 286
154 789
803 533
871 148
922 580
639 768
692 795
987 689
146 470
571 716
515 37
653 437
214 454
975 571
56 431
151 492
68 304
280 870
188 150
17 109
81 8
229 772
802 567
813 299
37 735
366 551
123 18
339 337
823 313
259 231
95 761
722 163
417 1
384 604
502 753
65 582
112 293
706 913
859 870
563 247
956 280
150 78
297 488
766 471
153 376
701 247
137 774
761 553
126 145
508 627
249 572
561 360
216 618
624 75
839 538
321 794
817 470
223 465
310 989
935 462
716 988
60 852
113 173
756 239
669 264
217 917
835 777
276 403
746 899
477 584
788 149
729 604
971 952
420 280
940 706
93 655
693 152
859 806
676 614
396 344
229 612
260 416
741 887
818 486
137 294
422 924
794 150
527 116
101 946
747 392
652 839
399 696
343 257
853 18
222 248
362 451
212 973
866 952
860 35
789 996
680 210
920 473
360 798
589 812
96 687
204 99
526 602
794 220
210 999
237 783
246 950
233 809
923 450
760 134
484 549
481 163
110 752
988 469
550 928
633 645
614 836
743 491
789 888
710 998
886 299
132 484
248 365
292 522
166 404
7 2
952 488
516 61
239 503
882 140
430 514
136 396
701 230
886 489
470 948
838 355
246 969
190 845
685 834
367 851
237 725
204 540
212 719
952 803
222 833
942 3
698 430
750 398
659 988
238 128
935 427
835 180
396 376
376 432
209 94
634 445
819 837
336 30
556 288
184 129
472 478
483 522
907 233
271 565
220 509
45 154
935 231
685 682
606 60
114 815
154 747
611 324
936 947
353 491
586 889
971 409
366 453
930 272
685 201
188 256
709 584
409 995
814 445
677 420
857 142
586 362
888 196
685 175
494 389
665 79
277 987
840 642
440 769
265 476
969 805
732 29
388 492
376 554
289 52
973 145
545 558
506 784
105 542
959 599
930 975
29 559
962 868
552 401
989 817
876 957
621 959
338 360
451 713
913 739
116 237
235 660
146 740
795 251
281 753
201 562
728 229
120 689
449 672
441 437
840 668
745 812
627 82
171 429
146 436
519 613
672 753
624 818
844 419
420 476
171 620
389 250
200 509
290 648
532 730
84 371
750 181
182 728
614 704
508 760
139 26
372 163
130 996
332 325
766 751
152 936
722 540
186 921
400 475
569 931
557 4
301 306
536 834
385 150
538 892
909 28
917 632
190 398
979 521
74 744
623 225
32 344
764 569
617 516
395 185
446 951
540 99
608 76
932 992
225 821
883 485
849 151
468 38
900 447
911 973
542 885
197 573
581 313
141 197
828 536
733 625
838 272
75 446
699 7
789 275
179 24
759 27
174 227
65 74
25 327
398 566
211 595
491 791
907 983
339 86
518 71
62 708
343 137
153 393
495 293
668 673
316 426
700 842
4 116
267 380
794 664
298 356
610 788
499 868
770 837
953 640
908 367
347 602
503 851
994 997
143 661
669 811
87 720
4 442
835 270
822 980
285 119
336 895
258 834
762 27
670 715
666 577
81 364
178 935
214 172
283 709
184 951
519 270
23 522
64 209
143 885
189 427
355 524
321 612
357 83
638 378
149 656
955 581
19 484
515 585
7 797
293 191
99 163
812 473
36 875
682 530
111 222
956 465
745 629
428 453
711 418
830 211
73 136
791 443
972 657
379 330
805 23
872 255
185 684
728 572
910 761
101 373
982 409
189 78
37 617
882 99
34 63
309 458
199 451
252 522
459 983
203 263
5 75
869 542
110 948
113 371
708 566
743 41
974 284
118 362
252 999
460 285
62 120
94 612
570 697
485 28
679 687
642 36
761 862
577 870
810 41
241 517
958 335
558 283
618 27
644 869
26 455
505 439
574 950
50 143
999 886
522 29
572 515
64 333
377 640
554 186
33 146
54 990
833 963
273 450
990 268
671 367
723 527
805 296
829 206
791 179
91 664
207 14
531 271
346 907
262 252
444 294
397 849
636 229
812 260
31 153
527 53
871 601
931 27
249 111
584 39
289 26
54 496
39 584
118 737
842 379
988 285
25 736
134 12
317 297
271 699
801 149
103 23
750 33
49 998
144 632
388 784
657 441
279 47
377 396
783 218
127 770
855 151
858 340
162 174
636 784
872 788
932 974
810 681
358 210
30 853
193 417
637 849
210 915
895 938
663 30
155 789
799 9
939 656
348 452
181 335
235 404
474 166
377 635
199 87
844 228
939 36
997 575
236 558
842 483
495 504
512 1
644 662
10 934
670 709
385 850
396 971
254 869
488 982
504 686
68 347
266 359
735 614
285 970
523 126
452 369
981 315
369 624
977 730
557 646
439 293
495 834
263 100
54 751
434 557
788 853
256 405
211 990
18 496
959 892
973 763
260 954
77 629
929 53
358 486
698 148
130 545
333 393
996 387
495 429
943 634
634 198
39 196
539 408
43 498
652 16
612 911
321 688
891 249
93 249
86 142
748 568
38 433
312 34
819 806
814 113
791 447
663 181
643 201
589 37
50 592
52 661
502 724
701 393
325 793
993 762
286 92
329 324
524 640
357 342
797 170
807 588
969 469
768 963
21 708
999 71
299 403
83 153
126 135
545 802
279 537
564 565
628 892
888 504
532 244
845 680
765 3
267 85
471 387
399 844
446 398
914 745
152 348
897 629
483 793
431 761
681 994
325 660
885 564
163 768
159 360
448 924
362 66
360 833
804 759
28 250
508 293
346 659
640 594
287 474
386 69
587 418
62 263
77 299
827 240
418 985
599 217
260 960
283 620
144 438
730 171
687 237
463 32
247 455
977 885
928 714
954 514
131 15
777 208
665 955
447 83
939 45
299 199
356 933
170 500
723 899
22 409
487 485
793 733
291 769
969 218
483 922
84 613
289 860
172 305
814 618
387 104
14 38
654 722
322 823
221 44
73 594
805 911
430 949
995 720
717 964
938 551
885 21
516 525
232 687
830 397
657 568
852 670
957 506
391 279
328 963
674 753
909 478
663 338
426 658
58 495
621 347
397 857
719 264
734 302
951 563
698 959
482 549
628 439
406 371
717 86
685 742
838 945
572 500
283 349
509 692
843 129
38 592
338 108
855 71
409 157
985 458
115 466
358 95
904 764
817 972
849 501
66 38
446 637
537 80
985 398
771 180
526 160
771 215
619 977
285 379
134 621
836 248
87 545
342 342
660 158
666 860
11 731
897 808
719 786
239 703
183 361
234 60
872 4
275 490
981 559
868 466
532 55
713 618
599 407
311 611
916 976
470 278
58 367
85 776
504 675
831 686
35 64
745 906
420 19
395 752
930 614
217 461
668 281
430 619
687 740
229 955
68 50
232 477
416 669
605 919
343 435
956 378
498 701
283 269
71 30
20 1000
643 236
812 663
869 241
281 907
333 861
861 752
910 93
228 678
761 184
948 455
618 904
832 468
604 467
736 26
848 108
378 842
343 189
504 563
782 136
470 114
996 330
217 258
774 444
935 886
980 882
341 597
785 524
416 740
990 504
766 189
611 143
31 305
683 534
868 464
670 337
577 17
666 793
274 440
589 208
677 568
442 17
516 226
541 932
318 882
435 435
423 45
929 453
349 611
986 568
75 7
904 3
376 570
148 649
361 736
209 37
655 2
406 170
579 298
453 896
531 239
682 953
635 610
405 336
221 743
903 647
101 807
649 476
728 796
477 440
883 37
828 537
38 233
59 616
882 863
864 413
454 897
365 88
507 770
775 727
864 678
725 964
836 373
792 563
521 268
354 403
656 181
292 693
766 702
660 647
916 875
59 369
772 424
457 278
545 231
356 408
260 432
723 95
804 514
9 324
781 362
79 436
895 370
480 660
423 492
306 338
718 717
707 489
492 515
118 36
97 825
795 357
256 517
803 412
31 164
87 163
525 165
951 771
886 782
430 308
625 88
646 343
804 352
183 647
866 301
682 962
477 828
670 85
344 473
848 726
988 934
241 512
99 191
635 984
324 64
292 949
503 937
291 658
640 473
304 505
125 337
818 954
164 840
38 860
664 885
585 651
818 825
514 268
367 148
604 691
212 895
991 66
183 281
724 174
753 379
678 230
716 847
183 879
686 220
738 349
456 675
351 625
851 865
893 570
12 496
612 223
742 602
641 276
882 364
449 986
742 478
567 809
676 749
688 714
320 777
414 775
803 765
400 6
629 644
575 640
491 186
215 584
787 855
211 20
570 11
5 663
840 572
472 515
672 511
228 992
639 994
118 442
758 869
447 738
512 21
377 354
558 943
937 344
149 499
715 70
509 719
733 348
642 204
215 314
66 442
657 704
787 774
145 544
643 943
633 506
315 362
860 872
304 148
567 805
999 281
874 507
352 958
207 345
161 421
10 226
214 666
282 1
792 426
896 434
721 529
291 35
890 502
259 545
2 825
349 1000
458 575
506 809
532 712
505 45
484 515
622 698
180 903
698 323
681 593
756 401
121 399
787 362
900 45
907 901
222 607
900 679
181 758
839 713
821 343
757 305
209 378
2 389
633 699
63 313
643 819
713 116
569 851
477 468
896 383
721 117
990 620
147 522
729 337
234 550
31 342
854 240
720 855
980 352
905 42
16 547
212 728
14 780
578 491
600 825
225 320
293 566
939 791
88 668
127 673
569 510
15 422
749 86
628 728
789 532
769 804
430 981
883 796
112 812
286 711
637 862
30 281
428 321
72 867
340 550
539 908
59 553
681 807
990 308
886 778
191 7
581 972
339 463
767 450
627 404
161 263
266 542
543 45
862 966
911 201
868 801
460 926
706 140
85 695
447 970
473 989
328 405
961 666
220 727
116 846
483 628
108 748
169 2
792 31
320 54
583 187
854 43
112 559
534 548
254 333
870 78
321 197
482 633
863 701
712 330
546 194
957 5
941 125
359 732
507 678
785 442
216 990
484 679
549 369
227 154
701 96
231 22
644 64
654 506
117 365
187 14
558 143
19 850
268 729
933 126
758 69
567 973
59 402
651 607
771 229
112 471
676 694
844 320
757 850
177 873
214 364
887 124
506 257
973 125
985 258
251 742
326 817
66 384
342 341
945 805
163 620
498 7
291 255
856 468
479 421
831 717
896 688
973 221
165 309
478 415
402 803
583 467
539 153
535 880
845 831
685 8
802 534
366 93
788 221
912 619
993 94
335 889
133 660
109 297
968 586
711 722
740 646
188 278
150 74
510 995
256 546
354 58
79 719
502 867
939 413
837 283
858 171
171 990
830 279
287 150
216 349
871 956
346 410
233 496
484 94
842 739
639 195
148 718
913 649
936 203
413 772
485 622
294 656
612 124
286 250
273 854
598 143
809 944
904 393
791 387
487 632
478 477
826 977
194 90
978 481
292 390
604 128
12 898
135 975
21 421
224 645
274 173
139 434
468 42
178 258
781 664
889 258
141 66
586 686
155 563
519 446
305 122
574 668
371 708
642 391
480 217
387 105
389 525
890 209
919 68
466 699
83 707
308 575
772 893
261 927
456 131
724 760
604 297
427 975
357 420
717 188
636 104
645 376
980 534
584 898
601 402
596 684
108 903
258 879
796 870
157 603
352 881
714 956
177 140
930 885
559 646
425 546
749 69
273 729
602 857
626 203
610 574
238 717
476 847
947 623
69 104
577 420
984 290
375 512
781 304
749 339
302 173
236 50
241 509
130 842
717 108
396 326
681 985
394 156
184 340
131 252
443 707
671 778
349 398
642 129
701 390
820 2
562 55
404 154
915 885
347 631
992 95
308 672
79 701
180 262
393 662
865 187
720 536
965 68
933 606
197 985
347 368
339 908
422 94
413 689
978 759
671 970
853 979
993 284
31 172
545 775
833 410
962 553
297 278
972 581
883 520
565 581
887 903
488 661
348 900
349 326
10 19
295 863
349 287
146 732
811 42
506 995
803 467
899 99
744 871
679 978
390 596
558 277
850 397
289 198
648 637
523 658
7 169
872 708
807 369
439 969
410 944
964 213
763 862
663 858
84 694
836 826
641 745
454 490
494 742
39 493
378 561
150 736
81 373
443 240
741 881
208 151
177 523
715 939
385 729
148 820
774 335
645 414
80 98
904 925
839 942
417 568
855 919
304 287
291 746
878 384
979 86
886 507
608 600
797 344
680 944
516 454
279 160
867 710
258 122
634 448
416 402
368 622
320 671
260 963
768 138
346 98
223 231
604 182
182 400
878 213
696 393
666 974
904 885
35 513
358 20
961 125
421 328
746 93
350 6
407 469
143 752
919 717
334 874
250 867
274 479
79 321
871 745
294 127
981 680
639 690
699 599
815 471
278 912
915 979
917 321
800 411
72 718
479 757
591 81
623 216
559 702
888 782
798 533
908 130
212 546
819 262
497 633
733 126
545 647
105 813
968 256
576 391
973 406
500 915
486 122
483 397
175 722
178 972
255 437
101 466
982 272
728 830
904 812
956 800
810 412
965 129
667 892
520 991
649 19
257 135
492 91
883 667
813 412
990 67
848 91
884 181
714 963
11 617
774 318
769 936
729 85
64 395
328 583
737 976
953 993
462 797
84 344
463 248
755 452
314 602
894 549
135 607
512 497
576 637
814 696
572 894
132 636
288 459
218 376
786 523
368 248
319 803
591 133
50 698
936 715
651 182
264 785
788 775
281 715
763 446
762 335
339 893
970 978
703 539
353 489
61 73
88 731
227 678
215 629
375 151
343 26
332 958
162 471
84 795
538 847
240 299
181 579
544 150
908 598
40 261
438 453
685 525
183 911
203 750
539 929
900 234
306 583
191 468
405 275
614 942
473 853
593 653
783 136
154 691
85 193
303 523
645 987
47 180
249 601
929 788
530 180
21 187
114 563
6 518
189 619
460 661
824 52
665 606
539 170
648 975
715 950
497 359
288 544
890 537
496 170
676 377
701 696
564 814
610 569
332 799
540 143
811 363
546 828
968 436
997 968
410 711
917 907
422 557
802 311
93 297
833 120
674 533
815 589
699 776
509 30
574 48
524 737
410 69
564 730
504 560
697 913
271 965
171 44
521 324
354 965
973 538
84 998
71 250
586 121
26 94
150 951
142 25
39 903
93 602
632 948
514 328
860 136
293 383
179 165
706 532
482 678
422 565
27 844
167 612
964 544
58 465
846 199
489 885
453 581
838 85
528 351
412 739
486 56
473 664
573 531
548 54
560 969
970 587
812 136
198 127
31 255
591 877
805 79
113 258
11 950
694 890
301 457
980 138
513 453
802 437
983 701
490 542
669 459
480 832
947 678
310 977
284 900
205 441
978 317
50 340
267 95
229 919
551 208
56 415
660 209
851 994
909 340
888 929
151 367
112 449
396 421
425 32
320 982
472 649
298 873
988 916
967 216
834 517
776 242
284 787
450 134
133 711
826 20
639 328
738 751
776 134
171 552
165 843
533 988
491 831
212 479
98 530
46 284
398 173
525 681
960 326
167 92
36 992
463 675
319 200
425 446
685 947
997 201
789 530
188 280
712 751
110 809
280 507
444 678
32 968
358 991
294 876
434 329
867 896
355 537
447 131
334 132
78 331
684 218
212 224
497 275
974 958
435 606
817 879
283 848
846 992
190 491
868 975
172 86
222 526
975 668
657 308
151 86
638 835
303 201
58 152
475 383
461 910
988 277
140 270
476 985
614 665
828 833
639 999
918 860
876 892
880 532
200 382
969 189
216 272
390 625
775 216
8 235
477 995
864 616
617 339
953 582
356 780
414 346
778 331
558 653
575 437
537 774
818 857
314 386
128 703
10 254
271 369
489 747
364 704
363 332
394 667
913 749
446 326
447 575
8 4
579 582
792 467
707 961
324 21
346 803
75 708
57 697
76 897
444 791
600 158
474 993
824 738
94 621
63 540
195 423
543 125
356 686
592 63
646 915
435 992
717 509
51 773
558 478
21 1
621 620
510 94
965 685
832 410
305 246
949 851
20 843
975 376
528 918
438 173
832 224
516 901
732 918
25 641
396 46
641 368
17 502
813 333
186 996
742 490
594 42
692 613
884 19
988 763
936 777
288 120
1000 155
372 84
73 396
724 820
793 365
187 162
866 999
846 404
995 588
245 940
981 937
552 217
307 540
979 594
316 618
713 668
773 436
751 845
184 474
664 328
190 202
489 408
552 335
811 898
274 55
837 606
343 389
822 649
928 153
243 595
770 307
262 542
95 364
386 278
838 401
605 27
602 446
434 154
780 596
51 405
3 888
10 345
628 832
994 907
336 588
853 105
246 115
647 340
478 384
617 667
785 222
46 738
667 831
243 798
427 294
554 429
533 915
773 512
98 118
418 433
57 270
538 303
736 184
642 566
567 259
232 703
832 277
441 850
108 683
328 904
314 212
818 438
723 916
908 140
348 964
762 885
618 497
68 260
62 987
870 294
689 53
922 129
254 381
164 252
266 491
155 931
55 324
721 777
239 980
269 587
295 30
471 913
526 891
524 588
877 393
233 565
797 506
46 50
887 209
653 504
51 159
787 105
482 507
882 721
486 502
659 132
531 129
44 408
19 567
347 895
311 931
812 459
437 857
860 675
65 864
178 115
22 964
572 856
822 453
928 659
306 586
791 836
714 186
595 85
105 942
331 415
872 142
226 660
998 85
334 414
949 512
529 322
827 100
529 649
904 808
659 561
393 449
396 459
635 342
543 739
283 873
505 507
367 730
166 364
167 500
778 467
363 658
140 189
109 21
189 364
828 848
924 221
648 671
31 282
12 573
372 647
797 877
153 163
958 670
879 476
521 8
294 883
665 434
424 125
454 964
488 281
163 763
853 811
785 883
444 796
807 816
794 956
44 298
118 353
968 348
181 488
355 474
723 371
259 498
495 64
461 334
697 976
448 901
786 232
784 581
28 590
396 173
545 791
471 15
496 438
714 28
277 69
501 999
439 112
848 286
527 309
971 223
284 419
476 421
650 259
1 29
200 749
202 97
891 672
463 386
461 176
413 737
596 266
88 35
729 935
672 607
595 642
182 230
60 657
650 62
915 3
90 466
751 643
562 993
314 24
731 126
552 495
215 147
112 302
533 840
588 204
447 535
846 628
764 257
636 766
318 550
120 408
15 222
402 929
214 716
304 944
193 855
439 407
354 550
60 886
742 1000
90 540
534 287
519 649
543 154
766 213
55 885
972 69
106 373
349 320
440 653
615 633
859 53
39 212
955 451
98 696
450 539
235 335
825 753
983 719
258 101
931 312
985 902
732 443
275 81
114 714
85 728
698 943
133 737
155 439
539 604
134 340
142 720
674 966
824 8
36 81
108 967
392 445
868 123
887 494
555 352
208 639
431 905
582 563
993 88
353 883
691 486
222 184
557 895
149 380
255 536
812 362
502 203
158 722
678 396
747 774
223 178
31 156
92 23
595 445
906 285
282 479
820 839
374 968
570 628
503 382
341 357
936 499
78 965
894 292
549 993
418 123
522 448
278 613
470 224
409 727
860 43
558 679
881 931
998 802
910 852
183 602
208 119
100 285
83 346
929 983
338 346
105 859
793 734
823 614
957 584
693 168
626 250
846 858
532 843
659 793
695 194
394 902
664 846
539 98
191 819
81 880
516 537
738 660
271 912
273 579
495 317
747 472
918 592
681 801
787 692
593 481
885 987
734 548
832 272
645 374
442 77
253 957
614 342
616 236
253 241
814 100
557 912
923 827
856 604
627 642
295 220
474 531
558 207
78 741
831 74
114 272
151 366
229 764
707 196
999 311
436 164
410 345
428 685
171 283
288 797
276 934
368 749
464 277
307 893
369 137
966 482
761 468
199 341
231 257
536 581
920 324
745 329
668 172
13 190
806 652
338 433
585 58
181 400
334 839
292 703
328 610
536 88
77 87
780 660
343 667
592 262
342 688
943 9
211 307
550 16
311 888
448 895
945 980
647 630
171 290
332 498
251 220
937 328
306 68
339 648
734 282
262 76
970 556
436 180
862 986
548 172
225 347
419 169
679 417
798 849
706 482
346 957
701 634
636 6
701 326
5 786
607 266
861 576
173 649
108 35
986 655
558 210
353 976
730 31
392 527
231 450
360 576
406 60
561 41
417 261
366 774
399 324
391 611
900 564
259 7
598 596
13 155
805 365
483 534
748 226
413 978
675 772
906 432
184 466
472 952
79 189
725 477
513 116
439 764
679 698
122 628
293 134
134 450
850 968
335 949
194 747
927 220
871 184
652 54
1 475
357 79
16 82
907 528
549 698
643 579
395 764
558 39
249 691
840 98
11 175
47 204
921 325
775 143
508 426
548 508
253 905
939 268
338 197
147 886
894 789
816 640
552 373
31 152
415 870
249 425
44 647
980 317
323 755
459 830
532 7
690 784
263 980
403 600
528 549
837 774
689 652
413 592
376 443
743 790
665 344
215 60
990 194
728 665
300 187
846 184
545 535
319 807
866 722
758 394
622 946
167 663
597 931
254 324
726 349
113 390
692 679
801 33
225 529
697 524
67 543
707 611
429 26
769 647
99 878
40 72
823 558
734 771
488 340
94 565
688 558
954 379
237 107
763 813
635 812
688 701
354 395
663 134
772 431
780 222
660 171
293 482
728 27
252 568
366 697
132 53
606 438
783 194
544 897
6 178
708 694
230 61
440 892
547 211
322 326
784 981
849 76
814 576
454 417
495 819
465 627
223 70
64 357
264 959
254 269
488 961
962 717
374 401
608 272
963 281
949 746
613 797
174 778
373 627
194 867
798 658
845 20
727 260
729 990
218 334
611 705
294 924
773 19
325 732
642 639
12 591
387 910
753 111
536 946
978 685
955 174
57 682
434 785
23 3
118 985
60 763
909 832
134 585
564 775
575 927
365 311
903 752
572 7
862 460
305 191
144 259
717 200
292 150
984 667
504 453
651 563
568 559
747 53
495 310
827 70
588 544
380 842
647 952
849 860
411 153
403 906
411 119
106 703
620 441
721 123
246 371
38 813
282 784
865 128
445 43
197 32
586 929
874 584
232 74
444 994
226 846
899 988
964 356
42 935
797 762
57 394
485 446
206 766
229 422
893 673
816 442
57 754
370 282
337 953
355 780
946 932
625 196
919 940
552 313
874 700
426 283
93 910
80 298
27 309
71 272
333 886
713 389
991 434
22 328
386 728
107 683
659 84
878 930
375 429
594 249
128 19
883 572
929 962
869 955
622 291
226 955
529 290
695 519
75 69
846 460
796 305
494 807
388 724
736 762
152 681
362 632
699 596
203 627
910 424
934 531
66 511
837 946
801 884
465 875
304 662
687 99
966 532
905 353
255 992
467 759
672 828
742 723
776 296
349 685
719 282
567 137
145 756
82 945
639 898
171 294
560 857
392 525
741 649
230 995
992 696
753 16
875 494
738 650
790 438
686 860
72 253
348 216
8 430
512 998
327 682
291 886
891 34
763 631
34 992
625 378
39 730
393 265
575 482
267 364
271 952
576 342
556 923
909 915
352 420
912 31
454 554
268 344
940 30
326 973
373 302
702 763
31 446
28 606
927 294
321 550
597 896
891 153
171 152
67 522
923 331
904 376
236 172
71 175
201 396
500 574
50 201
336 432
647 715
37 925
360 710
474 309
957 717
461 127
868 879
1 790
561 904
166 797
75 588
971 628
984 822
553 33
23 240
464 669
955 853
593 666
914 419
974 870
135 786
349 2
665 349
143 577
252 308
373 679
896 696
658 231
517 210
615 891
449 430
911 755
634 856
773 547
274 746
769 408
532 117
761 548
465 903
124 68
563 849
98 810
896 755
40 764
316 6
655 117
787 917
871 421
772 643
319 45
741 87
804 272
555 564
171 371
467 646
439 29
846 888
838 741
995 229
857 310
234 511
426 372
427 649
792 551
643 463
595 735
901 751
358 456
314 528
826 780
526 616
160 371
856 349
464 850
577 320
159 162
830 937
534 608
937 677
158 931
139 105
666 40
207 23
847 520
551 672
652 76
640 811
798 495
160 261
344 88
580 854
250 761
142 783
721 78
811 878
9 950
334 674
341 540
696 187
412 598
210 63
25 849
225 823
695 736
83 38
824 15
244 73
775 385
207 495
463 17
725 823
318 410
496 658
302 543
844 713
141 54
127 517
254 351
339 949
87 774
338 262
788 581
334 914
966 892
409 780
260 485
602 578
894 449
587 195
991 431
259 483
836 385
1000 441
736 690
741 174
815 79
435 954
11 120
868 328
363 628
107 622
112 60
551 5
508 138
552 851
920 810
333 107
195 684
899 282
374 640
455 540
718 241
494 728
712 361
56 74
988 514
47 99
574 598
455 81
87 6
283 358
816 616
464 362
651 362
643 376
353 449
916 70
41 409
150 752
121 557
825 108
70 223
558 643
820 12
76 258
18 358
615 185
325 430
546 328
144 540
703 496
340 618
918 380
378 67
483 498
975 659
605 44
881 514
39 53
526 466
310 895
175 277
431 500
58 328
827 553
867 881
49 558
499 318
937 876
736 771
374 710
429 330
753 309
844 143
361 721
608 23
967 783
651 397
634 708
724 812
261 590
692 661
147 190
978 435
418 65
205 143
774 985
824 878
293 19
21 6
739 980
28 705
762 30
453 395
737 176
558 997
117 250
9 615
791 986
401 560
402 605
702 175
941 878
405 234
896 777
591 987
756 970
691 518
999 144
264 735
671 822
84 788
423 92
402 213
430 803
125 831
759 826
358 700
703 762
285 599
538 875
937 645
844 627
162 842
122 778
928 145
951 363
932 725
455 685
937 236
839 413
66 598
239 775
649 293
888 933
243 777
159 179
422 354
158 583
547 631
712 474
775 14
837 58
738 643
743 27
878 581
439 295
530 677
422 530
322 309
462 564
86 972
95 507
325 252
441 871
882 505
697 9
518 885
66 256
879 808
282 756
741 720
402 270
749 175
800 70
484 613
985 921
937 79
427 261
682 219
484 564
723 532
924 241
416 989
496 294
149 129
401 889
848 154
510 948
329 661
17 812
626 354
84 562
784 862
822 466
80 657
381 803
188 304
395 603
292 242
248 440
370 648
680 217
802 190
165 482
850 533
645 475
238 728
388 22
589 210
487 20
218 867
822 406
170 568
360 813
809 960
605 178
607 284
747 760
473 263
593 675
147 237
501 385
964 889
406 904
450 892
924 667
110 97
424 631
665 136
443 473
95 47
3 53
331 749
165 155
11 757
829 157
994 330
893 309
218 298
213 667
541 488
685 650
584 109
280 248
596 75
73 690
121 427
742 803
175 258
958 537
15 786
45 360
467 938
668 36
587 232
702 128
719 739
129 303
199 409
902 794
835 326
483 955
752 576
758 278
834 67
166 200
204 211
559 671
500 578
706 438
162 760
565 880
498 46
534 48
806 788
841 640
113 675
594 217
602 703
494 787
769 12
986 973
222 896
995 73
826 700
510 987
811 427
218 660
472 752
707 629
891 899
268 355
573 861
571 175
916 417
961 36
428 299
8 1
194 354
425 19
406 286
357 216
64 575
876 887
678 934
515 568
833 782
922 757
995 845
931 910
613 244
945 40
542 305
392 735
658 816
106 63
453 814
631 517
388 858
403 417
143 918
336 975
699 258
84 693
454 14
954 66
257 899
457 150
555 848
237 564
15 694
979 467
507 961
983 247
818 738
663 960
655 999
287 705
608 370
398 61
735 703
478 344
601 934
493 507
133 81
423 499
774 401
317 281
713 300
527 530
389 541
841 43
891 479
747 498
200 496
910 935
199 739
630 151
24 474
10 156
555 432
6 328
184 323
960 896
974 838
777 362
379 617
404 269
448 502
119 647
998 28
581 548
119 562
698 142
36 59
650 942
490 655
269 673
977 581
920 950
418 696
663 148
665 66
769 112
920 887
758 269
266 691
816 384
604 865
526 639
924 175
580 765
181 201
790 158
133 709
459 550
757 122
50 773
539 818
236 458
56 993
78 321
35 893
57 639
110 934
629 385
460 561
149 640
113 290
149 245
351 608
146 107
729 195
879 619
364 114
77 419
458 506
92 845
751 500
835 860
433 815
596 244
727 96
883 839
386 32
435 736
991 933
194 71
479 72
689 843
537 117
613 346
623 56
542 373
907 376
584 339
543 179
934 269
274 817
460 11
200 894
746 542
826 939
612 305
362 652
499 250
769 463
596 743
519 489
115 425
217 50
116 759
228 49
379 853
217 838
864 768
84 961
309 261
252 272
917 613
924 415
863 44
230 810
786 748
298 252
524 866
301 991
624 880
392 3
732 960
192 947
728 275
260 388
888 511
660 804
123 935
571 337
978 800
498 763
899 148
14 422
13 666
765 637
545 156
991 628
115 182
927 194
809 186
582 696
696 593
851 170
527 421
507 504
220 356
618 470
503 631
244 516
648 8
152 544
163 494
171 629
27 97
823 835
634 756
882 681
348 733
851 874
505 709
377 77
64 994
546 567
976 789
82 975
796 585
518 310
78 688
939 456
137 113
643 122
868 524
803 215
608 653
88 113
713 816
189 128
161 86
694 488
875 127
462 670
63 979
332 492
18 622
948 154
734 590
276 601
465 78
167 73
82 606
537 794
421 77
921 933
162 967
420 36
445 881
58 508
859 389
351 876
10 298
382 95
239 9
47 704
86 213
128 519
818 16
664 590
92 936
874 253
254 293
641 699
525 698
558 735
438 908
610 799
558 343
893 148
351 939
851 788
151 330
658 320
345 321
261 436
609 134
41 862
778 33
560 302
82 469
36 519
729 997
317 286
692 561
433 394
499 636
182 1
317 839
672 662
512 932
449 120
417 489
333 546
873 893
199 954
713 234
472 441
582 140
78 273
700 511
667 550
498 200
550 814
390 573
827 253
856 276
372 624
116 57
169 989
949 367
942 13
952 766
454 534
905 531
158 957
393 176
858 242
727 760
56 117
332 882
721 188
509 93
811 625
149 980
613 449
698 906
813 650
671 266
535 928
149 44
236 893
220 93
135 298
204 542
766 536
775 487
75 284
931 885
908 431
216 872
231 266
129 43
915 152
309 801
79 809
844 666
701 415
110 835
713 314
728 478
201 503
964 275
786 894
511 45
324 79
268 554
344 748
597 610
899 257
410 329
417 605
994 117
20 456
304 732
769 383
209 321
885 525
947 22
418 457
418 94
887 685
999 582
433 947
543 683
203 304
12 971
909 5
440 928
812 743
11 932
477 571
252 362
95 198
383 865
7 153
310 245
837 308
827 621
255 721
656 809
25 667
780 285
23 219
212 835
313 574
766 789
144 18
502 591
567 237
807 925
389 116
170 577
775 996
550 29
68 205
190 92
871 969
376 893
539 939
79 851
864 845
991 360
214 493
950 132
729 108
57 117
575 226
693 349
573 242
730 640
446 919
84 668
239 459
913 777
750 991
979 613
835 969
972 400
813 273
532 541
380 588
9 954
165 54
655 737
647 384
728 445
654 811
112 892
270 24
20 371
15 350
335 201
670 307
601 483
931 484
375 311
423 736
616 587
789 270
675 787
5 402
231 658
213 343
901 834
718 272
204 732
621 538
285 291
196 237
125 127
720 499
789 142
234 756
80 374
26 754
161 382
155 391
392 367
85 292
552 803
916 107
886 536
645 522
178 192
758 302
670 829
801 458
970 386
566 401
112 591
154 624
324 309
366 715
27 451
359 579
605 274
37 842
161 33
364 339
225 473
640 246
302 792
56 623
530 621
24 641
563 177
264 886
837 629
953 216
431 311
146 35
584 182
229 744
215 944
434 791
416 74
36 717
865 91
340 394
711 715
386 273
243 649
511 80
630 463
647 60
773 792
447 708
325 675
803 539
970 237
329 385
310 717
454 526
807 793
272 518
859 657
142 101
658 652
180 287
114 178
698 238
969 144
945 294
170 100
184 139
336 865
876 997
581 329
874 387
473 145
256 331
154 750
431 811
401 963
449 867
140 498
104 461
994 401
106 515
500 289
654 835
505 881
183 85
209 56
824 681
553 431
363 58
180 793
868 933
755 668
799 247
165 902
707 158
302 812
25 153
452 678
339 957
910 521
393 118
929 568
150 833
351 512
890 530
656 109
814 763
128 612
9 292
866 67
802 519
878 826
672 681
855 10
989 116
531 734
233 811
653 734
643 3
597 884
885 252
992 698
366 119
310 374
762 527
792 915
45 669
92 716
702 298
726 690
413 608
775 997
770 428
730 764
430 678
647 666
282 638
364 647
108 25
373 221
551 164
136 947
185 227
663 886
877 740
927 289
699 54
286 468
481 367
231 262
45 877
928 678
866 643
324 325
667 48
545 569
212 32
515 748
611 529
985 487
620 263
775 318
316 412
785 796
779 367
58 175
595 337
852 812
979 527
136 645
575 33
565 138
64 431
885 674
960 221
512 579
483 287
249 799
698 33
594 828
752 3
2 346
691 205
510 669
84 997
665 658
29 229
147 445
12 383
118 323
603 630
901 85
268 501
883 317
886 829
145 637
183 498
703 843
542 138
840 207
795 220
787 293
664 798
675 134
472 277
115 725
361 734
225 596
50 110
424 546
746 606
44 432
831 98
626 373
235 817
931 381
37 69
673 52
219 699
185 690
975 651
414 687
384 639
282 434
748 57
979 846
15 374
277 845
471 254
569 57
71 851
437 107
920 461
158 138
159 695
827 485
697 241
172 81
879 805
866 978
214 196
823 228
922 451
424 392
705 345
801 127
195 589
233 114
50 742
251 208
788 78
45 485
670 216
917 548
372 782
525 585
329 700
164 250
502 940
994 206
284 794
332 478
382 916
944 783
10 546
343 149
975 387
633 644
602 901
543 325
682 68
910 363
119 73
964 620
12 957
178 647
102 861
477 836
777 772
618 138
317 960
286 292
698 271
935 651
171 478
976 205
897 885
567 15
309 530
986 673
839 163
319 940
376 147
127 152
918 745
641 235
56 926
878 754
196 812
756 367
641 731
571 537
615 489
903 276
18 241
948 208
755 618
500 130
117 626
633 34
722 273
620 778
551 497
883 746
661 638
464 301
721 386
190 687
874 444
962 244
36 261
803 791
231 302
920 347
928 905
732 649
177 352
778 79
200 12
177 860
2 640
513 722
378 54
408 603
497 722
846 885
982 1
675 212
302 946
558 229
850 290
230 379
993 7
457 192
371 633
404 372
625 268
445 2
321 852
604 169
925 802
53 907
802 79
470 455
25 380
684 874
21 913
604 365
271 61
556 641
45 311
364 669
578 808
22 250
660 978
419 936
131 823
842 284
902 664
738 926
43 421
151 415
685 755
779 308
167 686
948 563
997 312
584 926
119 957
176 130
934 946
66 64
768 259
347 669
274 85
946 316
857 97
82 894
203 860
201 721
546 500
635 894
163 218
819 634
175 346
115 460
643 180
876 411
791 574
431 64
10 377
732 867
825 813
760 379
25 312
451 570
811 85
815 326
655 985
959 181
331 73
640 973
605 515
735 395
89 518
810 98
894 893
316 70
706 427
800 82
738 250
651 901
686 465
226 340
449 536
872 131
608 512
456 212
378 542
958 818
59 120
916 304
12 583
373 69
10 524
150 99
773 152
351 811
968 928
502 417
463 374
899 423
885 354
634 262
896 944
80 954
415 347
258 426
281 982
847 642
506 348
93 630
500 443
440 467
723 942
235 537
315 486
959 551
839 945
164 86
888 595
392 302
293 1
79 574
334 277
215 839
625 307
821 476
102 612
294 176
553 881
712 219
366 671
121 556
615 285
642 854
231 385
155 524
385 585
449 718
214 663
909 190
322 81
665 775
692 310
950 597
190 661
167 907
331 288
463 297
924 456
150 506
840 656
29 576
593 477
645 806
492 553
995 165
633 11
939 677
320 240
273 862
900 439
768 583
78 230
879 1
685 381
507 876
36 887
451 628
716 96
785 207
1000 779
371 985
789 661
661 461
900 933
322 151
723 89
85 801
319 316
153 355
696 11
231 731
898 33
711 965
128 495
171 480
626 893
464 766
905 124
226 804
408 547
306 130
636 391
282 306
706 435
12 401
797 242
483 46
627 545
10 754
392 180
233 17
424 48
782 328
523 360
483 930
258 789
412 893
531 45
550 236
831 914
636 628
507 470
673 133
15 683
887 758
214 471
774 990
871 907
669 393
618 152
675 876
292 86
120 822
130 670
57 961
935 44
940 441
865 612
574 879
646 812
636 860
634 761
849 504
20 869
897 637
20 571
512 663
8 632
484 489
653 892
801 587
287 740
27 152
704 952
382 349
763 370
560 397
482 760
900 501
629 148
490 648
718 1
663 725
984 498
566 988
390 366
926 28
106 953
531 809
256 913
509 19
634 69
415 115
828 666
968 456
814 457
456 883
809 118
960 145
615 525
132 356
890 58
736 347
362 266
507 617
530 16
635 163
84 401
278 911
419 597
719 584
53 174
466 213
291 777
357 257
301 489
613 543
898 348
241 259
613 748
227 143
115 214
657 198
966 286
460 384
882 178
967 934
351 785
147 993
561 855
250 214
343 214
756 592
913 348
202 525
447 429
19 561
642 28
110 607
313 922
343 195
99 309
480 802
445 978
146 6
833 395
219 527
119 872
673 320
749 120
100 767
32 741
146 142
700 459
63 394
5 513
54 484
314 499
814 812
504 998
558 74
524 518
751 994
389 423
666 137
894 765
256 926
858 401
419 909
211 481
302 215
993 355
51 659
853 864
822 708
861 379
133 736
896 883
730 285
658 395
773 903
511 28
828 368
781 598
276 991
78 577
558 423
284 608
433 488
548 683
632 680
418 880
915 147
164 572
893 288
474 404
668 654
123 800
251 399
790 681
327 699
455 962
306 887
450 776
140 349
458 123
28 228
2 294
726 517
217 619
805 43
374 472
48 496
623 650
246 412
330 925
111 784
886 768
22 687
544 161
35 353
636 415
580 637
708 306
506 925
276 310
319 1
133 366
496 755
15 94
518 345
18 980
480 903
748 502
590 643
14 976
347 1
390 279
638 450
936 143
726 211
804 44
563 288
409 58
394 423
503 911
119 520
243 599
775 990
452 364
984 465
691 330
466 81
608 455
530 543
949 255
105 104
298 667
391 58
77 784
480 579
46 599
99 288
197 873
277 1000
588 612
816 278
942 633
710 549
87 591
444 387
197 548
490 846
215 880
903 291
15 383
221 61
981 319
348 529
543 977
880 482
588 695
112 529
328 821
430 766
764 225
153 960
772 642
806 338
874 708
980 888
442 201
948 774
519 648
654 414
624 533
247 563
228 358
92 555
531 873
320 294
97 824
605 220
466 762
558 691
822 537
578 263
737 878
37 608
877 42
373 500
575 619
62 802
329 505
708 859
729 27
504 177
851 108
397 668
870 306
358 691
842 287
305 931
516 693
890 392
243 309
232 305
462 560
161 169
770 242
547 273
418 749
381 814
768 602
471 477
292 313
116 948
595 631
641 836
375 375
449 617
35 32
273 496
944 434
664 713
675 562
338 444
663 70
610 430
671 80
907 314
744 22
261 690
4 901
525 378
627 325
995 661
709 267
156 652
52 171
716 78
85 405
522 747
474 483
176 144
562 434
457 306
807 70
995 811
970 872
188 949
196 534
609 904
153 117
907 204
639 975
634 723
379 507
821 205
989 349
348 550
782 157
207 589
226 202
399 547
73 938
495 620
472 456
876 624
572 782
179 562
108 812
285 839
670 457
43 658
805 742
560 939
898 766
527 475
319 277
22 743
566 516
363 37
323 238
12 894
371 191
456 479
354 92
317 376
900 711
385 705
452 944
643 350
62 521
176 732
149 197
475 714
65 837
103 387
74 466
633 796
8 440
274 714
883 942
89 782
4 473
486 456
769 480
157 182
352 332
913 500
881 387
566 945
223 20
683 648
485 315
444 493
106 69
206 988
363 294
770 366
118 607
821 238
439 329
419 790
661 332
642 541
70 559
837 645
578 519
292 62
186 87
906 291
508 111
279 870
756 400
235 874
358 408
463 148
736 882
938 748
565 931
640 634
841 828
278 418
347 922
831 884
8 737
174 867
847 804
736 603
555 323
828 913
730 290
60 817
523 349
917 87
631 556
721 471
384 350
240 82
271 71
965 631
807 490
497 653
646 233
607 200
907 786
464 636
428 876
804 950
576 720
389 207
276 109
29 11
458 269
444 81
339 760
711 497
249 207
501 246
791 108
446 697
245 261
684 672
136 488
974 64
207 362
622 834
470 650
196 279
270 639
711 960
398 421
456 999
980 957
244 770
416 41
819 660
302 502
684 789
341 657
852 548
18 825
381 839
827 577
469 96
567 180
408 965
600 215
315 579
171 558
701 938
951 871
950 252
372 633
392 713
289 596
612 658
420 344
496 246
272 964
694 839
495 101
155 95
315 469
25 838
378 77
775 328
947 724
931 671
356 323
735 996
918 346
653 337
689 148
935 961
464 628
151 958
728 657
404 394
125 781
231 854
857 358
182 156
81 464
826 789
786 560
136 55
905 789
744 945
288 678
257 751
657 407
61 736
63 816
129 539
596 712
745 805
69 926
960 501
389 785
641 527
696 777
581 952
565 324
896 852
353 505
955 9
263 367
744 678
182 873
216 778
584 960
934 4
237 893
504 978
29 145
504 724
273 436
27 837
112 274
40 464
778 346
473 41
712 568
718 246
440 285
597 308
730 185
200 586
162 580
730 17
655 354
805 681
190 916
306 581
379 84
927 203
476 990
771 545
587 562
829 961
289 777
620 18
962 171
603 475
750 684
844 404
37 648
436 578
563 742
159 941
177 437
496 652
778 266
196 365
827 376
677 115
505 297
485 466
467 87
292 569
123 135
324 159
782 760
89 344
853 247
637 29
35 132
32 812
749 579
528 575
306 557
42 810
853 526
627 671
964 919
239 86
405 563
597 187
674 685
882 526
283 518
906 669
1 937
832 749
867 360
676 172
268 717
982 120
594 960
142 909
878 381
995 283
295 943
821 968
979 702
845 613
572 102
281 924
390 112
673 256
823 700
427 90
416 408
561 361
720 703
269 597
435 615
231 81
557 403
400 887
457 244
499 28
697 779
951 86
243 975
341 417
674 767
859 441
527 419
801 246
473 422
194 259
36 777
339 945
179 738
831 635
333 682
14 29
460 317
466 54
643 806
471 317
925 329
757 803
99 910
400 924
683 593
182 70
721 521
14 252
610 197
238 943
878 604
323 689
920 789
95 562
946 917
230 222
245 339
24 695
600 423
618 282
368 800
351 440
672 717
691 281
265 929
575 494
884 898
534 803
38 628
716 983
544 946
205 140
636 580
187 235
355 804
516 74
955 218
513 626
286 204
259 550
484 833
395 367
82 929
521 119
908 588
454 804
533 10
295 168
589 481
754 295
637 269
368 591
839 881
569 124
436 827
26 271
11 772
989 93
700 509
211 960
96 16
763 981
25 409
500 966
890 254
260 878
874 628
820 712
860 740
188 295
566 565
565 929
336 553
21 388
413 583
699 860
599 813
840 975
221 692
940 110
945 552
339 170
531 159
234 390
898 421
684 816
337 600
744 24
504 116
763 916
698 461
775 648
273 967
623 494
658 914
955 954
465 294
123 347
804 356
736 701
128 771
868 816
722 611
840 225
78 602
492 128
415 619
775 39
585 749
532 594
663 839
899 479
484 21
826 287
729 913
339 856
684 207
24 405
169 863
630 247
816 473
374 582
91 500
621 27
249 152
342 870
93 825
891 918
111 971
183 802
178 866
8 201
622 176
415 603
774 231
76 499
164 166
999 784
193 599
288 164
861 629
34 305
806 276
575 916
246 757
69 423
622 76
976 595
604 390
198 377
972 625
876 136
790 226
919 334
824 558
850 36
340 992
510 914
259 107
670 328
881 643
755 856
590 358
246 787
87 217
411 314
352 552
539 623
238 714
180 439
749 718
673 440
61 534
706 320
640 727
999 520
722 753
728 311
463 973
449 549
541 211
862 245
762 752
867 351
465 398
789 565
116 461
356 176
346 61
847 985
788 197
857 509
302 584
819 764
908 619
664 448
829 525
44 590
276 262
293 92
660 433
656 127
246 11
654 591
72 501
576 211
49 784
71 350
367 241
113 274
859 776
73 687
652 117
628 279
378 920
370 389
353 377
515 598
740 169
540 163
21 115
373 421
898 443
771 616
683 235
241 893
363 314
579 366
430 206
645 159
478 366
548 182
743 414
131 482
934 670
644 306
785 368
727 34
162 849
650 196
83 242
88 797
555 18
163 336
223 807
495 52
524 394
233 266
807 363
99 93
33 94
398 169
813 124
202 974
324 203
521 407
445 608
203 351
625 717
687 200
523 533
278 484
16 84
846 115
528 230
560 926
398 725
401 600
50 725
154 571
483 950
530 685
301 507
754 987
706 276
871 308
26 148
791 42
583 989
218 419
36 616
143 788
567 193
512 720
763 994
670 292
31 970
798 784
308 855
411 530
163 437
677 305
830 611
293 337
721 863
755 108
830 898
248 396
90 759
467 204
105 136
847 135
457 645
270 116
851 680
645 13
468 673
318 297
636 962
633 708
824 740
816 653
637 63
400 78
173 867
633 277
354 479
763 163
475 32
278 326
64 275
338 883
299 7
180 934
321 164
994 144
903 809
149 891
223 900
320 747
766 304
376 120
783 138
282 257
522 911
934 937
537 624
819 188
982 350
473 302
514 466
446 768
626 946
11 200
845 330
947 963
634 322
82 768
811 715
376 684
977 310
620 866
285 791
53 266
140 525
568 5
343 365
773 968
662 783
168 506
464 114
468 449
787 901
216 949
967 944
633 296
605 604
161 889
746 565
154 886
441 73
890 783
437 14
751 98
796 918
956 612
383 775
60 521
28 628
821 994
923 805
409 153
415 154
717 920
391 158
993 281
940 781
646 42
231 442
311 186
405 45
312 816
565 339
795 386
333 717
542 325
243 950
478 9
456 194
929 198
703 273
830 995
405 476
36 635
269 699
172 673
743 484
488 308
174 283
45 858
351 586
183 594
888 660
602 695
853 882
244 908
154 74
902 911
549 289
897 817
987 69
841 730
904 328
389 77
962 785
935 313
722 469
258 961
128 211
7 332
93 251
239 598
324 492
508 224
781 405
392 119
825 232
200 80
911 588
508 873
724 794
537 446
262 146
758 389
356 765
73 448
15 311
398 690
155 905
913 935
661 304
405 837
887 605
916 797
192 424
21 268
569 557
65 831
54 822
571 410
938 643
209 304
954 606
993 460
863 257
394 875
912 798
712 798
402 979
595 946
754 615
565 323
524 629
153 577
802 723
338 740
718 547
43 23
152 388
482 366
644 875
241 556
24 952
705 778
282 299
75 36
266 639
358 141
619 862
717 420
936 55
511 653
953 554
675 456
941 156
822 936
382 62
843 406
365 548
535 646
198 961
681 463
599 390
603 569
251 672
988 187
78 499
839 30
404 514
485 696
21 658
631 403
719 474
160 435
21 694
81 218
654 113
33 604
503 987
524 105
10 863
291 87
713 482
468 116
347 305
811 367
962 794
769 33
267 928
467 639
973 899
208 978
12 240
933 866
579 456
970 588
319 613
675 31
94 494
499 440
798 309
158 760
454 927
144 720
854 610
358 179
509 918
156 872
157 89
89 735
896 410
323 214
22 349
597 467
842 95
258 992
755 416
751 209
342 894
280 547
855 638
77 715
555 233
586 63
673 26
150 568
436 824
782 809
172 730
276 365
824 885
356 578
300 458
138 993
703 418
892 558
407 968
272 313
200 210
375 224
235 876
792 22
699 925
831 222
654 458
587 829
342 942
406 994
400 896
986 102
313 877
11 719
845 283
31 396
844 757
620 430
633 411
452 683
687 282
905 340
91 491
520 784
784 277
777 535
172 763
989 484
991 999
554 835
633 936
231 476
693 202
906 677
964 709
359 650
342 615
341 432
105 860
215 241
136 992
775 660
106 763
143 96
762 49
931 746
984 513
222 28
66 479
56 29
187 767
30 528
381 722
311 838
933 525
78 420
868 852
79 973
615 222
421 728
270 703
825 605
215 398
633 632
876 688
12 414
454 41
293 835
114 603
672 46
480 101
465 347
952 544
672 918
117 92
997 738
794 822
342 360
219 326
991 447
14 2
860 819
394 153
5 859
107 28
904 586
128 368
285 80
263 956
349 379
399 346
468 192
519 810
551 737
135 893
183 500
246 395
671 991
899 675
849 5
55 752
943 182
471 227
613 86
534 314
464 932
659 284
123 177
93 25
265 579
269 448
431 514
194 453
856 92
479 704
96 533
807 390
67 629
616 31
714 501
344 530
432 354
813 906
530 257
282 147
835 550
946 617
415 139
69 270
230 548
973 677
432 131
67 498
760 34
529 473
535 872
354 966
226 166
224 107
422 505
605 609
55 550
225 469
688 646
91 917
193 415
946 624
546 12
474 657
45 2
129 931
225 483
249 802
1000 472
261 422
976 865
30 382
415 606
203 454
251 293
723 443
707 668
419 604
679 244
260 75
597 389
358 821
223 606
975 574
429 235
995 404
451 24
138 217
982 340
671 232
984 393
27 690
60 797
294 90
40 905
516 636
645 225
808 867
830 134
793 258
720 787
14 171
163 503
387 144
194 409
375 177
801 401
218 212
549 863
653 588
768 521
575 412
745 383
631 575
516 423
184 236
209 549
758 723
51 496
866 244
905 593
772 57
345 990
621 894
852 273
481 619
793 408
383 890
790 13
464 657
435 999
244 995
900 353
718 950
849 935
546 105
879 317
513 224
306 485
469 510
758 301
480 902
708 862
143 849
874 958
506 660
957 101
7 856
806 724
157 6
10 54
110 241
371 974
464 28
459 284
889 568
584 369
821 292
230 964
140 456
921 997
115 229
450 121
436 255
196 945
260 558
998 721
798 720
46 613
100 856
896 988
775 479
708 596
122 938
911 614
745 183
962 859
764 763
332 199
369 527
495 980
436 493
52 233
212 98
197 663
305 92
651 80
923 710
675 396
647 937
361 391
471 675
602 234
437 285
785 806
163 279
137 599
771 189
183 335
638 380
997 942
823 999
373 97
709 47
493 707
335 853
450 806
879 403
39 316
687 823
473 849
454 609
447 224
149 982
910 138
361 259
432 183
257 804
280 317
203 124
376 537
328 177
342 207
579 733
874 617
907 346
465 360
306 264
936 807
245 845
944 957
103 375
491 712
179 122
380 381
245 107
269 925
283 611
131 213
695 4
181 953
701 646
665 358
261 600
164 857
796 108
165 899
834 655
962 12
777 341
744 373
448 13
649 82
975 779
295 669
134 475
973 186
472 637
544 84
236 707
292 384
166 456
282 1000
463 595
363 591
935 107
963 734
119 612
816 93
742 462
113 228
288 437
765 112
74 308
195 661
367 839
44 884
294 677
883 108
271 246
698 558
704 13
643 174
624 458
618 717
271 730
296 911
518 61
22 943
720 568
956 438
406 351
322 52
28 204
159 650
801 209
559 856
221 202
29 196
11 646
912 282
727 560
544 245
972 565
187 691
484 142
129 242
493 802
645 872
5 155
873 158
363 432
13 583
633 42
778 995
39 42
628 766
601 171
10 572
87 548
614 571
42 94
812 886
895 456
757 252
610 629
409 325
412 773
907 396
166 37
391 205
78 18
970 30
189 331
953 275
878 918
197 919
12 8
804 906
815 912
509 777
893 917
101 304
42 359
700 559
395 90
763 824
107 84
205 647
414 157
922 644
75 118
562 438
478 718
695 644
629 204
420 873
472 872
177 513
231 228
72 977
669 186
153 775
270 357
774 683
866 47
326 292
516 240
729 993
957 423
989 937
626 408
632 338
962 214
565 33
542 233
571 694
359 840
403 484
874 268
530 552
559 46
791 639
390 99
413 378
387 39
138 548
488 121
885 449
334 801
834 875
385 404
569 96
595 323
579 468
590 109
371 500
506 161
490 247
611 902
625 350
292 114
897 779
234 134
580 567
286 765
793 671
520 713
766 114
35 696
933 624
156 304
475 661
816 964
908 779
866 884
128 157
349 376
288 582
861 867
500 147
631 292
817 502
5 934
615 39
629 899
15 785
554 841
797 370
805 704
500 22
939 979
530 287
354 169
868 215
35 719
713 17
363 529
518 367
814 484
757 794
383 123
578 936
964 727
657 120
782 508
141 721
486 22
359 192
191 227
758 577
297 470
594 659
350 463
377 163
299 486
308 33
608 238
320 923
964 977
42 745
836 182
817 674
204 176
865 746
754 974
322 50
795 267
709 144
82 437
658 380
922 965
412 882
554 731
804 517
59 846
262 247
27 78
920 582
253 136
679 6
109 1
408 255
267 468
750 348
904 407
79 178
723 842
59 277
573 862
145 983
707 406
229 86
836 148
19 440
635 698
798 743
50 557
349 316
24 98
16 279
856 446
456 579
288 514
207 212
728 351
194 434
109 775
871 296
274 242
87 909
939 884
3 340
440 352
7 815
449 22
94 305
820 901
235 107
767 793
670 494
495 215
279 603
989 150
250 615
391 337
523 681
572 877
20 364
580 26
530 29
400 623
685 571
524 271
677 290
63 698
135 557
912 413
512 901
914 113
867 656
449 741
336 373
617 707
88 197
85 617
577 836
240 261
406 115
883 434
756 945
131 890
853 42
302 364
294 216
477 160
223 277
252 559
1 869
617 88
417 53
705 993
240 296
605 997
410 487
430 517
783 912
406 635
306 59
351 951
626 179
463 849
807 714
759 808
582 727
895 350
780 951
342 371
246 298
368 7
784 797
523 918
61 280
553 366
691 255
316 668
433 778
516 591
492 626
398 425
353 645
775 484
595 468
854 193
766 573
199 901
370 74
171 782
705 75
147 395
329 814
415 113
944 930
703 787
908 101
211 612
97 337
95 691
157 300
235 274
873 786
174 594
211 696
375 915
770 873
662 98
38 76
562 981
357 265
767 264
717 330
875 813
18 321
855 174
973 442
447 845
227 973
790 437
668 516
703 438
740 716
887 777
143 449
758 852
65 876
115 781
205 342
945 575
14 151
748 986
592 547
182 170
871 323
606 890
838 661
679 929
728 566
706 871
366 463
722 430
690 188
562 247
881 858
821 247
8 920
232 952
466 766
121 688
440 79
578 630
739 256
558 466
173 263
688 538
77 409
319 119
949 232
365 829
441 185
75 449
104 659
752 922
776 872
609 215
950 538
196 40
794 754
858 966
368 545
856 797
954 526
915 902
110 279
82 550
463 157
998 918
167 101
973 800
508 274
337 704
314 130
809 171
448 176
715 655
324 20
180 238
273 289
516 355
839 330
863 188
248 381
289 438
322 613
237 181
886 926
884 199
407 692
721 206
220 788
860 543
807 392
133 432
680 648
138 870
330 1000
410 929
732 50
718 53
662 307
233 547
232 469
98 638
512 818
844 731
957 55
626 764
446 758
547 478
757 684
699 438
35 108
718 766
509 436
818 170
742 402
69 973
870 518
962 734
687 157
816 644
212 441
407 9
550 953
486 659
988 185
448 22
644 166
787 153
601 956
674 342
709 94
666 931
611 627
664 298
784 479
941 347
272 699
355 173
3 841
183 990
377 631
363 372
148 501
876 748
456 902
441 516
995 106
446 958
732 109
255 867
940 547
213 211
597 568
735 599
760 918
940 488
548 302
211 47
802 439
794 609
340 234
124 334
339 570
643 422
30 897
641 969
795 853
531 391
772 266
989 883
535 280
722 434
581 933
480 734
371 273
342 62
858 818
747 548
387 390
321 768
286 961
89 433
814 619
823 937
236 812
172 770
91 893
555 24
177 34
757 547
658 451
960 515
268 707
414 6
96 735
773 733
695 861
165 860
832 988
149 419
151 320
541 593
212 95
968 389
129 77
287 786
527 247
301 146
953 714
151 400
800 923
132 495
136 649
706 319
636 854
737 138
173 277
730 385
372 698
125 500
774 411
637 652
657 937
797 961
3 947
360 154
221 844
648 708
492 706
26 127
559 115
264 732
391 345
468 114
394 944
613 519
354 250
170 363
538 318
323 892
616 35
46 837
878 45
896 369
750 274
847 661
388 462
744 778
806 211
892 552
154 856
422 859
457 944
221 347
261 896
590 877
930 987
65 159
384 960
527 133
233 725
145 972
186 888
750 343
98 993
894 603
200 316
462 9
611 34
707 871
281 296
99 562
283 163
720 18
475 598
150 59
322 295
31 507
182 132
850 632
476 95
586 27
762 47
35 372
433 741
243 713
389 693
275 23
856 994
40 682
944 541
92 265
835 474
124 369
605 973
352 432
419 937
459 533
336 845
904 768
586 498
832 326
191 106
348 398
452 387
431 747
927 522
11 114
996 134
834 952
458 537
736 229
473 546
761 160
390 664
279 327
514 111
652 56
568 351
453 371
89 235
117 16
756 480
481 103
965 666
407 775
202 494
3 26
39 763
538 428
778 816
107 643
278 758
698 198
461 502
920 549
736 37
916 844
868 396
298 832
413 56
606 966
549 960
344 587
722 881
367 852
48 473
494 326
582 544
875 42
45 794
591 781
830 506
976 49
254 273
881 666
329 838
632 877
798 975
816 871
207 182
74 254
6 920
931 587
463 805
981 507
599 571
639 780
428 614
829 681
887 61
699 567
898 682
443 47
8 610
918 214
791 991
467 796
910 750
735 724
554 715
231 504
637 221
636 64
187 464
745 425
876 795
991 125
476 785
172 483
395 441
696 185
333 693
263 419
768 817
485 350
672 121
571 307
184 757
122 280
181 997
74 523
122 549
307 645
31 701
85 78
238 867
592 922
911 206
340 679
374 176
28 46
296 950
352 479
706 474
111 238
822 184
760 295
85 419
939 467
119 375
545 708
594 488
629 504
693 320
182 67
495 562
464 790
511 815
621 569
640 83
806 814
618 918
108 702
336 399
521 806
125 65
514 718
904 494
222 948
814 755
366 660
316 829
802 179
996 774
747 987
856 552
800 473
821 260
175 508
10 695
314 134
111 179
852 366
672 425
313 837
179 679
497 847
507 298
25 854
71 123
841 278
26 640
750 847
251 276
354 260
322 19
746 784
197 597
149 869
373 462
705 903
101 350
202 477
204 624
599 44
901 625
35 651
471 286
278 176
897 600
195 642
383 743
590 532
963 962
345 20
217 188
572 317
537 126
794 92
749 392
135 650
16 170
652 838
807 929
366 55
528 912
697 263
6 638
146 969
600 842
988 816
29 911
484 917
36 277
9 785
21 143
786 36
664 437
226 822
717 943
877 245
206 925
859 211
562 4
179 161
845 166
328 225
77 164
141 112
440 149
248 460
644 33
848 307
469 425
481 186
719 357
782 924
281 640
134 842
995 665
355 839
182 34
415 610
197 555
74 989
704 321
800 347
354 647
5 174
423 485
711 141
193 844
416 473
483 550
667 829
566 373
19 747
406 433
357 955
988 430
943 43
102 94
741 455
741 745
981 515
582 691
656 774
535 71
599 369
972 617
550 889
989 568
636 746
1 344
52 340
125 346
382 226
440 474
33 180
218 13
46 151
55 53
277 941
124 227
662 447
843 211
336 183
130 323
280 482
666 332
821 790
677 554
367 116
27 399
647 597
763 693
99 818
745 727
110 220
953 771
19 147
333 354
28 961
296 693
292 117
834 968
22 200
599 730
997 713
422 447
882 519
174 992
738 126
114 756
625 799
461 305
261 488
265 556
532 556
24 365
524 46
917 607
798 867
688 794
579 462
592 461
980 765
804 69
891 917
825 867
715 285
171 327
125 436
235 656
991 610
373 866
7 289
824 804
507 512
949 85
973 541
897 304
305 700
372 547
969 548
413 35
185 584
362 309
371 948
316 713
557 688
579 916
328 402
719 834
265 20
271 589
560 519
244 864
219 616
763 187
163 175
221 699
7 832
233 675
545 142
362 123
57 42
876 127
227 493
146 497
81 705
368 325
921 586
292 683
124 806
209 696
505 671
982 863
502 214
537 46
355 899
520 763
292 748
242 518
240 387
367 672
444 734
996 716
671 639
750 794
445 958
841 301
980 822
163 482
388 700
527 94
950 399
857 241
146 98
110 385
836 828
56 279
913 404
346 583
394 95
728 838
405 569
138 384
742 653
865 129
352 744
223 301
142 431
893 639
880 354
375 715
182 782
346 94
185 691
677 931
786 756
768 190
324 258
925 418
910 790
898 613
885 120
913 26
902 157
16 781
510 390
848 43
171 193
137 708
235 165
638 372
920 757
913 596
14 838
13 275
979 262
887 863
382 151
888 635
659 255
768 169
644 615
211 814
159 699
521 393
863 158
117 135
915 29
730 280
218 94
555 196
355 793
58 88
296 297
75 954
551 842
122 194
456 685
360 966
383 880
710 598
390 826
732 656
207 813
935 424
906 841
620 612
986 29
52 281
326 126
234 228
967 708
422 774
392 133
739 126
12 448
723 753
626 806
408 832
618 695
255 875
887 226
487 872
255 890
152 932
15 386
159 333
93 932
106 836
64 196
961 428
995 36
532 620
841 292
803 811
986 58
685 872
635 523
96 241
412 247
172 778
984 683
110 428
614 567
615 30
114 928
809 109
963 340
80 155
983 883
317 968
940 2
192 926
876 287
167 288
885 690
417 869
372 527
648 338
445 263
719 559
190 527
667 504
218 98
10 201
980 327
520 271
680 711
349 363
194 234
52 611
454 776
489 453
113 933
67 831
491 256
709 509
111 278
607 473
478 938
799 350
209 478
412 405
384 761
119 578
346 522
188 151
297 676
603 409
960 670
591 803
277 299
311 740
577 269
212 406
107 767
191 519
171 574
631 289
151 976
810 690
478 107
717 80
867 677
101 458
479 378
108 141
117 684
762 680
442 320
41 548
86 231
418 256
804 48
896 307
375 705
348 852
163 65
284 30
741 384
839 219
761 946
711 229
982 472
908 775
791 948
674 876
530 92
131 334
491 26
992 866
83 339
69 597
403 352
626 495
736 816
65 848
114 776
429 95
247 336
221 38
636 894
913 165
337 396
850 828
773 193
45 207
884 113
804 638
817 781
133 904
597 197
751 710
972 531
156 571
219 376
608 854
621 872
370 958
619 572
785 744
116 181
950 999
293 105
637 461
886 769
364 834
317 467
895 641
997 50
211 215
777 170
420 397
393 142
354 364
713 490
107 180
670 408
179 315
865 815
127 102
935 491
935 251
309 829
243 305
230 453
872 358
974 643
754 367
784 460
82 848
301 188
28 971
947 206
637 811
372 763
912 306
605 198
908 913
378 151
570 959
955 441
316 929
83 70
647 219
881 728
66 181
267 93
503 565
650 139
728 21
254 991
678 858
189 586
771 918
736 692
132 192
322 566
613 968
784 493
47 202
26 313
646 528
230 296
19 957
668 272
947 346
129 135
931 251
405 18
942 281
59 425
824 381
343 437
700 478
281 747
679 306
411 325
186 640
972 204
596 639
475 895
984 955
381 266
558 785
283 851
65 694
276 889
426 970
677 477
447 309
223 126
967 986
802 152
625 773
355 573
763 181
467 99
135 847
364 692
632 999
543 48
44 170
288 469
139 316
945 937
625 520
414 591
505 215
742 481
339 448
405 102
628 871
200 762
70 915
806 53
913 700
100 956
221 740
776 711
55 721
647 679
592 61
269 96
627 362
928 966
809 333
419 436
555 970
550 624
884 707
28 797
406 128
104 626
219 880
336 273
952 334
952 543
394 572
990 21
286 917
338 94
601 756
882 156
725 431
131 608
489 159
756 894
638 212
871 208
91 558
480 42
891 783
936 637
355 925
9 640
193 346
85 794
453 318
301 177
748 783
136 236
293 244
481 282
455 351
489 897
260 969
938 151
751 225
139 457
448 693
844 885
838 648
202 138
824 302
921 311
889 565
906 370
847 360
72 335
256 332
303 545
834 406
769 324
214 269
822 662
314 665
898 151
664 99
641 839
400 913
149 289
477 55
10 323
766 81
658 22
764 312
918 949
717 39
272 931
659 93
944 972
109 841
123 772
939 763
610 691
675 111
331 503
165 340
826 930
772 835
303 536
146 573
484 215
611 756
497 269
848 440
593 309
632 715
80 922
829 690
612 855
152 942
357 316
633 534
597 405
368 252
940 514
824 775
728 786
530 224
406 730
15 998
38 998
64 469
919 892
510 883
98 661
176 807
328 809
340 925
213 708
528 504
221 703
278 300
488 808
875 893
889 889
243 926
886 306
746 156
550 256
38 647
916 214
453 244
22 793
520 586
500 399
89 72
101 366
371 940
525 245
184 413
485 426
690 722
84 436
877 633
43 915
631 958
480 436
553 853
228 424
438 79
822 878
502 274
243 224
213 120
820 397
532 304
174 574
25 257
361 253
889 403
167 872
712 998
307 617
850 886
40 639
964 214
516 817
487 111
40 700
230 859
448 113
514 973
686 890
230 46
142 470
800 661
341 512
658 647
128 508
532 519
146 847
732 662
663 571
772 54
270 353
264 69
465 129
41 503
18 270
900 512
92 700
172 432
563 829
79 42
688 610
560 834
809 644
847 823
214 970
877 835
322 492
903 138
621 295
640 638
917 540
149 8
591 672
791 153
501 869
194 188
831 105
373 639
748 219
461 313
540 689
147 213
181 401
351 801
48 342
790 964
881 291
323 823
962 113
975 462
334 520
2 164
625 726
154 724
945 966
37 836
655 535
49 835
936 751
987 983
92 776
298 325
418 972
147 380
84 474
993 546
932 969
272 85
693 568
51 81
403 57
615 803
243 902
553 229
236 997
356 885
673 774
856 171
505 940
644 49
708 637
595 992
957 866
76 649
433 478
81 187
886 696
342 128
949 246
356 185
242 64
69 266
189 277
437 693
216 80
741 275
68 687
266 25
552 694
25 336
523 106
523 409
153 864
536 101
109 244
637 703
307 58
968 495
334 404
539 901
836 631
527 903
318 145
927 869
838 952
557 360
409 431
120 561
13 754
251 2
808 909
59 128
755 744
531 293
996 718
275 522
621 592
666 899
813 855
202 369
567 610
799 686
522 444
693 535
549 943
536 709
851 946
836 957
41 718
249 36
436 524
909 56
467 575
306 279
429 508
999 995
117 797
33 991
592 725
525 493
20 412
201 222
709 36
179 749
753 779
136 188
654 44
595 121
970 253
751 399
760 750
745 228
898 129
218 490
854 94
982 225
505 534
446 565
569 976
665 673
755 800
861 408
196 807
528 165
59 279
563 170
380 660
398 277
788 615
118 993
709 451
569 565
984 15
482 552
342 146
225 96
298 437
856 493
595 383
657 6
13 572
175 392
231 924
21 370
539 138
715 599
941 283
515 924
649 348
828 991
494 404
438 791
840 293
283 786
676 291
791 40
862 318
784 444
241 156
814 131
293 880
81 233
162 948
509 163
295 336
153 788
739 590
930 930
235 564
67 262
855 210
301 716
527 436
160 119
591 325
250 236
556 682
468 717
629 328
663 383
63 753
325 993
682 911
172 762
310 472
830 836
260 341
306 850
17 555
85 572
589 905
640 217
584 871
492 247
605 555
351 281
899 33
191 806
485 362
920 794
186 749
981 445
441 286
646 457
193 83
380 781
339 19
997 922
241 489
520 846
395 871
478 293
255 669
450 739
382 369
532 567
469 512
363 909
797 9
717 989
443 96
121 781
467 118
54 707
958 574
904 352
796 382
996 50
402 445
788 783
814 671
702 634
182 64
895 330
424 611
671 218
59 791
350 525
260 404
583 569
329 839
920 124
572 267
173 973
712 312
107 877
982 808
510 515
224 756
196 999
367 218
569 777
361 918
653 620
321 235
189 1
425 460
124 996
727 648
968 790
311 427
666 292
586 527
158 161
283 354
160 1
571 728
777 283
997 429
903 670
15 443
670 440
254 146
435 332
793 755
121 104
533 138
747 118
17 905
279 651
610 790
651 532
869 779
815 865
559 69
534 573
863 556
364 116
701 151
448 845
257 568
300 789
58 399
906 74
655 536
76 616
325 726
147 193
856 313
410 414
733 295
338 595
850 702
711 902
852 510
99 460
429 750
248 486
500 505
911 154
41 986
769 365
63 268
910 918
932 671
683 665
965 21
259 167
722 321
420 925
830 870
384 259
620 983
96 119
487 7
625 527
992 745
244 407
12 505
324 296
175 359
960 491
379 570
657 452
891 429
728 72
298 111
330 269
445 426
388 931
784 364
458 127
108 701
533 472
205 209
767 731
567 78
221 945
999 230
396 889
10 475
313 307
937 994
576 381
419 315
311 554
30 120
681 137
172 565
960 728
773 726
458 339
155 31
635 154
260 382
394 269
856 706
927 792
700 854
172 470
520 835
376 549
954 56
38 126
620 997
853 393
723 663
83 229
693 718
382 952
451 128
572 307
833 498
450 884
704 622
706 223
808 81
772 113
136 809
238 107
157 443
851 879
105 934
460 797
100 453
320 23
111 153
872 561
388 575
534 93
798 341
525 921
453 12
81 43
119 237
837 321
468 941
606 927
89 960
119 540
765 439
914 875
943 785
435 682
360 320
775 509
12 651
781 817
663 861
859 133
97 47
453 916
339 411
842 779
370 313
318 134
751 583
9 45
367 795
726 78
467 852
586 478
503 718
294 517
578 504
649 27
550 453
942 888
863 136
666 233
448 335
718 550
917 726
594 636
873 319
713 339
171 651
816 25
368 462
541 298
965 189
324 515
993 265
754 856
400 420
440 199
106 157
748 23
235 341
658 459
660 722
149 182
372 964
558 92
777 98
389 742
638 712
608 630
328 361
837 80
132 628
278 590
137 26
612 723
366 621
181 377
694 329
910 418
644 467
509 773
916 897
514 553
960 473
535 639
185 723
718 669
351 996
258 839
21 221
561 738
841 93
467 886
773 376
303 768
195 811
540 110
59 405
663 370
877 549
9 62
271 726
730 973
73 339
163 445
559 723
183 751
167 649
636 291
376 939
59 570
749 598
680 160
3 694
529 231
242 889
644 864
615 725
189 39
63 351
484 621
426 18
371 944
666 7
235 393
945 293
963 45
242 642
556 596
335 85
827 928
973 822
143 939
547 331
330 609
34 813
230 811
830 952
754 847
958 988
239 254
632 201
651 226
194 206
821 880
642 999
807 967
821 950
257 367
632 586
975 665
750 556
827 931
508 581
777 817
920 368
423 904
920 425
129 114
982 949
993 624
300 800
942 120
101 550
838 732
136 164
749 237
720 575
168 579
507 944
395 427
663 169
330 583
593 810
696 575
110 40
550 409
191 491
880 291
40 69
375 527
233 475
764 304
401 931
882 908
226 628
686 241
797 367
823 389
176 870
963 285
909 512
46 452
354 925
94 746
994 820
272 578
294 387
881 695
669 762
954 895
389 639
135 185
5 309
926 532
530 240
816 790
104 861
241 457
138 335
554 483
154 826
60 800
564 292
846 233
53 799
479 793
437 965
978 793
273 255
324 802
494 491
591 949
704 832
406 193
518 311
675 23
136 86
822 52
377 19
284 781
817 762
573 605
726 902
749 350
156 72
151 2
915 93
950 618
924 707
810 793
18 836
168 505
921 989
556 649
8 839
429 176
952 1
781 677
255 529
26 410
953 528
763 219
621 713
836 896
419 997
689 436
184 856
293 456
196 848
104 555
39 884
83 990
236 215
19 490
95 396
252 47
276 14
617 896
726 804
143 497
800 183
284 983
390 576
790 586
776 893
492 814
128 574
155 364
788 525
853 235
273 104
633 548
118 250
443 195
53 937
120 975
187 509
550 329
446 325
221 938
490 349
863 645
64 3
521 916
237 793
372 869
340 841
470 134
35 523
71 78
727 190
52 265
698 953
593 496
630 166
433 119
514 647
115 929
1 636
196 589
428 567
810 768
407 279
253 794
801 323
871 527
864 274
144 914
226 736
409 855
901 193
974 766
191 440
694 192
75 890
780 855
808 941
974 567
220 226
360 20
901 582
899 764
855 42
29 80
129 437
287 382
629 612
147 820
51 193
363 126
434 494
332 593
435 305
159 654
530 870
25 430
451 275
546 305
316 574
11 23
178 991
634 676
162 684
220 876
161 5
370 844
598 804
148 756
809 30
978 833
459 428
108 356
85 775
930 821
571 292
195 100
634 828
128 148
863 699
23 376
704 392
219 653
547 719
408 355
748 737
188 558
165 647
914 249
421 195
421 344
838 615
795 471
794 274
618 8
973 993
735 28
384 306
680 283
24 439
637 771
176 176
328 340
822 593
940 595
787 712
290 624
678 436
447 823
710 416
182 682
408 917
61 144
222 740
426 597
178 414
719 705
590 398
396 763
991 687
709 129
398 998
753 427
434 551
249 495
966 431
528 374
699 588
869 272
327 294
868 856
707 586
561 648
335 308
763 325
995 471
454 744
821 558
171 606
108 771
452 425
553 979
798 251
566 18
522 244
311 741
451 370
678 363
369 13
671 483
689 665
306 494
408 126
51 930
83 510
701 534
935 253
512 84
856 429
102 729
672 764
470 122
485 499
837 854
863 507
336 552
171 993
45 930
118 448
860 552
957 912
437 891
164 948
327 371
728 428
100 751
191 921
225 28
419 61
881 634
567 568
537 89
561 933
370 30
380 581
934 689
492 370
579 8
670 257
378 397
684 477
148 227
397 372
254 168
432 486
801 350
405 689
438 317
621 807
699 1
740 632
689 231
353 619
238 22
876 968
771 911
444 918
137 193
641 742
712 424
579 864
773 336
552 562
652 172
720 702
172 459
685 212
690 38
831 279
59 58
246 181
968 42
98 457
234 90
550 945
513 481
160 285
816 711
846 819
882 918
521 406
376 557
617 65
594 799
344 5
208 941
185 528
982 635
336 567
724 885
511 237
717 670
873 532
732 71
703 614
988 223
19 363
779 987
780 725
138 123
81 345
415 265
872 397
899 207
963 975
444 826
211 512
847 435
44 579
505 746
544 492
320 914
207 450
252 986
174 389
460 254
734 874
871 957
622 121
516 585
95 311
762 305
822 608
92 217
538 596
962 433
440 633
346 646
83 598
631 608
986 442
214 71
315 84
380 937
556 895
873 651
205 634
307 378
593 398
595 483
994 908
915 785
541 613
430 975
210 412
582 547
853 147
970 519
582 349
807 138
243 679
788 799
664 446
528 609
844 122
443 189
30 709
973 922
321 754
896 882
165 477
429 369
624 398
887 205
746 46
694 340
76 833
490 92
279 17
52 122
491 494
662 520
202 634
441 875
387 688
756 903
164 184
623 139
933 509
696 30
906 389
721 982
574 210
73 852
227 124
973 717
617 986
588 170
619 380
44 357
67 800
611 582
335 233
73 268
93 768
649 999
508 370
332 81
579 404
284 157
527 608
225 495
593 164
16 211
895 60
919 961
211 881
895 545
465 967
164 558
86 165
908 945
534 239
378 464
642 661
621 520
269 197
366 861
361 381
424 607
792 694
568 2
575 814
899 391
780 414
948 217
578 207
513 111
445 890
927 438
903 899
309 523
95 674
383 807
407 158
414 198
204 333
552 130
146 450
520 277
863 820
845 441
26 357
903 471
247 829
908 501
727 569
23 174
242 757
332 648
915 745
846 470
429 397
599 926
198 470
202 60
289 398
852 315
755 107
785 353
853 14
612 875
539 206
631 870
853 897
615 50
366 395
798 316
321 347
786 874
407 74
272 610
388 26
716 524
378 3
368 883
456 906
440 438
775 293
335 741
694 52
488 844
368 808
190 153
33 948
578 304
910 318
681 977
193 410
331 464
991 698
347 798
955 786
236 82
430 570
822 476
621 661
671 988
468 860
492 853
160 422
156 69
739 189
397 931
598 728
395 589
777 93
386 732
230 973
813 12
542 986
487 163
647 509
502 466
720 346
318 879
767 826
299 505
14 696
787 611
423 533
551 199
977 289
282 207
261 94
570 155
432 56
669 78
916 170
895 635
867 565
514 633
390 164
489 403
859 628
365 633
160 916
184 137
556 465
695 816
911 264
970 342
671 638
771 586
160 665
572 378
229 85
11 970
601 851
372 459
478 737
444 990
4 627
478 559
443 172
726 353
787 48
46 809
37 816
746 548
833 317
926 413
754 288
383 354
138 106
164 968
842 607
957 197
585 786
309 833
380 95
232 426
903 268
593 1000
168 425
316 93
190 69
380 572
422 869
29 586
836 223
544 144
419 129
929 526
156 237
710 887
683 941
664 937
560 257
936 727
33 252
171 222
672 550
145 94
771 174
31 958
396 574
102 166
702 382
43 209
619 752
96 653
44 111
590 956
719 877
682 752
480 205
325 152
106 822
245 876
347 627
834 94
200 287
259 254
668 302
462 638
405 909
291 449
20 232
756 90
460 789
841 940
993 518
91 99
691 687
974 37
313 159
130 864
445 388
117 465
41 579
102 446
839 744
246 210
975 1
300 787
789 492
726 782
361 168
232 51
854 557
87 518
716 568
381 512
956 498
976 348
428 430
793 618
173 390
828 500
390 127
286 531
970 11
312 331
530 895
381 383
451 468
900 518
35 280
30 342
129 357
42 908
786 834
526 311
576 353
162 965
831 447
847 800
809 158
130 338
404 511
72 855
330 971
372 716
602 753
410 83
110 451
990 247
636 515
909 211
867 70
528 697
868 374
849 28
884 978
365 287
840 788
493 521
758 865
589 712
617 350
146 78
800 135
677 787
650 585
350 868
7 877
917 874
602 765
902 485
94 618
124 286
406 616
158 515
832 746
578 801
447 723
878 246
858 906
385 859
491 734
726 497
962 642
722 563
758 623
400 852
593 875
489 998
490 646
864 674
744 442
474 190
164 703
788 373
609 172
231 451
257 957
299 218
950 20
132 708
995 531
911 587
405 399
936 247
44 799
272 139
592 745
329 108
799 116
480 407
639 711
857 895
19 155
112 968
527 243
27 873
126 937
459 882
335 746
480 731
896 751
869 840
847 549
947 646
664 426
52 302
136 261
548 506
767 11
474 293
606 500
165 731
789 975
964 123
72 444
205 320
546 74
159 393
622 105
390 638
530 441
291 18
53 839
523 820
201 348
464 806
848 629
536 636
955 500
110 27
295 315
346 840
740 856
584 713
960 973
702 489
766 345
506 818
535 381
989 735
728 453
541 927
433 76
914 387
927 24
765 573
690 462
765 781
317 348
845 276
321 547
117 438
891 974
255 777
354 244
511 434
696 51
360 480
479 274
866 757
649 983
330 690
796 94
822 113
793 666
740 113
564 208
902 806
182 157
582 887
752 93
320 799
143 32
278 973
657 495
730 305
477 411
346 625
504 167
737 648
184 828
113 748
36 14
553 569
170 135
455 273
579 775
71 721
806 348
46 814
195 775
470 23
185 815
647 40
333 383
39 516
563 151
615 950
165 168
518 686
654 972
959 232
98 29
304 255
729 349
68 923
475 537
945 11
703 592
402 35
326 441
903 888
591 517
837 755
36 706
441 689
678 399
272 127
427 576
382 507
276 449
429 751
338 374
761 40
317 163
427 642
955 329
882 545
197 70
300 233
776 92
273 805
490 545
931 268
472 312
775 747
113 555
849 450
928 962
841 244
476 267
238 430
595 119
974 792
540 625
376 315
716 648
471 557
192 402
825 15
65 951
114 177
505 962
978 785
275 819
380 750
179 32
87 505
823 979
129 198
645 845
197 116
401 741
517 577
755 581
527 868
110 384
182 87
168 456
905 547
206 990
516 736
21 954
240 195
932 721
744 577
565 940
692 317
680 560
894 787
492 772
6 601
155 187
688 674
643 592
573 200
933 440
287 305
393 879
499 677
599 242
605 163
534 648
831 565
207 76
351 698
848 357
651 354
543 690
28 537
633 952
88 566
391 375
870 135
605 721
811 203
314 767
717 847
414 547
412 620
623 762
670 470
470 672
175 13
361 554
901 993
505 341
910 247
67 780
382 671
852 544
873 165
311 589
364 724
135 775
696 757
888 365
578 358
388 105
722 748
658 974
740 163
314 650
761 380
781 142
50 984
686 922
148 348
510 863
71 997
637 118
105 877
482 35
586 221
139 307
968 796
280 60
310 946
709 71
325 841
564 727
824 601
648 323
948 510
186 371
858 174
488 962
50 322
348 987
542 486
293 862
634 925
921 295
222 629
717 546
821 281
624 996
881 272
670 181
133 855
903 342
381 742
655 782
63 3
769 957
840 413
818 473
689 90
120 910
70 836
808 890
116 431
237 349
54 906
881 538
113 783
879 493
524 534
626 939
536 394
247 375
159 416
200 847
505 319
757 574
154 564
463 622
346 699
322 400
956 202
937 68
984 816
912 859
701 538
797 588
931 43
314 89
458 513
288 962
183 44
535 689
959 349
310 304
399 983
55 355
184 992
774 519
159 686
377 859
223 174
798 505
568 111
946 378
624 233
339 158
628 226
846 938
926 507
241 325
489 296
31 24
639 804
542 797
489 919
7 63
444 804
920 11
914 865
740 889
449 79
399 76
656 244
365 581
103 605
257 943
252 287
967 890
443 508
38 283
778 396
346 573
199 265
584 465
481 323
705 929
753 103
356 760
699 72
693 153
676 949
95 280
588 413
521 382
921 911
664 50
306 361
623 857
977 558
673 809
232 377
89 337
832 796
96 530
867 140
682 895
441 128
174 380
541 46
761 813
956 776
862 262
137 836
118 465
745 790
274 977
518 362
313 349
230 24
252 263
918 692
391 443
71 283
489 831
95 444
606 308
57 94
144 174
911 888
315 184
216 185
897 880
533 406
992 115
782 243
377 51
934 119
494 4
401 334
186 847
129 791
155 186
237 650
711 499
889 378
682 105
562 930
984 446
560 469
569 289
519 502
759 364
505 160
697 690
358 826
833 512
363 421
513 73
919 402
450 952
506 11
233 841
809 920
168 368
388 736
8 907
590 767
270 94
278 319
136 635
496 320
499 858
740 11
930 10
412 732
313 269
742 545
462 550
465 629
270 852
716 277
110 305
395 380
751 672
50 886
307 545
557 805
402 648
167 331
657 579
62 969
199 156
865 660
57 329
640 678
533 356
307 642
12 701
373 762
373 422
999 31
318 555
187 719
202 353
402 858
283 815
178 482
322 395
141 731
723 781
408 607
488 714
601 499
415 973
261 139
747 259
521 64
166 707
135 367
411 536
577 694
702 106
527 24
500 19
754 575
799 513
181 286
227 781
137 993
106 397
483 852
7 3
267 172
61 401
891 471
288 467
516 342
572 42
717 72
61 822
998 211
334 178
849 912
311 985
733 738
619 91
740 237
615 152
990 505
623 629
971 490
970 894
884 686
317 296
507 314
858 193
844 706
104 506
42 360
273 126
97 243
217 189
479 183
340 820
687 314
449 9
156 770
902 39
808 219
686 666
884 543
858 727
601 962
584 642
673 856
120 769
98 688
309 577
870 1
396 556
314 196
916 469
966 817
859 773
387 544
438 623
87 648
701 687
961 285
680 633
140 799
753 238
486 62
62 913
614 727
109 529
548 426
346 406
198 84
302 987
706 740
634 759
778 594
43 457
578 182
608 331
419 445
392 936
152 805
849 765
531 957
294 78
734 991
836 931
426 137
269 484
876 255
242 653
200 284
461 778
817 420
108 588
865 851
523 368
655 371
132 185
679 777
615 412
119 450
694 897
938 315
380 165
921 973
169 120
256 629
249 424
49 708
11 265
558 534
632 212
256 115
749 287
244 363
50 362
164 96
610 101
410 989
265 330
961 433
801 568
413 50
992 813
757 2
77 315
887 60
878 143
527 626
429 770
340 830
483 503
925 445
955 334
433 571
15 746
355 816
665 768
865 656
580 973
10 9
639 248
420 517
390 946
494 170
67 186
1000 902
40 276
346 995
610 130
565 624
875 920
791 892
39 7
547 970
980 908
978 618
156 750
486 897
47 980
419 114
517 770
367 556
45 64
550 654
193 467
630 420
738 772
311 776
779 209
97 110
469 75
79 624
176 565
872 222
896 290
687 412
967 104
468 869
109 13
335 90
784 424
862 94
551 640
654 647
749 122
73 827
97 248
743 321
470 990
610 508
401 21
913 720
124 380
588 584
744 274
674 527
697 535
620 599
526 626
245 274
99 670
452 196
917 547
516 738
536 477
598 937
497 510
8 972
241 595
556 985
220 581
511 268
115 483
866 640
460 462
265 558
131 68
105 400
614 620
489 150
449 86
438 297
947 797
269 188
391 176
524 962
756 386
229 870
220 446
861 679
907 125
237 390
192 341
141 158
313 629
659 761
67 96
57 13
892 677
552 634
852 427
947 607
813 175
828 32
620 688
711 878
164 299
267 708
639 407
865 303
388 523
415 454
970 824
818 213
500 722
198 704
148 144
662 960
318 490
344 289
529 406
166 45
704 785
752 694
191 616
997 930
490 411
735 811
234 553
23 86
274 572
789 421
715 450
733 384
291 428
24 172
833 189
216 888
325 967
581 868
934 929
797 775
340 532
585 925
84 959
362 709
530 502
481 596
304 565
992 2
117 176
542 332
63 867
298 644
734 583
572 530
357 263
413 293
540 848
251 253
556 780
755 389
375 58
953 705
3 297
706 120
472 600
451 535
466 101
530 551
35 453
432 392
68 845
684 959
692 935
211 248
66 965
636 441
374 940
145 377
236 203
496 708
802 298
594 619
750 475
169 785
927 600
528 346
796 211
304 488
497 515
87 915
707 205
13 203
581 601
405 428
308 558
77 253
528 827
727 48
611 5
1000 490
351 795
52 654
634 549
520 720
815 351
793 521
555 158
723 487
758 480
266 417
389 694
21 269
872 99
316 482
103 667
323 805
462 375
811 447
923 682
167 89
32 311
609 938
820 683
776 577
162 393
345 903
87 365
171 958
815 486
792 270
505 114
74 318
840 236
764 762
918 282
202 301
591 412
493 718
341 6
111 37
908 549
754 78
858 568
916 1
837 420
467 263
737 306
850 500
420 119
782 621
420 726
431 362
489 275
79 181
280 541
218 540
89 323
617 947
890 884
947 79
655 765
341 391
71 542
243 490
661 376
110 432
101 892
793 941
166 223
122 798
764 691
689 852
13 657
150 902
541 449
332 195
213 24
938 283
566 180
772 578
555 234
9 7
125 153
299 643
375 420
440 138
110 128
342 474
784 843
728 676
643 59
83 160
842 1000
339 966
577 245
199 585
603 323
737 901
965 463
321 756
953 782
235 646
256 371
488 335
46 483
393 268
690 827
427 531
826 117
496 402
713 694
338 315
369 426
216 685
241 888
441 193
21 27
838 628
397 677
962 443
511 707
62 200
533 841
83 711
957 930
464 670
624 802
336 344
579 903
28 819
142 820
11 163
847 200
142 243
229 104
37 739
162 451
291 694
291 373
404 599
302 868
268 277
21 604
858 1000
770 1000
171 132
162 17
332 303
612 912
758 1000
650 271
450 940
965 92
312 720
691 966
939 310
242 959
913 214
910 123
565 679
122 735
810 283
752 493
937 715
404 47
714 406
317 516
345 633
607 9
705 297
326 643
607 567
954 871
132 863
993 696
893 114
431 54
748 534
547 37
248 302
435 313
707 751
828 404
736 435
764 440
83 89
434 41
7 387
264 491
249 608
186 493
74 968
547 821
501 93
209 748
746 643
61 805
394 240
208 481
26 323
920 109
763 353
501 121
92 764
611 692
372 149
185 445
116 731
617 617
175 826
716 272
468 128
76 213
368 635
45 393
957 316
853 71
21 354
192 112
469 154
803 840
636 418
69 253
386 595
430 453
867 249
581 942
462 300
577 506
44 885
822 897
956 842
602 147
305 70
300 107
262 954
446 897
371 514
501 108
109 930
560 975
179 140
268 992
791 844
849 835
729 22
83 36
863 36
534 167
105 833
626 718
138 71
967 508
936 467
967 44
749 527
370 279
18 638
622 809
833 470
995 913
492 429
948 706
464 481
225 920
666 850
638 803
272 604
663 207
422 629
603 170
155 972
800 525
961 421
333 794
706 734
107 654
791 570
486 15
841 151
216 830
954 487
433 968
46 855
596 648
376 103
619 528
627 932
948 311
725 190
989 430
275 447
435 66
368 921
80 208
423 648
38 728
134 822
695 531
