400 500
196 20
123 254
259 168
193 148
224 297
103 276
221 146
368 163
312 373
307 10
190 260
125 120
273 77
262 277
96 306
277 292
277 399
97 87
119 241
235 342
137 337
217 357
34 137
72 345
109 330
307 298
189 383
17 61
59 231
289 107
88 117
350 364
68 46
50 186
238 236
127 375
125 343
283 158
79 306
55 140
235 313
37 23
295 6
35 353
188 276
11 275
392 360
238 59
357 239
196 195
27 322
121 151
217 355
260 247
261 266
386 95
178 375
70 72
332 56
377 119
331 387
393 323
299 182
333 255
372 129
1 398
2 73
148 218
380 360
65 240
225 2
286 3
376 307
26 307
363 2
377 293
341 321
167 239
102 52
45 74
132 398
71 133
70 171
351 1
130 367
192 306
368 78
308 296
336 334
154 298
287 131
143 227
51 261
65 105
264 62
178 395
59 200
80 80
322 382
81 3
348 272
309 267
301 168
162 237
53 268
86 340
398 180
118 400
41 135
104 256
196 233
251 254
385 282
285 306
263 365
261 162
189 169
28 41
288 142
229 293
9 315
232 358
94 301
357 86
35 61
294 230
293 144
83 277
377 368
135 239
284 395
400 24
115 379
65 354
120 293
246 80
159 29
37 253
330 394
290 364
6 183
194 250
278 228
79 254
147 213
44 383
207 43
6 273
22 70
226 93
315 72
125 73
52 161
277 381
106 119
345 63
253 90
313 131
317 391
336 16
203 332
398 361
374 3
185 347
25 362
392 291
33 116
363 37
228 192
17 334
310 361
396 162
50 260
244 319
250 132
334 4
63 331
316 388
285 100
335 261
14 278
151 398
393 66
34 172
257 51
105 118
11 53
279 13
312 75
283 114
206 216
69 268
98 385
255 334
36 141
195 49
18 297
399 362
362 32
134 170
82 190
287 45
194 166
9 58
192 291
123 397
106 191
264 155
127 70
88 115
163 282
115 132
131 113
46 92
145 131
214 226
320 100
222 66
217 230
123 8
120 245
4 177
387 219
331 66
241 371
180 3
204 294
134 334
359 179
378 103
309 191
280 181
290 102
198 59
331 320
66 3
116 22
179 54
192 62
119 32
32 298
386 187
144 120
121 102
250 98
156 111
240 35
243 129
88 40
187 371
359 205
373 26
226 103
31 17
116 150
1 99
399 386
286 142
57 358
195 307
55 350
369 246
337 211
326 376
250 113
346 160
269 270
137 46
325 167
62 40
316 14
139 315
400 376
8 56
333 203
314 339
104 282
184 392
92 109
368 293
173 265
52 393
135 140
38 59
307 52
50 174
65 140
88 64
115 48
72 47
202 385
337 257
219 72
249 262
181 168
155 305
32 158
298 166
298 335
176 204
386 226
377 3
365 17
66 32
16 89
30 217
26 367
25 244
38 273
105 170
40 211
75 72
369 324
189 218
210 365
21 196
142 349
198 58
317 215
89 332
256 119
100 281
37 125
76 74
349 132
196 389
343 270
12 263
145 152
80 354
68 52
101 209
352 298
219 269
65 307
152 272
377 204
152 13
280 179
39 228
310 234
168 204
55 179
66 199
283 97
152 350
100 253
159 52
102 377
272 118
235 375
341 212
178 92
176 9
222 214
237 132
47 4
335 101
135 353
251 17
1 355
318 101
159 76
152 212
4 375
282 191
349 222
354 79
266 129
39 87
343 275
218 389
231 105
42 317
57 244
285 57
198 202
157 356
230 260
120 185
186 1
375 87
222 328
117 87
57 155
174 399
382 343
339 212
47 332
80 55
176 364
64 325
165 220
233 394
32 352
179 169
304 105
255 125
33 323
164 89
78 289
39 59
231 329
222 230
261 301
284 388
264 347
264 380
119 96
374 102
399 104
270 302
208 77
379 192
399 94
232 76
382 270
86 164
151 307
393 363
207 229
350 70
175 165
2 245
261 375
346 259
30 168
113 189
196 91
333 194
184 164
222 117
386 259
280 136
166 273
98 324
53 399
346 227
163 347
72 375
273 369
186 302
88 298
42 283
340 374
29 75
90 202
143 75
60 22
210 177
246 259
101 298
209 46
77 323
392 100
298 264
20 83
117 108
332 110
342 223
36 370
297 125
171 391
199 183
12 360
359 210
170 59
59 378
104 135
300 47
234 149
262 254
183 330
313 114
40 254
336 27
224 184
151 346
174 301
128 138
260 39
347 381
97 5
310 153
92 209
151 325
310 13
130 92
294 42
206 285
248 93
311 71
229 61
368 2
313 48
91 124
86 37
104 134
394 13
286 85
