1000 500
476 134
111 387
891 944
741 373
663 692
413 159
519 903
220 47
126 852
827 733
957 161
937 140
248 177
891 773
985 263
588 813
748 50
199 639
346 939
363 360
982 127
518 853
29 738
251 155
941 77
239 898
589 175
389 836
703 631
961 688
894 548
852 641
949 50
631 294
341 345
654 322
472 171
174 852
260 776
6 553
852 244
802 441
770 190
628 825
820 588
864 65
487 715
706 436
764 688
81 456
33 86
778 856
257 303
707 868
79 65
420 282
660 221
74 782
762 702
606 934
289 469
998 776
183 55
563 298
743 643
754 127
729 883
334 337
185 40
556 615
456 976
897 116
548 322
897 310
23 502
243 664
322 240
791 504
647 353
153 741
347 906
867 75
788 552
763 325
591 319
291 47
646 539
514 193
861 410
854 235
263 96
898 584
688 40
439 686
392 591
426 91
849 644
517 988
195 280
664 785
950 955
183 595
493 696
139 705
457 993
940 719
440 189
654 479
229 92
164 972
35 589
62 883
232 579
870 426
210 886
563 159
840 745
753 684
793 243
389 249
235 680
320 675
868 973
153 448
417 669
420 451
257 833
333 841
411 554
266 620
439 828
130 630
925 234
666 69
477 406
669 711
85 340
737 304
313 242
104 729
910 523
179 518
355 863
358 118
416 976
89 207
155 219
188 79
452 853
499 928
258 168
991 694
859 727
998 171
320 101
251 229
975 781
747 681
643 456
150 411
431 239
617 586
809 804
16 612
657 867
540 266
386 882
960 244
960 309
415 280
409 17
860 735
798 958
415 440
414 917
850 196
155 818
781 315
622 149
926 630
15 817
247 400
698 206
643 658
514 409
289 274
778 148
360 575
106 127
366 519
43 216
714 197
385 847
511 358
995 788
339 361
605 586
112 302
791 106
311 657
515 599
930 292
747 290
218 204
416 583
722 458
150 787
6 535
985 868
244 331
655 583
691 259
168 802
913 958
908 575
614 774
174 896
417 272
185 634
827 952
568 900
761 718
686 118
604 23
985 847
353 991
429 44
602 596
197 514
906 456
440 871
229 613
766 645
236 950
630 62
253 550
313 13
619 999
130 222
21 466
420 725
457 201
768 58
148 317
923 53
772 362
924 1
327 41
997 914
991 979
328 595
528 640
608 146
990 89
719 362
555 490
87 363
690 206
772 838
522 46
242 646
759 517
998 437
558 994
351 900
324 30
494 203
669 453
700 11
894 418
372 800
908 810
162 597
368 285
786 889
330 380
886 440
896 883
877 805
229 579
56 552
608 902
107 628
354 806
990 247
224 362
398 483
523 559
431 890
195 217
131 524
948 16
316 195
251 192
1000 479
770 407
382 729
308 488
708 14
294 698
612 869
411 10
351 933
568 781
175 115
349 305
990 296
672 305
843 922
496 842
400 617
600 134
697 908
621 405
921 266
454 532
486 864
541 836
148 461
969 322
575 669
978 564
317 2
869 159
923 716
352 675
685 951
808 381
858 780
137 130
46 942
662 531
157 554
719 305
14 39
978 940
707 308
504 375
309 724
533 231
439 884
257 123
187 64
856 396
844 344
526 241
286 539
123 442
92 841
98 458
231 428
397 290
735 900
664 395
623 197
977 414
432 234
888 970
649 743
366 844
439 243
84 724
133 207
517 576
399 967
33 982
394 782
271 480
33 934
226 8
130 202
421 914
787 308
883 436
403 600
279 193
194 363
268 326
921 784
902 671
102 286
652 495
67 922
326 452
856 551
459 337
753 231
602 539
890 485
326 292
436 605
836 630
319 103
955 591
239 208
261 340
494 265
187 912
186 512
363 393
415 821
82 519
403 683
409 293
519 735
584 955
339 420
584 9
874 890
599 112
98 859
452 943
475 990
854 661
501 569
405 267
741 486
785 144
169 194
436 687
280 371
993 618
142 576
978 16
466 576
479 915
786 282
857 261
271 62
273 124
982 677
390 723
515 175
218 35
720 5
721 999
375 714
968 869
641 945
884 458
872 714
372 9
996 580
621 266
994 893
389 975
922 131
49 436
657 618
470 376
622 542
726 997
607 693
865 600
989 100
57 212
813 781
220 808
712 841
426 705
85 166
32 358
296 432
793 952
50 614
679 23
508 404
19 466
448 235
417 788
686 474
999 851
606 219
10 669
411 435
374 847
601 757
205 896
540 349
200 589
315 878
612 174
634 982
639 81
569 56
869 606
881 219
456 838
789 466
506 199
252 231
398 852
987 602
100 527
950 651
467 616
528 430
789 513
764 428
946 332
