-1
-1
-1
-1
28 249
416 433
16 25
569 627
-1
40 96
-1
-1
455 588
563 619
83 143
385 420
62 163
-1
-1
196 297
-1
-1
332 338
-1
599 748
-1
-1
-1
-1
142 316
329 349
179 284
258 376
249 393
352 387
332 562
-1
-1
631 693
52 161
532 542
-1
281 340
89 348
318 381
-1
-1
552 562
-1
45 87
-1
-1
-1
80 130
-1
-1
188 323
-1
-1
-1
-1
-1
-1
189 258
658 750
99 475
-1
-1
163 349
-1
-1
2 16
94 157
-1
270 467
168 456
731 864
-1
616 661
-1
76 85
245 259
401 447
-1
506 584
632 770
78 83
39 49
-1
318 357
329 429
343 363
-1
-1
-1
8518 13563
32204 36094
87950 88462
46897 46911
33402 62840
