500 800 1450
479
455
337
725
41
799
114
667
532
371
161
130
671
765
192
48
104
736
528
307
294
431
594
622
348
185
788
585
70
304
600
240
317
567
274
362
659
140
211
703
728
516
543
443
759
735
65
320
315
331
79
535
510
210
84
636
81
583
2
312
370
779
637
342
645
769
85
529
143
698
721
51
101
226
343
475
40
414
184
384
138
160
232
418
517
208
237
770
11
277
579
764
94
712
217
461
753
63
75
437
182
295
417
780
106
701
197
176
621
505
798
419
20
302
250
717
465
46
87
350
224
416
218
566
434
96
18
13
100
442
415
655
19
707
68
595
682
412
413
494
145
634
508
259
571
704
179
699
73
359
67
177
537
37
647
133
408
441
490
313
613
468
340
424
624
734
222
77
427
325
245
347
268
187
198
421
279
110
305
5
153
58
158
71
191
620
715
521
132
680
551
556
321
423
200
599
164
410
789
289
557
326
44
144
80
603
228
93
113
310
432
201
272
361
388
221
374
396
609
766
463
742
168
254
486
353
181
155
774
500
495
135
501
425
628
129
692
630
121
266
344
163
401
592
127
783
761
631
522
385
383
565
88
105
439
9
460
496
700
514
206
520
398
108
456
741
467
97
32
229
564
288
534
444
473
722
47
796
193
141
549
118
122
102
117
234
403
199
377
409
450
515
545
275
15
167
262
665
662
666
387
247
582
204
610
253
584
24
732
286
509
513
61
756
502
115
745
615
511
241
166
748
56
271
244
249
276
757
389
296
126
676
605
478
683
771
519
464
227
498
651
89
691
705
485
635
727
644
693
128
484
363
27
654
710
785
202
406
55
43
339
499
690
3
54
282
147
689
526
351
550
506
640
661
773
123
352
487
212
284
559
354
570
684
391
291
112
59
39
649
576
574
264
658
632
457
335
280
214
751
82
373
452
791
33
159
334
504
541
782
546
402
618
86
459
349
558
596
669
390
23
405
503
623
196
231
74
386
469
119
14
53
525
447
497
563
109
42
737
190
470
411
768
219
116
436
726
646
664
207
290
103
548
604
614
462
606
395
663
719
393
740
156
694
674
338
316
178
175
590
239
216
531
530
400
76
22
760
477
524
328
7
369
775
657
322
426
301
679
601
382
269
203
772
72
261
38
299
629
586
178 459 4
507 599 5
485 622 74
674 90 70
649 250 50
384 586 196
70 243 224
581 24 44
459 578 138
196 225 105
788 624 49
154 456 143
533 194 64
110 610 2
513 176 69
110 430 196
198 696 190
540 114 189
235 374 221
292 585 37
412 620 111
531 248 101
218 86 196
727 232 80
549 747 142
87 188 83
489 445 55
11 176 153
637 461 168
399 42 113
671 354 3
796 148 211
95 528 135
50 559 114
506 715 11
538 555 69
190 658 151
731 692 43
75 11 85
47 26 71
600 621 78
658 24 188
339 764 106
192 413 119
23 745 55
214 585 112
406 664 165
769 759 194
587 269 220
748 639 119
457 405 5
647 686 55
145 119 175
499 740 35
399 340 133
793 575 147
41 192 187
642 569 40
553 20 66
337 435 178
735 136 65
656 160 184
469 562 197
248 613 171
150 334 225
75 468 219
486 630 134
253 369 194
791 87 58
227 606 192
608 133 76
179 263 174
629 421 105
393 472 156
429 534 142
251 224 147
345 448 203
675 518 180
383 595 194
232 244 187
563 129 123
349 120 195
734 287 16
676 62 26
417 192 160
282 682 128
200 292 72
166 725 56
515 127 77
259 769 119
277 24 192
295 703 126
631 284 94
733 558 41
163 743 98
518 238 202
458 681 84
500 541 209
249 711 97
267 523 133
502 687 69
607 422 209
737 541 135
765 744 136
521 326 9
756 525 108
277 20 28
107 768 145
755 75 31
340 701 159
247 283 7
740 381 122
206 325 177
438 512 160
486 466 190
2 108 55
738 741 46
318 724 225
627 472 210
276 497 138
187 466 105
275 405 1
727 375 1
84 764 97
660 692 191
677 193 185
312 624 1
431 20 216
526 750 140
443 392 186
660 460 30
722 340 93
104 155 197
53 613 80
145 95 75
109 31 2
595 489 40
115 469 46
657 786 184
170 318 20
562 729 196
493 768 164
334 277 179
586 312 112
507 486 189
498 758 85
564 657 121
206 731 23
576 431 75
494 318 104
193 450 212
670 95 15
123 438 92
545 434 50
377 306 191
127 473 107
409 404 7
138 456 157
347 613 64
596 232 204
199 758 201
712 660 182
326 86 141
757 107 109
576 32 216
70 361 92
100 528 182
759 779 17
626 796 48
530 744 134
184 453 74
795 177 94
336 238 42
189 115 85
591 42 130
190 239 92
51 88 8
600 501 32
28 730 218
703 209 5
180 316 164
352 322 155
137 593 121
444 261 114
772 634 102
542 708 43
779 17 114
716 431 100
353 706 188
596 108 171
477 549 109
142 684 85
790 613 122
449 777 135
149 63 28
89 343 130
740 696 56
418 248 61
272 657 88
376 686 213
258 555 197
144 346 71
445 104 12
618 760 75
30 682 38
639 610 13
427 226 79
269 319 154
710 466 207
27 730 8
259 798 96
620 258 209
470 12 196
437 90 168
466 719 203
349 611 5
573 600 132
129 148 30
29 479 216
494 592 155
160 86 198
249 220 120
345 54 55
594 657 152
171 106 133
134 555 103
245 586 105
242 178 104
364 662 36
252 35 34
656 235 18
624 25 166
642 273 196
448 796 38
222 501 208
732 236 140
762 770 137
459 610 209
644 553 83
219 443 101
317 759 38
126 251 11
63 288 4
274 338 84
405 253 196
407 734 95
736 258 25
57 428 11
610 284 41
762 374 56
796 710 106
473 209 162
677 1 24
284 767 23
664 70 17
483 774 111
707 512 159
613 337 192
255 480 191
22 112 95
46 359 134
56 255 193
776 286 117
629 227 123
739 104 183
361 762 202
653 193 100
487 220 196
44 134 115
789 404 31
654 582 151
474 208 4
283 128 195
522 687 16
175 381 169
221 165 58
651 607 182
774 156 147
182 646 81
371 430 174
666 199 150
592 578 128
17 153 29
617 319 8
402 784 4
432 464 17
96 580 9
359 269 130
421 462 168
767 196 213
622 289 28
524 728 178
679 113 50
397 204 185
777 78 159
94 289 22
64 768 98
729 264 181
191 376 36
516 234 108
5 66 103
85 163 87
743 29 180
529 142 90
363 616 66
550 230 26
566 713 123
73 428 110
282 448 74
88 270 137
702 654 22
730 107 165
122 187 5
400 764 192
557 273 7
374 319 40
665 515 15
634 787 129
505 779 162
388 119 83
689 491 148
80 722 77
358 415 77
199 59 2
643 368 50
734 4 149
256 574 130
696 563 79
392 757 23
106 465 190
795 74 188
141 427 79
702 391 127
397 170 152
102 682 79
684 305 93
571 600 60
598 143 63
316 792 207
392 433 76
788 482 3
691 595 97
246 703 220
51 194 70
21 486 155
475 639 193
428 187 3
252 264 140
370 573 152
36 530 146
324 176 150
652 142 7
789 283 142
668 717 139
472 546 61
238 709 121
2 738 154
105 411 14
360 717 142
581 235 138
408 722 16
469 634 65
696 760 34
367 610 204
216 494 16
103 646 30
686 95 74
515 209 160
298 334 11
697 138 210
464 574 216
715 415 223
197 246 44
673 559 14
316 79 57
305 657 55
253 247 120
693 272 52
777 741 16
499 579 87
220 431 175
771 601 151
160 5 136
247 661 190
72 177 90
490 75 177
37 319 131
447 303 176
322 299 162
386 679 180
54 124 108
182 20 16
782 733 135
696 16 146
687 607 70
783 119 118
394 301 87
488 393 122
270 252 147
263 638 85
36 792 65
41 770 183
377 716 109
284 569 20
554 680 203
513 671 43
264 564 202
195 322 118
96 88 219
143 93 189
367 160 78
217 599 40
758 395 162
619 613 91
554 643 115
93 570 111
142 348 117
675 754 88
85 192 175
307 195 65
663 196 79
368 511 132
693 229 184
249 188 52
779 553 81
649 125 169
90 113 70
366 671 43
224 594 25
776 179 225
415 287 153
708 643 32
330 426 98
466 120 105
130 584 103
261 349 131
698 163 127
318 711 204
323 252 38
688 798 133
369 779 14
625 462 103
189 14 64
140 552 185
274 329 201
422 496 205
672 277 202
135 243 66
711 401 50
309 208 84
367 429 223
741 44 49
718 732 166
188 613 152
705 645 80
294 473 129
130 59 5
108 585 52
92 718 92
610 88 51
492 199 173
800 181 108
393 410 92
616 422 115
652 369 58
728 671 92
62 632 171
598 55 87
343 585 155
49 108 34
776 585 179
764 430 199
393 729 16
259 622 177
219 589 177
319 287 19
199 570 187
532 12 114
214 607 192
78 501 156
41 17 189
45 252 77
387 414 137
19 107 88
285 450 161
601 430 43
306 199 67
687 593 167
91 167 159
42 672 92
661 100 186
486 455 220
166 425 21
214 246 119
125 789 185
429 300 18
679 14 193
216 195 84
602 159 32
159 338 7
444 653 100
606 748 30
486 86 63
385 233 173
144 638 161
754 523 42
784 380 56
488 561 168
793 21 97
452 543 52
455 537 207
55 5 153
456 230 40
473 694 98
350 495 117
271 709 156
172 510 14
751 299 35
380 418 169
189 106 49
537 29 98
785 7 8
453 576 61
391 696 207
434 456 80
97 487 156
558 318 163
786 356 88
404 370 214
35 468 81
709 433 32
678 238 176
729 100 109
176 9 19
221 77 62
787 662 154
266 508 205
139 606 50
765 217 115
725 48 53
313 202 125
709 581 116
438 351 11
649 473 158
656 320 6
59 565 102
468 74 62
24 696 164
431 218 38
191 25 38
317 563 50
487 741 85
583 341 23
147 430 207
409 15 201
645 683 164
481 663 196
160 674 220
252 214 221
76 707 96
704 294 113
747 241 98
41 602 224
156 104 64
104 682 70
800 287 153
315 275 61
336 112 186
343 405 66
99 88 152
302 592 208
115 308 59
706 39 148
798 755 62
202 422 39
446 594 136
127 731 22
289 90 91
121 305 144
433 486 209
29 501 37
146 518 190
111 7 112
685 701 36
131 193 126
96 10 220
366 66 145
4 789 26
761 647 162
107 209 38
262 324 161
738 686 153
651 495 149
237 557 30
611 422 183
281 483 188
187 468 47
129 322 28
295 398 198
576 404 25
37 623 98
288 670 26
164 60 45
130 385 19
798 583 204
548 266 185
215 745 125
745 597 125
10 405 208
391 159 218
286 750 23
235 747 9
167 741 54
674 722 173
485 271 1
214 566 108
229 113 2
81 715 165
250 730 73
133 518 43
471 644 146
158 98 153
780 600 13
693 704 33
272 55 180
690 653 186
356 326 11
274 70 66
38 65 31
389 399 11
426 1 109
241 208 165
322 49 133
694 580 99
136 224 55
579 759 145
103 548 94
681 592 217
523 634 90
769 196 67
527 47 68
260 519 42
233 209 98
752 466 18
799 161 111
394 607 127
57 682 201
238 337 147
546 193 63
542 443 178
219 223 219
678 490 114
342 390 20
77 312 93
210 362 22
690 287 102
660 794 53
87 763 49
164 53 223
599 287 144
437 50 191
526 544 81
782 512 62
154 558 24
73 99 179
450 5 16
686 326 50
443 8 122
332 760 223
11 430 194
67 552 208
7 4 168
508 312 77
213 731 38
756 391 198
495 145 9
481 77 7
327 171 20
499 374 6
659 93 130
220 663 56
479 107 54
345 30 220
223 770 56
782 172 85
179 453 139
123 88 88
511 142 138
237 443 25
417 517 180
253 779 196
580 744 153
357 162 211
116 698 51
657 553 104
61 461 225
12 721 61
76 238 185
474 551 67
566 188 66
38 451 27
612 661 171
12 501 196
577 421 144
186 762 86
504 53 1
151 360 116
264 594 113
472 66 127
548 47 39
755 46 180
271 28 119
573 62 47
333 171 114
471 340 117
388 418 113
792 513 72
113 684 109
135 206 89
276 791 173
441 238 172
9 113 168
33 520 84
80 44 149
714 735 171
741 496 73
773 25 12
478 541 17
552 324 86
471 497 129
60 12 89
224 795 203
92 759 182
403 484 196
87 157 138
697 398 84
605 238 93
674 387 59
60 15 11
701 100 171
311 658 8
454 48 186
162 641 148
362 496 128
130 483 55
718 601 143
570 476 52
465 116 50
509 60 200
497 74 33
592 702 167
740 61 80
355 322 24
488 609 50
675 189 37
556 771 81
62 134 220
300 324 172
118 692 87
771 22 85
267 740 39
481 335 102
133 593 138
576 153 155
69 361 3
229 389 209
384 309 211
6 510 8
776 324 49
692 330 180
117 592 213
728 454 75
38 373 9
582 380 219
329 134 49
253 50 179
641 369 109
234 220 148
152 502 208
3 459 172
416 236 62
81 131 129
34 479 179
467 347 10
623 576 39
204 707 200
27 417 21
195 752 153
149 134 83
640 643 58
516 316 96
579 167 119
471 372 196
186 170 225
650 577 131
432 616 206
612 305 86
714 226 191
349 761 62
511 186 77
227 74 181
501 453 144
746 60 99
689 640 128
48 503 201
280 360 97
207 131 79
732 466 176
29 522 76
320 214 223
425 225 19
347 595 4
565 264 192
373 553 205
603 508 41
350 20 184
308 64 182
314 279 100
423 396 42
130 421 127
556 171 200
719 280 209
278 224 189
202 79 61
536 379 153
443 197 35
55 788 154
499 233 131
674 582 202
476 375 160
102 81 87
594 139 18
444 594 90
570 589 153
98 192 82
395 182 167
475 614 179
354 324 76
547 20 120
48 55 123
96 731 75
263 715 81
475 754 39
68 612 117
301 740 63
691 482 161
341 202 11
471 5 167
560 669 206
794 190 197
722 620 179
436 309 144
30 105 159
778 797 188
578 643 67
114 696 195
439 551 117
670 649 27
79 555 26
362 339 60
517 670 16
239 116 68
712 233 149
537 68 72
800 391 137
316 473 174
7 24 3
251 639 176
335 36 5
514 369 169
650 791 37
729 638 168
599 76 96
673 326 71
493 5 161
61 430 21
8 115 116
575 602 124
110 371 193
447 495 176
527 28 108
386 564 218
361 188 95
287 768 50
1 579 213
32 309 87
16 248 211
628 501 9
795 611 204
385 480 147
65 138 77
731 70 112
240 622 176
149 451 76
396 537 128
590 340 82
352 713 50
711 446 89
788 161 16
289 98 19
240 544 219
597 298 25
297 541 144
260 706 123
35 550 126
686 325 155
104 354 111
759 483 84
297 278 184
246 290 3
205 327 14
647 548 118
304 617 198
189 638 123
185 587 211
424 460 186
484 614 187
626 383 172
621 702 68
780 627 49
514 356 193
86 273 105
711 543 87
210 351 64
353 214 130
569 39 18
306 266 29
334 27 136
312 594 62
758 302 29
43 160 111
228 638 199
151 508 11
382 639 190
775 344 72
593 592 163
40 107 135
587 258 15
620 560 12
183 657 38
450 405 201
535 58 69
706 233 90
282 261 202
463 277 15
157 665 223
369 455 206
597 528 68
602 761 16
389 750 47
397 557 129
404 421 151
147 366 8
167 431 205
324 671 5
223 741 56
742 669 94
304 183 136
159 701 136
380 318 96
230 20 71
227 182 75
553 300 133
310 238 129
792 453 215
561 718 25
747 111 68
485 68 166
268 252 13
337 230 104
766 14 34
761 555 140
63 340 50
207 119 134
413 383 14
254 576 132
594 497 162
491 354 107
525 24 199
35 605 203
545 231 178
85 266 52
343 88 17
375 369 150
89 54 96
648 291 134
7 600 106
602 128 182
367 313 69
3 415 140
221 107 160
143 672 120
67 178 127
444 240 85
262 762 36
676 410 225
678 106 57
595 109 32
582 250 187
346 222 168
753 760 37
550 615 92
220 253 178
209 355 113
47 604 196
52 225 31
738 215 47
662 502 132
303 794 86
674 450 34
119 192 5
758 385 221
81 273 200
233 567 151
8 776 158
777 112 130
754 749 34
638 209 50
698 391 100
252 508 113
670 549 5
541 220 161
480 218 147
630 643 206
503 450 66
139 629 160
243 518 146
114 224 109
435 231 180
320 178 222
699 718 43
772 139 189
532 722 70
751 75 165
134 668 116
426 377 144
71 518 148
717 128 163
442 106 88
397 623 105
670 133 161
280 227 205
133 694 109
208 60 207
797 515 169
174 495 157
699 131 74
755 354 211
242 477 210
466 579 46
200 352 169
562 740 82
735 319 157
376 400 67
114 177 47
351 717 27
641 451 146
240 5 195
636 404 123
474 725 20
598 627 213
429 682 68
39 506 118
40 744 98
57 139 222
173 638 50
321 599 24
83 169 23
585 496 32
331 369 221
464 543 91
262 287 53
275 205 46
478 123 202
175 84 205
683 25 212
555 703 66
719 297 174
383 124 142
15 434 58
722 57 65
742 755 123
506 162 94
420 603 60
492 379 125
519 14 184
749 166 207
432 283 43
243 159 181
726 129 42
719 397 70
168 229 176
695 369 211
445 451 121
322 238 81
329 228 182
333 469 133
442 135 108
265 182 16
201 244 54
528 277 43
655 29 67
567 614 102
771 538 54
348 460 28
554 653 108
156 319 45
497 311 202
749 348 106
200 215 96
768 248 192
240 507 158
285 313 138
667 447 172
618 99 15
430 664 188
446 752 11
388 631 33
720 726 137
323 690 148
585 103 8
614 295 58
589 335 10
604 227 5
218 117 33
160 221 183
549 504 56
100 684 13
626 477 166
628 595 106
283 799 53
83 74 112
37 221 50
744 160 212
281 272 116
736 116 203
779 153 82
124 329 77
474 100 128
281 618 29
684 376 193
311 208 4
692 233 174
735 217 202
25 499 50
258 718 8
290 110 180
120 87 173
647 712 150
462 453 221
66 280 157
158 278 158
490 116 147
346 321 91
410 148 84
568 17 35
309 787 105
764 768 13
544 607 62
245 144 168
501 691 54
571 363 55
58 370 52
208 63 12
593 757 127
212 770 23
731 457 23
38 74 33
702 613 8
255 671 193
597 529 101
667 172 51
22 225 177
451 80 208
760 209 69
717 381 48
682 430 5
437 405 61
487 25 109
65 356 71
252 225 116
345 487 15
367 492 133
539 76 156
211 266 11
484 767 6
543 354 27
750 93 76
519 669 81
667 658 78
169 340 158
685 532 43
440 694 59
398 334 149
144 417 130
47 162 212
793 195 22
766 716 10
192 496 137
633 153 28
390 48 190
338 16 137
88 273 124
19 432 72
635 116 64
512 113 142
270 492 60
361 238 108
572 224 156
404 672 64
426 748 84
259 252 157
692 668 168
551 271 16
226 703 117
167 793 185
763 461 187
257 18 25
152 90 92
184 276 205
143 595 20
584 674 46
76 327 213
781 128 31
659 49 50
279 110 207
520 385 72
721 779 56
293 318 189
457 274 104
412 626 23
482 479 102
126 618 43
654 656 57
580 269 19
559 629 225
196 245 149
373 16 14
444 790 215
90 242 201
679 157 64
9 380 100
241 115 210
714 667 121
81 362 61
710 63 161
211 80 161
407 678 129
723 790 139
17 434 129
59 724 198
672 127 55
461 107 45
713 264 103
327 717 27
257 591 172
225 31 207
33 120 211
103 422 110
530 651 28
235 500 160
248 72 24
675 172 201
204 740 170
491 54 33
394 322 92
511 599 180
368 398 221
303 107 195
201 638 173
584 611 107
128 689 162
543 100 27
177 182 54
458 563 154
552 280 89
189 753 174
755 289 156
200 513 213
673 521 170
465 528 211
203 152 186
493 682 2
333 199 145
26 727 51
728 418 73
775 352 66
680 217 102
675 583 78
439 359 50
712 581 99
343 321 68
770 182 207
165 629 169
7 224 23
583 760 167
794 111 5
515 138 96
1 721 18
90 528 211
261 517 156
414 277 170
780 572 9
31 421 24
732 231 2
75 104 75
99 645 179
790 517 211
42 313 94
493 735 118
500 185 147
512 160 186
97 666 177
364 1 173
244 655 55
542 250 11
144 439 165
593 641 170
700 75 14
381 398 173
750 569 60
296 366 213
328 511 90
555 84 7
796 541 25
153 431 213
622 453 90
268 166 219
775 490 92
74 383 156
627 246 197
161 770 51
598 511 181
545 325 71
414 507 54
632 15 29
404 188 193
401 501 67
201 149 149
193 272 103
692 310 105
574 768 33
575 462 177
40 590 115
39 392 74
112 712 109
455 25 135
358 192 58
365 295 104
297 284 80
411 340 199
63 234 86
783 530 112
496 153 86
646 31 161
569 745 178
181 715 177
137 492 10
794 759 200
209 230 163
190 294 200
205 104 159
189 411 188
694 453 192
667 279 111
236 404 173
586 666 141
744 37 8
706 798 169
18 467 78
116 419 186
378 20 225
300 533 139
540 764 211
528 80 119
669 559 109
148 594 166
409 519 200
194 526 60
698 79 209
546 181 121
101 532 172
662 633 71
643 649 180
612 567 124
312 10 143
609 655 168
534 20 146
132 53 36
663 405 94
379 343 64
535 113 224
456 632 26
118 544 61
174 2 116
724 540 82
765 253 48
785 689 88
324 553 93
715 397 109
787 473 194
172 571 63
231 7 215
571 799 192
365 466 60
439 325 198
584 430 45
340 726 84
477 431 60
454 218 198
307 502 105
299 20 40
278 171 149
215 533 57
254 462 222
649 35 68
559 613 101
14 686 205
533 430 197
48 132 17
460 383 218
598 122 34
397 353 203
544 349 223
219 295 125
344 111 15
445 420 68
510 491 31
136 324 45
237 481 33
13 398 83
670 378 69
526 421 169
325 764 45
799 323 68
615 462 3
372 343 91
489 718 153
82 154 101
723 638 43
128 88 83
705 528 67
291 24 130
273 277 58
155 767 198
588 639 130
513 624 133
225 209 56
419 78 198
395 171 198
