350 600 1200
335
78
419
394
550
32
399
584
196
478
503
558
234
283
557
247
325
169
283
51
54
200
418
441
328
351
335
535
144
537
348
230
14
167
376
315
198
174
299
145
403
553
102
36
235
58
34
312
227
316
362
280
267
179
120
595
281
206
529
176
143
276
406
508
194
533
223
391
106
273
535
260
225
389
295
460
446
81
523
424
396
284
456
63
214
327
57
494
533
337
70
75
364
227
334
558
159
556
100
16
580
387
275
205
175
321
416
372
401
338
196
549
373
403
11
586
129
419
231
413
507
300
239
270
278
573
579
436
280
79
203
260
465
477
216
391
550
383
162
102
120
109
50
244
511
412
229
392
582
459
556
488
511
195
510
188
519
488
376
198
318
578
209
182
207
176
324
156
558
486
257
429
594
59
424
257
470
52
400
452
263
355
91
525
549
600
464
219
240
591
169
557
569
377
491
527
305
214
434
14
451
90
443
197
500
266
453
370
70
4
221
84
358
63
360
59
63
223
277
54
214
445
10
534
574
252
212
278
466
45
291
316
486
485
512
386
503
116
155
324
119
127
407
229
189
518
287
3
492
315
408
105
512
170
390
485
421
1
514
38
45
556
354
531
193
17
68
95
485
222
170
355
100
328
583
288
245
21
43
136
88
450
593
599
19
134
235
440
135
500
477
531
455
582
213
47
351
280
493
235
253
62
341
352
389
324
40
33
96
434
521
535
283
513
533
54
46
519
245
532
418
473
463
273
207
427
71
557
107
564
543
359
377
35
463
166
110
502
550
206
87
470
140
121
382
425
174
180
343
170
577 502 46
219 121 103
428 534 149
527 379 89
358 186 65
261 200 201
273 15 170
447 77 89
420 519 58
284 259 11
5 225 189
39 516 102
408 240 67
360 26 190
101 328 67
248 67 127
585 144 134
235 100 94
596 205 53
442 335 5
591 43 198
556 112 182
4 333 91
66 403 49
416 25 192
411 379 66
302 400 219
73 453 18
87 429 98
470 592 224
351 326 197
522 239 131
350 488 47
43 328 48
129 572 19
423 331 127
525 303 165
12 221 129
237 598 25
107 455 205
279 360 147
531 397 53
277 418 108
388 264 92
389 548 50
203 549 59
412 301 192
160 154 199
156 211 120
216 143 204
437 579 33
231 574 59
65 355 178
571 334 172
477 240 140
36 105 200
400 438 165
472 533 219
544 453 223
60 35 87
205 232 160
459 329 142
207 464 125
91 353 93
559 84 66
181 14 52
469 323 184
438 323 202
358 347 198
268 60 88
243 396 105
26 40 165
17 525 97
12 305 16
29 523 211
570 250 58
357 525 197
57 573 200
128 202 127
551 575 10
155 201 1
294 540 21
291 192 204
129 221 211
297 565 142
5 374 112
245 459 175
581 360 52
321 416 171
174 266 44
394 121 166
202 47 30
102 68 155
135 310 154
267 568 207
266 516 216
446 465 55
426 293 193
207 313 144
505 219 26
544 135 200
356 538 220
71 315 118
487 66 17
256 277 103
326 324 76
63 215 208
506 216 55
9 160 88
118 399 10
538 319 171
196 82 112
410 452 68
108 578 119
283 455 26
591 100 20
480 497 206
179 89 142
219 445 138
526 335 147
384 260 27
499 573 207
16 19 46
458 520 62
314 292 124
249 187 136
106 516 121
381 391 130
149 84 37
369 225 64
306 274 209
567 275 209
235 353 178
376 212 15
573 530 188
296 122 202
558 475 149
518 357 121
124 528 52
116 208 13
252 498 50
42 376 119
386 463 156
411 204 125
322 26 11
359 135 112
330 456 65
217 14 174
64 281 216
10 379 14
449 271 2
70 516 146
191 33 224
347 341 5
421 76 188
318 330 185
190 134 108
236 357 99
428 288 190
27 200 83
61 5 157
27 306 127
392 393 59
45 523 121
131 398 127
284 369 95
285 555 5
588 484 7
334 458 91
271 24 168
486 277 74
303 358 54
511 545 25
492 600 188
493 402 214
418 480 150
233 377 199
161 274 144
251 245 7
370 255 144
445 479 83
481 85 190
504 152 115
372 598 92
318 49 145
166 568 86
576 388 127
161 141 159
341 66 15
515 379 45
594 53 44
189 472 203
39 87 159
26 172 30
354 433 157
338 445 188
253 1 95
491 395 177
410 85 70
3 565 140
36 129 20
32 596 75
286 214 10
85 500 84
21 512 13
478 188 122
110 343 1
401 409 120
262 4 143
424 523 225
251 12 150
413 211 103
436 335 37
133 12 89
440 404 199
587 592 77
59 85 181
398 547 3
121 373 126
547 203 163
481 462 26
376 424 64
494 413 57
545 425 218
418 310 103
320 578 187
463 65 225
531 564 27
395 212 89
145 523 175
113 574 202
359 229 155
204 380 207
348 151 174
24 27 173
258 326 11
127 72 96
40 511 172
180 452 58
288 306 17
28 405 159
349 536 131
307 425 134
269 415 68
355 23 68
512 469 52
94 452 88
351 28 134
177 176 168
316 141 154
294 522 146
280 271 141
53 558 30
477 364 133
283 392 13
68 180 108
421 147 223
77 172 107
106 350 135
51 426 27
196 582 134
239 65 225
335 105 144
309 53 27
42 495 44
300 478 42
12 303 14
349 563 175
596 481 25
128 265 65
287 364 44
453 534 169
381 239 193
88 395 14
488 401 118
25 308 142
22 39 21
74 401 128
407 223 221
303 594 149
371 98 196
498 174 49
74 182 224
437 236 81
203 308 194
415 375 83
63 256 74
41 31 220
437 96 121
550 47 109
380 260 157
462 474 142
369 278 132
347 568 61
185 410 225
14 492 125
220 437 31
565 226 134
175 433 49
490 204 166
122 393 20
6 147 38
424 347 154
79 328 135
22 526 5
492 67 111
476 569 104
576 398 85
206 205 130
14 233 185
573 516 150
174 542 91
260 424 214
496 357 169
585 235 101
179 328 153
54 232 186
557 541 70
61 77 160
35 166 178
131 505 58
403 153 7
548 287 64
442 175 211
198 280 133
509 224 210
573 592 160
159 64 174
553 478 207
238 343 83
404 217 177
164 355 20
74 502 1
395 223 159
170 523 161
140 494 148
128 502 59
438 165 26
244 215 150
175 483 133
80 22 225
128 190 199
500 91 39
275 310 218
105 50 135
20 261 116
200 267 146
570 180 78
109 571 110
18 176 138
536 385 90
24 318 46
14 122 59
315 152 119
444 403 168
86 148 89
403 568 101
396 358 67
521 393 115
308 245 146
270 551 186
432 436 79
478 567 111
522 86 62
168 256 205
60 512 219
201 370 199
29 544 78
433 296 62
501 110 14
562 578 93
600 425 69
377 407 26
109 481 83
236 447 30
48 533 33
383 193 118
132 379 111
75 220 29
557 85 21
593 513 41
192 200 98
527 301 82
363 577 216
338 21 8
174 89 117
312 349 147
280 532 218
508 419 145
529 195 131
198 384 8
278 366 123
284 592 144
38 215 180
463 133 15
146 198 198
427 28 166
542 408 185
473 453 34
71 143 32
154 72 40
345 574 67
413 151 208
476 445 142
173 405 132
315 570 105
171 203 66
533 151 188
292 436 29
215 228 58
587 89 75
149 163 197
429 388 135
479 403 106
119 241 53
328 412 161
387 342 43
443 352 49
399 201 124
188 113 35
404 521 121
374 67 52
480 71 83
73 427 63
196 118 183
43 397 137
250 545 106
287 276 39
408 154 205
159 446 95
131 455 36
368 48 13
179 423 9
467 102 152
313 54 188
303 557 142
33 501 53
475 135 167
137 486 153
31 301 143
246 551 33
448 463 44
560 459 179
138 196 12
133 201 104
459 134 210
20 77 199
492 322 24
45 501 169
270 240 32
312 85 200
169 135 108
379 203 40
430 168 66
117 326 142
487 416 218
535 464 98
554 89 180
100 307 146
290 75 162
220 403 21
241 322 107
28 208 120
271 570 27
561 85 135
50 213 199
234 353 109
267 118 73
407 362 28
528 384 84
516 443 143
165 7 30
524 415 54
266 311 173
60 397 170
434 335 141
514 335 189
265 161 203
414 83 115
465 439 139
523 270 23
1 167 206
221 45 96
585 23 180
581 425 120
62 147 12
569 436 77
283 274 127
353 411 76
511 393 155
378 187 163
466 479 191
42 485 80
109 63 224
422 331 175
313 51 35
5 282 104
268 47 96
135 355 4
304 594 121
539 48 81
127 15 153
103 587 191
580 130 200
117 422 53
495 417 218
176 26 83
139 544 199
173 96 102
516 356 223
189 176 214
11 310 174
580 513 44
105 433 111
158 125 153
160 41 15
382 468 193
400 279 170
253 118 222
522 91 140
140 413 215
202 150 178
560 521 128
309 300 141
209 137 54
96 547 166
491 2 149
115 524 157
153 511 221
172 418 102
389 165 150
532 324 120
157 557 56
130 255 92
366 568 105
112 83 48
588 7 29
365 66 57
460 389 196
37 559 38
298 486 82
223 280 137
598 205 39
478 444 165
92 331 72
193 568 92
364 600 211
104 569 37
349 54 63
224 427 142
551 113 195
486 498 198
409 252 59
19 254 225
54 139 104
537 311 139
413 470 68
143 485 173
124 12 178
208 473 49
178 25 25
268 312 3
577 178 73
71 102 171
3 447 173
325 154 134
211 504 74
308 261 162
430 275 90
101 364 41
570 434 178
278 466 2
447 439 47
113 287 98
549 545 97
543 467 137
474 540 179
591 575 151
422 554 60
121 174 18
455 97 9
195 411 163
219 362 34
510 385 78
310 15 108
42 264 79
180 492 168
457 111 73
485 373 148
553 152 7
231 532 86
172 596 139
199 323 173
517 116 160
177 489 59
280 215 40
397 63 63
552 318 56
303 482 137
570 316 163
29 362 218
67 323 10
378 274 114
196 544 222
439 517 171
425 291 86
213 335 74
152 501 182
144 24 36
308 204 96
319 446 91
150 9 50
331 200 87
209 314 74
276 465 5
191 343 187
85 347 203
356 355 186
156 107 209
4 424 35
443 166 58
489 54 1
502 305 96
81 164 54
106 456 171
362 19 46
226 596 165
126 498 84
184 526 175
60 564 54
230 447 69
424 384 86
385 416 64
334 476 189
513 326 24
430 74 55
177 54 89
461 193 98
477 455 126
509 493 222
76 77 167
57 180 36
506 307 188
324 436 225
36 93 194
86 264 28
74 89 48
468 317 131
272 459 202
520 538 222
343 403 90
84 210 16
337 139 47
210 447 37
391 27 211
64 304 152
559 587 213
21 567 3
163 193 119
279 489 63
373 476 6
46 200 193
367 526 72
535 172 73
99 115 70
441 295 97
406 218 219
90 26 88
50 1 144
357 203 157
555 276 35
220 544 121
165 280 146
398 188 177
239 445 149
117 548 180
221 103 134
257 391 144
391 580 40
188 89 92
209 339 68
548 349 150
375 335 108
456 213 95
571 15 23
128 89 156
467 280 187
107 493 184
227 214 61
446 405 42
490 459 1
201 121 165
529 200 150
452 510 223
530 20 99
218 187 12
597 119 107
138 288 189
228 359 47
300 32 217
156 434 155
242 244 95
247 453 210
578 193 27
19 215 146
594 248 71
399 181 163
462 562 83
274 423 123
105 369 17
96 274 107
110 494 12
60 452 134
513 415 24
556 414 103
154 213 3
402 448 152
407 180 159
599 193 124
377 475 22
317 558 214
105 219 10
511 150 38
220 167 109
259 567 74
469 496 81
465 6 145
521 333 196
186 574 125
468 71 130
89 449 32
240 286 187
545 491 201
503 196 142
308 148 50
479 544 129
7 416 123
336 289 214
451 203 61
152 307 125
405 232 90
317 568 72
393 278 21
426 147 156
421 180 65
553 313 208
340 514 63
451 143 178
118 335 119
335 568 7
333 32 132
540 444 73
136 12 90
158 164 199
309 527 123
240 291 210
499 239 83
311 112 222
227 291 28
344 489 7
282 417 156
246 412 97
483 463 211
124 93 171
222 181 63
229 476 182
478 65 25
563 124 222
50 495 219
307 333 13
589 572 73
303 323 156
309 536 50
214 186 18
567 523 130
2 516 52
333 100 146
487 349 182
401 260 16
123 56 60
156 305 67
450 25 186
354 83 135
290 505 17
213 228 74
599 265 203
257 390 54
147 331 140
45 584 12
336 306 61
54 218 199
122 254 8
416 365 139
462 285 57
254 30 37
536 458 74
4 351 56
418 392 163
74 526 154
418 551 52
439 380 31
257 276 221
141 386 13
58 226 201
69 370 57
419 325 209
265 454 31
241 154 37
23 140 52
595 107 95
100 190 20
362 581 187
239 203 168
56 35 67
26 347 205
301 453 40
90 404 12
350 31 44
587 572 49
90 596 201
428 545 190
410 138 175
445 75 216
538 120 60
98 596 114
355 11 39
385 315 31
47 291 164
526 85 208
142 569 72
255 427 220
304 135 117
295 498 56
194 588 17
315 106 79
408 600 110
11 550 200
260 276 133
22 209 112
379 540 168
547 343 166
543 317 110
116 132 189
21 240 86
78 432 18
202 357 42
389 436 132
144 456 131
111 107 142
254 209 28
249 39 40
23 575 64
351 171 107
521 173 168
506 6 8
324 391 11
281 486 131
143 435 138
97 181 27
296 548 214
288 231 67
474 312 204
451 201 21
56 277 67
394 401 24
397 325 210
458 6 164
9 93 54
8 196 103
8 417 45
309 17 81
204 502 143
338 170 145
231 78 2
399 583 41
149 202 193
138 412 166
256 413 96
209 188 119
453 101 224
188 168 112
86 405 26
167 419 193
183 596 52
55 200 123
69 330 45
517 355 145
264 311 27
304 453 123
332 168 216
438 20 109
360 418 82
174 232 62
222 455 173
415 456 124
519 456 115
510 406 166
237 34 69
156 501 6
481 562 205
46 575 44
586 484 49
183 223 43
89 526 157
253 355 25
108 520 49
471 158 207
212 476 143
413 15 221
352 294 73
49 540 86
286 236 198
565 419 62
566 26 200
268 503 61
539 162 27
154 532 123
234 426 84
251 483 183
592 384 122
323 416 167
249 308 164
161 149 144
365 556 217
417 325 210
315 182 155
376 396 92
49 425 111
301 567 16
370 555 47
541 442 105
572 273 25
109 378 134
589 473 5
163 155 89
308 97 1
267 510 172
232 73 28
491 359 110
461 246 160
552 22 130
480 2 147
82 207 167
328 310 137
506 573 203
332 480 204
187 358 212
292 393 177
77 96 137
219 471 180
189 130 153
547 262 55
156 197 141
299 429 64
11 229 153
200 232 44
342 560 153
63 196 146
130 576 1
579 415 155
304 325 190
398 539 69
205 49 207
120 24 212
502 274 32
110 514 100
83 96 5
564 147 5
520 222 164
339 461 107
306 468 20
191 246 140
302 336 118
309 68 200
366 589 177
389 416 77
264 200 55
83 478 191
305 377 38
464 287 218
130 277 87
68 303 211
44 169 126
70 481 194
526 122 212
112 550 145
280 204 150
460 451 220
583 279 191
512 79 120
428 362 2
496 237 107
225 569 111
294 130 140
3 225 193
203 406 106
26 411 100
497 349 63
418 80 187
343 380 103
151 121 188
134 323 128
84 584 17
293 395 57
343 159 221
534 577 218
342 66 51
46 75 15
346 298 147
521 492 85
357 197 29
370 170 166
137 345 153
157 116 195
443 400 158
395 135 114
568 203 76
452 11 127
53 179 117
37 50 142
434 450 216
523 555 125
18 599 71
360 321 162
60 282 21
599 131 124
412 466 38
470 168 128
86 496 191
552 314 106
372 530 204
266 578 171
99 154 204
171 401 82
145 585 163
388 217 151
204 427 41
45 444 83
212 461 29
76 148 168
295 206 196
90 541 83
426 588 50
68 30 77
416 357 124
195 497 195
582 155 85
96 66 88
467 294 134
399 254 129
322 582 64
48 345 191
582 240 80
375 114 124
530 427 83
482 370 92
389 399 107
390 370 94
360 484 42
519 329 59
30 53 13
80 297 148
430 167 40
289 68 67
398 459 51
389 430 101
484 301 166
509 381 50
148 492 172
546 303 121
341 272 143
361 485 59
15 232 138
81 479 146
515 73 150
258 291 97
198 268 148
448 404 188
551 377 69
52 294 6
39 53 165
407 46 156
184 509 65
507 275 42
574 357 92
292 386 70
217 228 130
38 586 126
90 580 21
594 434 130
422 547 214
31 56 216
34 358 141
345 110 167
568 194 136
454 125 180
600 29 111
513 192 118
182 24 217
116 581 167
493 539 203
500 367 160
590 271 207
234 460 61
243 25 221
420 54 206
17 547 64
117 284 78
51 349 209
35 544 10
93 39 38
584 278 169
179 14 12
583 164 17
344 459 219
134 329 20
162 15 167
72 538 33
203 232 198
111 56 89
180 265 112
54 277 3
568 5 211
246 356 39
123 554 14
286 294 189
575 310 120
191 85 175
392 66 123
81 12 76
431 236 2
567 245 186
592 433 83
152 304 36
149 115 102
425 147 204
399 346 42
455 459 170
540 465 27
381 124 91
329 380 88
271 219 196
485 325 95
359 81 72
328 418 38
114 510 81
432 206 195
568 539 205
429 405 15
590 286 167
293 203 110
278 536 210
157 62 14
382 474 60
567 15 94
122 421 38
129 213 90
247 89 140
73 153 113
197 218 150
275 13 131
433 53 48
125 179 149
323 255 158
327 65 12
333 54 114
569 127 163
122 179 211
24 56 141
169 402 187
191 311 142
491 149 99
520 385 193
287 544 132
442 38 111
379 255 67
103 188 221
28 135 196
263 368 92
276 232 95
387 109 214
175 75 163
236 197 62
341 100 41
27 280 37
13 419 198
277 260 185
20 220 216
569 86 184
279 112 194
341 95 96
19 277 112
95 228 157
365 473 222
69 437 136
50 302 108
461 165 95
435 573 133
212 554 100
365 87 224
