35 100 375
99
10
54
95
39
54
75
55
33
25
62
27
16
19
25
86
37
80
34
39
36
68
22
99
14
11
32
50
71
50
47
70
11
100
16
76 3 31
6 62 125
51 75 205
79 6 34
59 38 212
52 78 175
9 87 123
16 6 126
64 99 68
19 3 134
73 9 147
21 70 19
44 91 13
70 23 32
77 17 159
24 6 135
98 66 87
86 3 163
86 29 194
67 6 61
39 31 40
11 74 22
32 11 73
50 10 43
22 63 187
75 58 132
44 63 80
51 27 100
93 84 72
19 41 151
32 96 60
65 58 190
51 73 48
51 39 65
15 47 167
81 65 188
75 79 108
62 88 81
99 45 35
55 72 170
20 19 53
40 94 48
23 12 162
18 13 8
35 7 170
50 28 16
12 86 43
99 83 191
68 57 116
33 91 187
63 29 183
31 80 147
73 12 206
7 41 143
28 31 82
27 10 58
5 52 199
98 39 204
39 90 93
15 25 197
11 43 175
61 19 141
47 83 3
69 64 175
59 93 8
32 4 7
66 73 184
77 63 86
100 99 32
63 95 88
48 39 3
17 27 32
4 37 104
3 55 117
62 87 217
56 40 15
61 56 166
49 81 82
1 39 205
67 25 48
55 56 145
84 51 79
72 13 69
48 72 86
98 5 218
69 83 42
42 96 70
41 69 170
49 11 83
58 51 142
34 32 223
60 4 140
33 69 19
51 94 121
50 6 149
16 56 178
96 29 217
15 81 41
65 25 29
91 40 140
33 26 38
94 82 7
86 98 219
44 15 3
99 36 35
40 53 132
62 37 33
53 5 143
100 25 65
94 13 171
27 82 206
97 37 172
96 12 66
92 78 119
83 12 93
15 45 154
72 80 216
45 14 124
80 12 113
18 60 171
36 95 118
15 96 15
85 57 166
20 9 170
26 86 127
32 55 30
100 3 58
41 60 48
52 42 147
2 81 67
19 88 157
66 11 118
49 37 148
65 87 147
91 77 155
67 45 29
54 51 205
55 14 123
27 43 169
94 58 179
13 28 22
3 95 114
3 6 221
69 25 221
17 91 197
85 13 97
2 95 11
90 88 197
7 3 125
95 93 79
59 45 202
6 98 121
74 55 178
60 78 163
38 52 42
22 39 29
92 83 153
95 42 28
47 31 88
13 34 8
27 40 46
24 96 90
17 59 25
89 18 35
10 64 168
42 14 17
14 88 28
30 52 155
60 13 112
82 37 212
73 86 112
75 4 121
47 92 55
40 68 63
38 40 155
92 39 132
25 6 128
57 4 197
43 29 181
63 26 1
76 17 69
9 16 162
90 17 107
87 16 223
79 73 178
46 4 185
37 41 74
94 83 50
60 79 28
45 84 69
58 12 194
86 76 43
63 54 199
76 27 162
8 67 32
9 50 184
20 2 109
69 66 143
52 57 91
79 29 54
35 62 93
29 19 194
1 25 11
6 69 22
77 28 157
85 42 172
86 41 23
4 91 208
45 60 124
64 5 190
93 12 84
28 87 36
58 67 174
61 66 100
27 31 48
17 19 47
92 5 63
10 72 151
25 47 124
30 9 225
89 16 201
51 96 77
68 100 12
16 90 17
5 96 211
35 19 72
94 23 195
31 38 39
58 24 182
58 4 44
23 71 3
89 38 17
20 39 111
30 21 60
51 63 201
45 97 113
90 42 79
44 14 61
6 96 170
100 76 5
26 77 141
72 96 62
69 22 115
98 62 103
88 83 224
73 58 179
73 26 100
29 5 6
98 14 208
55 65 198
84 75 141
56 48 187
91 94 12
70 96 20
51 87 65
26 48 122
5 20 16
40 28 138
16 38 74
65 12 138
86 69 131
53 49 77
4 3 168
57 12 51
56 96 71
83 20 72
9 66 84
34 94 66
18 91 49
1 38 194
70 75 21
100 16 27
87 53 107
71 17 174
71 41 214
15 68 110
28 90 175
41 64 112
49 64 107
56 49 213
16 55 217
30 55 36
99 74 213
41 80 153
61 62 153
75 48 68
42 39 145
57 97 38
6 52 78
51 66 38
53 61 182
2 35 143
71 19 101
38 6 85
47 43 29
63 75 15
46 99 111
36 90 48
29 42 217
32 5 159
9 10 137
87 75 162
60 98 55
26 72 117
81 97 53
31 65 166
97 90 158
2 47 131
73 75 113
40 43 99
29 22 201
73 24 67
60 58 23
95 66 31
36 48 160
70 46 168
44 33 26
98 65 73
52 71 42
48 24 34
86 37 192
49 7 138
82 23 163
91 83 150
38 35 31
67 56 104
92 67 25
18 43 158
89 96 206
87 84 49
34 15 183
10 13 14
65 27 193
43 67 162
13 24 38
39 23 188
77 61 45
10 57 88
10 32 11
74 72 204
9 31 219
77 23 217
63 72 123
75 5 218
48 58 20
52 72 94
1 59 87
57 62 5
4 35 17
62 73 44
51 38 105
8 62 23
81 38 55
42 70 220
54 72 188
13 75 100
95 75 145
54 26 91
88 43 44
88 68 44
31 78 66
4 24 147
47 28 9
22 12 94
45 93 194
61 78 101
11 59 172
44 37 37
6 88 102
54 53 177
1 73 55
78 96 57
28 88 220
35 87 213
64 74 200