10 31 100
16
18
13
31
15
5
4
30
21
27
16 22 137
12 15 69
19 2 192
4 13 163
13 20 211
6 13 209
28 24 201
8 13 169
14 5 62
29 20 24
12 4 107
1 10 142
25 23 216
18 9 123
24 6 31
30 4 98
22 2 10
19 9 129
18 3 110
2 20 85
2 4 64
1 31 43
31 12 45
31 13 52
16 1 74
29 14 155
13 23 24
17 30 54
14 19 184
10 31 119
9 1 20
21 15 56
1 25 18
23 18 165
21 13 186
17 7 192
14 30 153
26 22 199
3 10 156
9 12 52
14 28 67
3 8 160
14 20 220
25 4 27
23 19 128
8 28 222
24 17 148
12 26 100
10 4 45
6 15 17
16 31 40
23 2 90
5 13 212
31 22 80
18 19 81
15 19 95
14 27 120
11 21 48
17 16 70
19 27 202
18 22 73
6 26 215
18 10 29
10 16 178
11 28 60
14 31 115
9 30 177
12 6 186
24 20 139
8 29 89
7 29 154
26 21 84
6 1 21
10 19 7
8 26 187
24 25 222
11 1 129
8 18 62
27 30 66
29 3 43
9 20 140
16 30 122
23 3 19
10 21 177
9 16 203
2 25 97
13 9 12
8 23 129
11 29 139
8 27 169
2 24 159
29 31 165
13 11 86
25 9 218
17 4 2
18 6 33
21 30 95
27 28 151
7 19 204
4 24 21