20 50 200
45
33
38
30
11
49
7
42
40
34
44
46
21
48
34
15
41
13
8
16
8 28 123
45 22 19
34 5 198
42 18 104
41 34 33
27 22 39
47 43 185
39 7 178
16 8 46
29 8 55
28 32 108
50 37 149
7 25 44
32 13 33
44 40 165
1 10 151
44 48 88
32 10 88
45 25 124
8 32 21
43 9 80
24 48 176
17 16 163
29 27 87
43 38 190
15 2 159
34 32 130
40 20 126
33 10 74
33 24 139
50 46 167
43 13 67
2 5 5
18 49 91
31 41 150
48 27 220
21 44 88
46 38 17
30 4 5
15 49 170
28 35 214
19 44 87
12 44 38
6 33 218
30 27 84
29 16 190
29 17 59
6 7 147
47 34 88
40 28 33
17 6 7
33 34 11
31 9 220
41 5 121
8 44 220
14 24 165
44 24 140
38 10 62
48 7 125
2 4 180
31 28 157
2 25 165
42 4 190
36 18 190
34 45 136
4 1 153
6 18 122
11 40 217
36 7 184
2 41 120
21 50 184
5 46 37
5 16 40
5 8 64
1 5 92
25 33 52
14 34 48
20 16 174
7 3 39
33 48 79
47 7 99
27 40 148
33 44 111
42 7 221
4 34 141
9 13 194
50 27 25
19 47 22
2 42 211
38 2 143
41 48 206
46 31 179
46 29 153
19 22 24
38 16 126
9 22 12
42 25 216
41 33 176
9 32 102
7 35 30
27 31 113
19 21 211
24 19 68
36 12 46
40 36 45
7 34 214
37 5 147
10 8 146
27 4 34
25 46 170
5 42 184
19 1 86
42 40 143
23 8 93
40 2 24
8 14 18
13 27 48
37 45 149
45 6 189
22 34 134
32 22 218
46 42 202
41 4 166
26 20 194
31 30 134
3 24 55
45 50 67
44 38 208
18 37 35
13 2 77
16 37 148
34 31 191
47 35 198
42 41 182
31 7 208
8 1 92
3 42 75
13 22 36
8 45 193
45 32 21
33 11 199
29 50 128
30 49 19
14 31 196
2 12 161
37 32 13
48 5 61
22 23 219
40 14 156
10 43 24
35 49 80
31 29 149
11 45 28
38 4 204
1 33 222
41 46 176
6 16 30
34 35 117
11 4 112
14 12 46
19 9 112
27 6 87
1 38 78
42 29 48
12 1 148
13 12 52
43 30 179
39 12 202
37 43 23
22 1 105
14 36 76
3 36 225
48 32 154
40 34 196
1 7 176
9 11 26
31 21 73
26 32 76
45 9 206
48 17 143
20 45 149
46 33 96
4 6 195
14 47 80
46 15 97
16 14 105
33 5 184
15 5 124
4 28 112
49 41 76
37 25 192
6 20 124
30 50 20
49 9 151
28 45 56
7 44 139
31 38 47
36 13 59
34 18 177
30 3 94