100 200 500
41
88
67
97
58
73
39
152
133
15
105
170
138
93
59
92
68
167
125
189
57
92
116
100
75
23
4
68
65
126
176
106
14
43
154
23
115
193
174
199
7
79
168
144
123
179
36
143
97
112
131
153
156
199
52
30
173
7
49
38
85
25
95
98
19
48
120
133
40
45
83
198
75
3
142
150
133
129
44
29
192
174
182
147
124
185
129
97
192
177
134
76
1
28
125
19
75
196
103
67
12 142 219
37 68 107
129 66 39
170 68 128
142 118 58
188 30 182
105 85 208
24 25 158
190 141 144
164 119 191
135 64 66
140 88 70
41 165 100
94 93 51
153 110 138
84 20 92
102 90 31
154 142 213
100 49 80
78 52 171
198 79 60
60 69 158
90 122 191
149 121 51
95 74 179
154 95 87
19 94 164
40 52 132
125 26 186
138 50 128
135 33 44
55 34 107
93 132 193
39 133 12
197 165 28
21 5 116
161 37 183
10 187 160
16 31 121
147 167 147
79 144 119
49 74 152
123 82 106
14 81 115
71 12 203
122 111 181
59 6 108
22 137 219
172 169 78
77 69 203
172 116 162
60 190 122
179 168 17
66 87 51
97 122 70
179 146 12
83 20 113
142 184 32
11 39 31
184 15 141
44 162 167
60 79 207
134 105 122
135 41 201
2 147 117
50 173 42
168 130 224
195 112 179
165 94 3
39 90 55
192 69 107
91 68 83
83 30 168
93 24 175
139 181 140
106 63 149
29 90 62
171 104 108
120 187 145
117 156 100
101 16 142
146 111 32
195 37 22
141 155 157
75 146 59
68 59 160
146 36 15
192 104 127
21 123 214
157 130 152
107 23 135
169 199 62
9 81 31
87 52 111
159 140 73
76 184 167
153 21 117
29 101 161
19 73 79
188 14 198
35 87 153
138 76 157
78 140 149
167 68 64
31 48 3
97 74 105
16 73 135
98 114 210
24 19 15
122 168 219
185 110 218
20 11 103
95 63 190
64 32 100
25 59 23
121 23 4
175 127 182
22 9 13
94 199 206
137 194 190
156 89 31
180 146 190
67 15 136
105 82 159
76 58 75
60 31 168
20 1 172
112 22 201
172 196 191
79 127 194
75 121 59
20 100 66
190 107 217
115 83 76
54 185 73
58 115 162
40 35 172
132 123 218
94 73 183
173 96 157
101 81 17
41 74 96
189 90 60
156 179 170
67 48 70
42 119 122
160 139 15
136 168 214
161 145 195
17 75 3
166 96 178
58 198 42
45 193 107
80 15 14
134 111 222
14 56 53
127 33 84
196 199 186
50 82 131
187 22 86
48 99 178
62 169 88
16 43 130
185 146 182
108 71 88
176 94 85
126 158 47
58 133 198
156 153 130
187 100 183
188 32 133
101 53 19
131 146 179
79 48 155
6 161 32
191 149 151
94 143 1
46 35 145
99 109 192
77 178 155
157 145 31
95 188 119
194 184 24
98 151 4
64 15 26
68 80 21
180 151 144
30 124 95
180 194 100
44 111 10
63 68 52
165 193 213
159 116 76
170 54 155
113 137 55
82 192 128
182 3 95
111 99 90
81 52 109
137 121 166
194 134 105
46 66 182
71 134 189
40 14 20
15 42 38
112 14 92
71 95 51
28 187 75
109 59 218
67 38 48
18 103 136
142 99 65
183 18 63
155 167 97
177 151 174
160 86 36
144 96 188
83 62 203
42 185 79
36 175 12
50 24 124
127 14 156
105 71 80
83 186 147
114 67 68
101 95 120
136 169 95
97 27 97
15 36 155
38 52 137
185 177 90
54 1 200
99 192 171
4 155 218
140 166 164
134 65 1
167 59 222
96 193 54
163 138 36
19 180 211
60 193 32
158 165 70
196 23 45
41 2 159
37 192 113
69 143 177
134 63 85
126 6 97
172 188 27
70 59 210
5 22 141
166 145 211
105 145 26
86 181 15
29 200 88
18 10 5
129 191 6
108 176 188
151 100 5
12 13 78
141 68 170
3 120 200
175 108 167
109 128 130
149 170 115
150 54 175
58 188 103
181 169 116
104 109 169
129 177 164
9 68 32
116 119 30
65 200 79
54 121 12
110 74 141
69 8 200
133 28 79
159 173 179
154 29 173
144 164 109
166 43 8
140 46 87
161 154 194
179 2 126
65 47 85
196 118 73
115 68 203
127 114 124
185 77 31
191 166 77
119 79 205
36 120 53
68 76 101
195 185 65
85 55 166
78 46 82
154 193 224
138 6 196
92 16 15
76 155 145
146 128 59
185 90 218
19 138 206
193 174 97
18 165 76
88 167 84
42 147 178
65 19 52
131 96 75
145 7 208
144 192 196
26 149 156
112 6 164
57 169 192
143 145 136
66 52 18
52 30 189
161 196 148
34 36 67
70 154 59
114 30 140
84 92 31
147 199 59
88 137 141
63 172 137
167 183 115
174 4 75
51 77 153
150 149 85
118 79 121
46 68 68
55 7 224
126 155 124
130 166 40
121 26 129
107 88 19
34 19 16
22 142 155
75 127 163
43 17 156
16 5 211
73 23 94
32 49 143
170 199 101
86 159 153
92 183 172
53 109 144
64 38 58
47 166 100
138 69 88
103 104 120
146 5 144
16 30 14
117 61 78
176 150 177
72 42 183
33 184 3
62 141 160
179 107 161
48 41 200
37 64 104
124 138 68
32 69 57
175 46 59
182 96 72
131 26 47
199 143 144
41 94 102
7 119 177
36 19 86
154 10 135
179 135 127
150 85 125
147 162 45
148 145 142
74 182 194
23 143 132
113 97 160
86 33 130
85 181 28
126 54 83
77 16 192
152 192 74
169 107 165
136 88 70
25 28 209
32 6 81
174 145 63
162 186 83
18 121 159
29 98 175
185 188 82
44 107 99
30 137 105
57 130 57
60 187 16
17 52 171
86 157 67
159 18 153
59 166 196
98 32 91
86 24 202
53 142 107
59 42 139
120 72 148
13 109 42
134 81 124
178 153 79
58 178 212
176 74 171
2 68 115
196 184 14
15 89 203
186 7 60
116 185 37
50 33 12
45 42 214
99 28 131
10 63 95
151 143 83
40 146 58
151 111 74
3 151 59
169 178 174
144 73 3
78 23 19
171 11 211
177 189 38
29 108 177
90 53 41
51 61 131
8 47 12
86 45 168
84 96 37
86 168 179
183 195 47
160 54 172
66 98 125
161 95 68
177 158 112
128 143 194
44 100 129
184 135 51
135 112 104
171 30 138
113 189 197
94 128 45
141 67 65
104 142 149
129 21 77
42 31 164
1 59 14
166 2 12
67 54 11
56 169 75
21 118 204
108 112 92
118 74 157
123 37 204
34 118 95
46 56 134
33 167 99
91 45 178
152 9 150
110 158 174
28 135 6
46 200 54
66 159 212
61 75 194
140 113 17
97 199 60
27 25 53
163 72 168
153 7 62
5 54 147
122 3 153
74 132 70
6 70 72
12 155 145
35 165 31
67 144 93
89 25 207
6 63 186
89 60 28
56 90 112
17 109 2
90 169 21
142 185 125
175 136 137
26 165 90
91 25 111
91 187 131
104 52 44
34 188 189
158 157 178
114 63 158
19 145 139
186 109 220
4 54 80
200 82 108