500 800 1450
233
17
217
626
466
681
681
774
373
139
237
133
19
668
498
204
690
206
714
156
390
71
624
483
78
657
250
81
660
664
728
444
233
144
621
698
25
501
671
397
639
459
81
658
678
578
413
568
335
326
275
276
748
98
759
26
307
560
458
518
775
386
161
207
529
781
456
105
34
327
501
224
337
582
433
567
711
397
334
246
722
160
73
222
610
31
247
116
142
704
633
117
641
345
675
722
677
331
26
710
209
527
486
545
660
118
663
122
515
548
719
788
708
792
209
517
22
7
632
516
263
464
184
103
8
58
24
684
388
50
146
596
128
631
693
339
748
555
460
14
303
379
354
562
370
562
278
743
121
109
10
383
124
193
37
131
251
413
366
190
462
511
786
141
693
230
31
641
336
490
206
190
420
559
751
341
673
228
284
793
688
293
375
363
486
763
45
288
375
411
477
388
473
14
528
366
243
558
558
131
600
763
320
219
74
623
560
746
402
395
738
642
239
664
204
276
626
249
563
553
211
240
140
683
253
220
600
48
329
357
530
128
672
401
699
297
223
10
242
625
404
531
466
194
746
221
470
123
21
232
675
231
23
15
466
628
234
265
675
562
174
756
242
397
356
492
245
579
501
486
755
456
568
772
649
513
192
318
635
213
102
510
795
124
76
460
751
309
277
177
422
2
132
215
750
488
706
194
618
406
231
572
61
798
95
262
62
286
131
248
50
232
309
45
356
384
56
658
244
332
35
666
685
166
80
634
205
786
379
374
743
609
145
356
158
239
169
219
77
299
467
126
531
327
522
86
711
578
295
154
461
329
371
346
47
3
531
603
340
110
177
282
270
673
189
428
112
357
198
540
656
216
217
386
543
739
23
5
68
317
158
528
198
529
425
244
83
508
398
422
617
574
255
438
447
444
417
110
800
615
649
207
382
65
144
476
355
518
480
422
387
638
502
584
718
126
379
352
633
776
773
1
102
227
791
548
670
407
209
222
573
57
780
155
473
124
182
380
641
662
1
227
51
502
362
320
180
740
671
364
268
195
365
369
421
707
468
643
313
676
416
438
284
395
592
756
70
325
335
711
186
688
489
588
741
51
107
120
342
329
36
609
523
752
529
144
658
196
338
170
423
753
607
706
347
750
214
769
275
100
620 417 185
616 59 153
114 491 213
408 550 161
264 688 99
129 318 16
106 775 85
42 133 171
279 574 44
637 652 185
755 717 140
381 187 181
441 491 207
495 10 79
682 679 209
39 716 33
395 723 154
473 577 207
340 19 151
230 127 86
462 161 134
574 28 89
306 16 46
334 736 172
258 311 179
160 200 86
440 127 51
626 698 59
32 570 160
687 644 59
772 609 57
785 186 205
381 459 193
310 152 208
730 662 222
776 740 76
80 607 220
775 567 10
117 375 70
409 333 42
489 601 179
694 388 87
686 98 101
480 435 180
271 276 18
698 130 23
417 352 3
172 217 22
521 797 36
299 372 210
119 78 58
220 608 77
133 212 208
123 556 154
128 229 202
627 372 25
11 212 32
605 313 172
701 679 189
427 101 204
344 132 87
464 48 149
58 797 225
286 500 74
368 168 184
764 698 193
359 22 194
36 446 120
143 100 85
318 450 34
188 42 105
356 366 224
772 283 172
579 323 61
106 300 52
528 761 195
377 649 3
386 55 22
768 80 192
782 643 7
28 749 118
363 449 177
454 789 125
36 363 86
354 666 212
357 94 149
497 534 84
560 76 178
652 789 52
273 98 100
532 34 134
174 155 72
259 662 76
57 349 53
604 661 134
570 246 123
270 190 28
275 353 6
150 521 179
299 152 87
398 595 224
3 685 174
697 569 17
448 608 56
28 138 201
145 778 21
775 162 27
420 598 126
35 680 182
157 56 86
53 492 97
662 609 69
643 9 143
270 352 7
106 270 95
33 645 85
183 104 163
322 791 20
339 594 136
159 434 158
726 208 49
225 676 102
649 527 165
641 745 1
47 315 185
552 253 169
99 154 140
516 730 122
742 289 197
411 42 121
597 106 161
741 105 142
479 695 123
235 759 210
8 660 58
4 475 91
643 250 176
67 1 37
750 657 124
486 445 133
569 284 86
458 624 130
522 317 224
704 243 139
16 370 143
109 770 115
118 29 143
220 163 154
555 370 196
675 748 166
317 705 124
364 71 207
460 41 25
655 524 141
21 157 65
672 323 181
221 577 216
55 315 25
565 193 51
512 778 136
688 155 223
540 264 117
565 66 62
215 346 150
445 577 97
115 304 17
659 388 22
704 523 188
301 99 187
190 313 26
464 428 153
485 19 178
287 670 156
753 539 141
455 354 94
639 679 144
23 307 220
151 136 2
274 581 82
517 79 42
191 19 101
321 127 130
66 441 159
192 172 43
596 258 130
509 435 14
705 139 160
506 493 191
758 651 106
183 43 81
97 113 40
451 603 201
266 763 184
603 580 196
611 156 178
57 196 127
650 546 182
38 609 93
458 789 162
566 307 219
605 128 125
593 553 201
590 242 182
248 348 131
431 351 47
154 491 124
38 127 91
577 640 82
379 606 73
475 562 129
645 21 3
638 434 133
537 127 6
664 704 113
677 252 97
739 237 74
632 474 135
437 581 23
247 464 222
700 649 125
461 57 215
419 177 38
772 359 140
645 584 73
388 420 91
692 141 124
547 128 146
469 385 214
175 336 19
396 66 111
419 432 198
326 144 209
292 283 143
621 567 121
410 100 77
601 121 60
618 141 78
114 471 48
247 120 89
255 488 122
90 315 95
681 335 168
728 224 62
15 571 217
639 623 87
494 751 225
549 217 182
794 427 77
664 260 188
666 12 89
338 738 69
476 308 148
219 279 9
699 130 45
215 343 163
559 582 181
206 353 50
87 520 148
705 144 72
560 13 138
760 539 44
784 497 16
321 564 147
663 600 124
685 369 42
739 107 93
470 212 145
755 419 162
326 567 10
238 131 220
130 599 103
237 76 152
415 512 145
115 569 20
588 332 176
614 693 211
710 142 173
501 103 146
328 60 15
518 767 99
131 188 220
320 777 200
200 54 222
615 105 57
271 584 62
472 161 72
593 493 192
18 42 75
760 436 151
664 760 54
679 738 199
338 478 82
60 19 45
211 505 43
190 280 153
456 545 105
396 381 20
482 784 69
420 187 138
258 424 114
681 58 142
351 695 212
495 42 111
257 663 160
113 724 182
123 698 76
288 466 49
362 670 42
477 539 81
402 247 19
589 751 110
623 341 199
6 766 220
723 667 20
259 646 112
131 757 103
658 365 49
158 263 31
623 654 40
287 488 161
369 64 111
393 459 147
112 678 156
118 226 23
5 285 81
800 228 217
223 199 51
413 729 106
150 771 115
44 121 17
280 183 158
428 190 106
110 68 112
10 349 190
360 382 161
601 789 169
168 382 152
695 265 18
520 85 20
731 59 111
319 137 170
273 738 80
433 690 211
397 67 133
157 325 39
270 192 181
754 691 8
260 60 102
711 62 168
125 530 185
463 338 37
221 604 183
592 505 179
498 313 22
500 315 33
774 769 20
263 370 105
633 729 88
154 13 205
141 205 129
316 485 89
405 237 175
721 390 52
234 499 160
516 5 107
238 435 123
500 183 56
551 64 61
794 326 216
752 100 61
15 551 106
249 99 87
239 19 123
222 386 102
70 61 182
691 149 60
573 548 17
232 31 6
160 386 46
25 763 13
105 463 210
790 478 213
166 123 3
446 307 154
134 752 214
92 275 148
768 606 153
89 634 197
514 672 155
742 35 103
147 579 196
552 660 11
420 50 41
340 663 171
391 413 170
77 114 190
789 392 88
597 59 212
744 491 80
156 672 174
646 241 25
464 746 137
601 318 21
96 649 129
248 790 197
287 196 38
587 325 20
277 691 127
477 255 88
309 456 67
269 581 107
522 136 142
71 587 76
359 797 179
205 630 192
29 660 175
294 638 193
449 247 140
34 43 119
643 406 121
116 551 173
45 578 208
138 441 73
713 577 192
410 265 52
43 500 183
263 734 172
234 197 139
204 151 62
546 596 153
375 536 31
736 568 192
622 555 14
277 388 203
541 250 28
683 660 47
107 628 160
640 545 211
488 388 92
524 10 64
580 640 215
114 728 132
780 424 11
222 791 19
73 423 103
64 519 157
467 361 214
240 756 188
120 162 19
651 487 83
336 681 156
33 298 90
792 60 206
135 42 21
770 188 219
508 438 195
533 476 76
123 721 35
691 303 56
90 26 124
768 498 206
98 455 136
279 684 212
384 449 129
71 440 79
480 748 48
742 458 16
708 487 136
494 549 65
54 300 53
567 646 144
600 587 201
180 76 85
599 54 10
348 492 16
563 150 15
568 248 89
142 229 35
67 476 77
26 545 59
153 587 160
41 489 201
307 237 18
318 212 178
430 572 174
609 476 181
339 164 40
689 640 217
261 431 101
482 307 137
654 646 72
280 3 67
568 69 124
449 562 212
263 605 54
157 664 181
707 517 46
669 254 212
345 228 3
388 645 33
366 180 175
27 471 217
81 88 50
581 645 47
182 789 74
365 778 213
313 438 187
429 762 167
172 41 123
170 271 30
703 328 27
260 499 61
83 401 130
304 84 6
604 719 13
367 69 170
598 128 203
54 176 205
285 330 127
554 734 152
690 416 45
668 399 9
287 130 2
706 534 42
543 413 3
138 120 126
680 64 122
364 19 172
111 349 23
698 156 166
557 499 38
345 229 180
718 144 48
74 13 120
410 161 140
341 385 225
103 545 55
411 540 58
768 785 129
9 447 7
164 53 158
152 411 137
167 701 216
382 574 79
572 66 178
474 448 197
412 698 196
42 416 187
146 605 34
389 552 150
578 703 108
107 372 65
468 335 71
383 418 62
228 164 76
562 637 13
599 386 160
327 28 207
674 12 10
176 484 2
246 478 192
250 492 10
606 633 40
303 594 84
628 349 85
758 601 177
248 415 142
307 617 110
682 542 175
725 760 181
202 502 110
543 36 201
632 750 101
675 72 100
507 508 77
297 596 21
389 749 4
262 632 136
334 655 82
475 115 114
595 306 48
251 684 46
700 62 7
777 318 159
525 7 159
754 789 188
484 643 87
714 22 6
96 600 174
362 680 153
372 552 103
213 405 72
222 17 26
206 682 133
481 406 172
763 584 153
224 445 176
434 225 84
630 426 2
422 317 2
460 645 81
30 443 224
68 252 170
377 414 46
204 428 167
472 524 220
95 188 48
390 729 14
756 443 2
350 311 90
733 176 127
373 560 46
228 281 146
9 665 65
179 709 215
1 338 19
428 238 65
590 669 37
295 324 58
491 277 206
685 329 84
298 654 5
568 753 188
527 640 140
558 208 217
516 402 26
242 698 156
380 673 175
163 770 157
64 416 144
139 100 163
733 485 109
799 510 14
170 213 197
315 729 192
596 183 203
298 739 19
570 156 112
407 379 30
587 12 126
544 588 72
132 445 160
432 257 40
347 761 128
192 163 212
638 739 89
424 113 132
500 350 50
518 599 78
632 297 180
696 702 222
504 430 29
110 561 200
763 644 3
721 739 117
457 504 198
483 463 70
261 99 201
58 652 111
725 256 122
219 609 158
724 232 84
629 336 21
228 584 199
400 772 54
355 757 62
575 646 183
594 784 155
386 120 1
505 90 8
164 758 44
533 540 205
586 79 31
171 11 146
124 60 53
760 17 188
164 522 17
603 403 34
732 587 12
236 290 166
748 448 52
608 493 127
688 692 30
132 195 4
146 587 213
311 587 21
336 278 170
584 60 198
231 650 23
218 10 197
330 217 59
35 390 194
221 9 189
699 364 181
735 409 185
779 729 153
203 344 118
736 70 46
550 21 168
101 368 205
191 694 10
769 620 134
727 527 49
535 649 83
582 785 131
147 429 203
509 46 72
745 795 214
500 225 91
194 599 48
23 575 5
526 693 59
450 160 211
371 379 103
784 577 127
686 794 193
430 551 199
666 679 130
355 616 207
202 799 207
706 766 183
42 534 163
194 284 165
141 420 75
403 266 1
623 257 156
219 387 118
439 383 211
619 171 69
376 417 38
12 527 72
478 424 125
702 430 20
104 315 183
659 128 4
761 430 91
294 426 159
332 100 36
331 412 197
690 126 85
47 445 215
756 669 73
736 34 201
600 147 201
246 12 2
534 408 217
728 225 204
17 136 161
290 395 155
50 495 31
674 575 57
19 317 164
262 354 12
746 152 149
702 424 15
21 631 123
739 188 61
320 598 55
283 727 165
51 615 19
685 252 51
744 607 214
151 9 17
8 569 24
214 738 96
78 366 123
428 453 6
625 478 120
179 225 58
496 326 124
399 122 120
702 620 215
647 763 127
94 401 83
536 102 32
582 345 38
658 388 72
225 667 49
185 684 203
719 127 44
718 451 157
308 3 158
407 38 159
1 485 38
86 307 61
337 678 53
670 554 22
564 149 113
556 607 93
214 151 84
31 369 7
538 225 175
792 28 123
82 397 101
252 727 89
492 491 164
209 582 106
291 412 224
513 248 89
691 281 155
358 8 103
325 687 86
674 246 204
45 275 183
336 186 80
561 526 170
98 449 92
435 640 23
378 443 205
339 733 30
490 591 213
97 206 49
389 755 29
384 157 179
760 778 37
737 259 148
332 352 197
94 108 149
744 278 188
518 56 171
52 339 47
705 634 62
558 386 143
678 138 106
657 567 81
50 634 189
403 655 208
169 649 43
591 183 155
374 627 196
165 177 152
350 25 159
793 239 150
773 427 5
553 441 92
323 782 86
237 370 129
93 530 148
732 593 128
740 613 224
621 231 157
169 567 20
425 468 213
767 179 164
524 272 8
128 164 163
309 356 88
732 446 50
279 102 99
25 365 93
344 518 202
15 451 93
793 737 92
667 492 215
227 526 195
569 194 129
607 138 7
738 379 91
224 302 159
665 385 140
491 778 27
240 656 130
581 342 108
308 577 110
284 50 193
625 152 16
673 399 65
656 212 112
342 522 132
150 218 95
23 474 105
178 50 216
241 545 144
217 552 195
1 212 18
781 45 171
477 428 101
146 336 145
266 373 103
76 78 47
65 469 102
252 779 65
615 255 39
493 605 115
783 108 50
400 622 91
774 436 207
229 55 116
679 298 147
692 203 73
463 325 201
48 39 131
712 611 92
735 675 111
22 526 189
660 434 196
49 732 187
751 715 69
291 6 61
283 681 204
147 331 134
267 281 214
548 317 150
601 474 161
13 481 201
234 518 7
406 509 42
612 665 204
121 379 224
684 149 112
287 758 193
40 541 55
108 349 82
493 425 171
786 370 155
175 285 146
436 237 96
457 479 197
708 606 176
788 451 47
329 399 202
145 386 67
748 784 32
504 678 140
444 378 195
516 724 183
655 297 84
103 541 99
412 580 82
213 278 71
544 205 208
611 191 129
14 369 205
723 88 194
281 255 5
443 315 208
647 238 164
188 56 26
219 272 156
394 138 193
314 800 225
713 461 153
177 25 13
564 518 102
379 577 99
614 360 101
357 213 70
204 610 208
548 166 116
74 658 131
92 84 170
626 643 66
272 395 74
703 335 35
607 751 72
657 411 219
687 539 8
352 766 110
612 342 148
722 305 194
487 59 74
301 434 35
726 762 145
374 751 155
757 455 195
380 779 219
414 604 141
353 348 219
7 545 74
178 599 154
237 527 88
424 695 91
84 121 183
537 124 28
243 390 161
265 225 84
483 381 47
188 34 181
120 141 171
119 552 161
346 122 4
558 591 42
777 352 195
711 681 101
208 584 80
629 643 7
465 410 133
583 573 39
787 29 180
387 664 154
545 778 81
27 441 204
610 449 34
438 241 114
493 749 204
635 142 210
530 212 129
749 42 88
505 250 42
177 355 154
373 123 121
155 121 106
526 727 9
75 28 121
365 55 200
97 492 220
380 419 94
758 110 24
100 778 144
244 310 26
147 480 164
345 361 120
335 372 209
698 640 79
432 640 89
360 16 200
497 87 137
648 736 47
88 390 147
89 780 137
267 104 151
71 457 56
797 649 56
162 728 155
499 507 11
256 760 99
8 447 38
134 135 77
214 402 121
289 474 184
51 622 130
776 613 208
710 144 21
375 454 211
2 456 215
745 16 73
141 449 24
236 355 192
557 749 62
161 446 147
744 660 163
207 522 173
602 125 121
588 80 73
728 770 71
404 484 43
752 253 163
795 179 16
375 461 92
156 26 191
136 538 74
644 567 153
736 357 177
171 440 192
661 539 133
384 670 218
467 297 19
38 518 138
733 127 146
783 183 131
69 216 143
392 436 159
10 267 206
747 680 16
717 43 47
161 379 140
775 569 194
92 128 144
151 288 164
226 733 96
497 380 76
631 780 141
594 572 150
425 612 89
207 38 31
184 472 53
416 100 155
716 211 211
597 751 135
453 449 89
397 332 126
449 55 29
184 716 85
38 642 147
466 491 23
617 19 16
549 771 144
119 470 176
488 370 58
482 664 70
72 121 144
91 746 124
396 149 25
90 703 7
62 55 182
571 268 32
447 365 94
369 459 40
523 688 10
569 667 16
696 204 27
441 789 73
246 416 74
452 561 128
650 537 213
740 743 127
757 109 216
418 161 143
317 379 35
288 799 199
570 486 188
796 694 210
144 488 187
195 559 215
122 190 34
659 576 47
379 383 146
2 173 81
201 522 199
618 50 151
326 78 102
470 648 130
475 518 58
481 432 160
348 263 63
459 573 116
174 161 176
748 578 122
125 62 219
624 41 40
33 218 174
563 785 41
323 225 28
324 583 94
248 466 9
159 305 170
765 538 135
333 237 115
539 577 91
189 33 148
108 464 87
181 253 190
652 730 111
200 332 83
630 493 50
769 530 186
650 779 116
254 583 11
282 457 212
49 266 25
366 630 218
750 597 52
303 550 94
585 255 127
796 780 212
126 326 121
233 724 174
5 663 130
129 194 200
421 10 9
52 585 166
286 426 208
286 658 167
137 378 94
311 26 203
282 33 59
663 643 17
671 758 221
490 722 180
296 85 225
502 405 58
299 168 12
164 573 107
37 113 181
715 645 145
762 780 132
182 459 135
27 210 218
573 582 151
193 217 109
554 413 101
791 693 92
711 650 184
112 128 76
424 643 62
423 449 172
544 442 92
564 376 177
266 361 8
454 209 51
709 340 169
605 12 87
570 471 167
503 343 84
503 455 168
173 527 201
349 327 187
634 405 33
620 572 129
728 682 182
264 16 169
471 671 58
127 603 171
593 440 87
265 416 70
250 208 103
481 281 203
798 766 187
795 577 189
789 64 17
35 79 157
172 638 90
405 439 102
690 275 176
261 653 16
233 152 1
210 603 199
23 449 153
212 335 180
648 242 216
799 742 110
756 741 204
691 398 147
253 632 225
547 612 32
453 594 37
36 270 100
143 653 50
39 223 87
309 778 138
602 385 71
328 67 101
320 667 102
637 64 12
653 437 188
277 453 173
712 14 53
388 237 213
644 164 165
230 557 31
82 764 54
198 191 191
502 407 208
735 530 10
595 452 111
771 599 112
216 347 208
216 29 66
245 563 63
7 83 83
197 53 40
218 252 12
381 305 125
579 128 209
720 54 139
483 18 34
169 390 190
371 257 214
575 481 118
531 543 184
56 144 139
383 560 61
542 123 97
613 52 161
300 209 49
276 327 111
619 526 97
89 474 156
720 631 205
9 700 108
46 527 121
687 583 87
15 316 94
421 772 129
293 273 51
544 679 167
791 711 108
385 241 73
558 70 187
364 443 40
186 447 209
363 749 115
628 444 95
272 90 190
419 233 4
4 738 29
576 733 112
465 317 34
298 364 85
414 316 143
160 496 51
77 381 113
430 284 79
225 509 92
302 346 96
710 337 125
20 253 4
186 542 105
450 278 34
435 751 115
319 128 206
39 688 127
118 509 184
511 703 128
519 148 211
148 626 223
722 311 88
100 763 152
376 593 116
759 364 219
503 223 139
688 712 178
223 481 187
161 770 98
684 258 75
348 51 77
439 401 189
65 85 57
798 121 51
783 775 190
776 581 134
510 235 26
146 180 26
95 441 204
361 402 218
442 514 154
444 541 147
298 260 39
642 298 182
763 465 185
471 385 11
426 28 45
716 413 62
117 65 32
68 605 162
370 491 182
79 733 149
734 398 73
61 241 99
327 37 176
17 758 37
756 623 220
758 56 219
473 484 92
401 138 54
358 345 119
540 749 222
101 191 164
148 339 109
415 49 58
76 738 155
676 392 19
176 17 70
140 753 193
91 477 204
549 731 67
429 509 48
670 484 153
305 494 68
380 110 198
71 263 150
41 265 39
24 13 225
343 616 99
636 278 147
645 72 203
521 267 33
571 185 105
240 218 91
61 171 134
741 493 75
249 774 4
59 385 179
479 110 108
553 274 12
585 257 16
282 270 140
701 469 203
502 577 144
292 663 156
766 655 202
437 636 88
763 651 218
480 76 93
531 756 62
128 685 7
467 623 112
317 579 165
256 79 53
312 285 145
402 9 123
550 577 19
102 284 180
226 713 82
187 513 142
335 447 84
750 490 19
20 520 176
199 197 86
512 56 158
693 412 38
719 772 190
64 271 214
102 127 222
730 633 116
724 779 198
300 591 78
63 677 26
176 536 189
149 371 86
436 728 1
677 54 65
13 270 173
437 163 108
729 365 97
307 278 221
196 79 169
773 345 106
268 76 88
374 663 55
510 374 49
463 164 83
776 297 219
52 338 86
199 560 224
743 314 132
85 385 158
93 19 201
417 466 50
515 680 174
278 322 136
260 247 38
249 45 171
207 408 23
270 307 38
662 768 178
768 654 161
305 449 100
651 48 27
576 330 4
507 123 121
414 634 87
499 461 98
365 526 127
529 656 65
196 491 139
487 725 117
163 129 8
269 275 81
722 587 106
