5000
1 4 2 2 1 3 6 4 4 3 4 7 5 5 4 5 8 6 6 5
6 9 7 7 6 2 5 3 3 2 3 6 4 4 3 4 7 5 5 4
5 8 6 6 5 6 9 7 7 6 2 5 3 3 2 3 6 4 4 3
4 7 5 5 4 5 8 6 6 5 6 9 7 7 6 2 5 3 3 2
3 6 4 4 3 4 7 5 5 4 5 8 6 6 5 6 9 7 7 6
2 5 3 3 2 3 6 4 4 3 4 7 5 5 4 5 8 6 6 5
6 9 7 7 6 2 5 3 3 2 3 6 4 4 3 4 7 5 5 4
5 8 6 6 5 6 9 7 7 6 2 5 3 3 2 3 6 4 4 3
4 7 5 5 4 5 8 6 6 5 6 9 7 7 6 2 5 3 3 2
3 6 4 4 3 4 7 5 5 4 5 8 6 6 5 6 9 7 7 6
2 5 3 3 2 3 6 4 4 3 4 7 5 5 4 5 8 6 6 5
6 9 7 7 6 2 5 3 3 2 3 6 4 4 3 4 7 5 5 4
5 8 6 6 5 6 9 7 7 6 2 5 3 3 2 3 6 4 4 3
4 7 5 5 4 5 8 6 6 5 6 9 7 7 6 2 5 3 3 2
3 6 4 4 3 4 7 5 5 4 5 8 6 6 5 6 9 7 7 6
2 5 3 3 2 3 6 4 4 3 4 7 5 5 4 5 8 6 6 5
6 9 7 7 6 2 5 3 3 2 3 6 4 4 3 4 7 5 5 4
5 8 6 6 5 6 9 7 7 6 2 5 3 3 2 3 6 4 4 3
4 7 5 5 4 5 8 6 6 5 6 9 7 7 6 2 5 3 3 2
3 6 4 4 3 4 7 5 5 4 5 8 6 6 5 6 9 7 7 6
2 5 3 3 2 3 6 4 4 3 4 7 5 5 4 5 8 6 6 5
6 9 7 7 6 2 5 3 3 2 3 6 4 4 3 4 7 5 5 4
5 8 6 6 5 6 9 7 7 6 2 5 3 3 2 3 6 4 4 3
4 7 5 5 4 5 8 6 6 5 6 9 7 7 6 2 5 3 3 2
3 6 4 4 3 4 7 5 5 4 5 8 6 6 5 6 9 7 7 6
2 5 3 3 2 3 6 4 4 3 4 7 5 5 4 5 8 6 6 5
6 9 7 7 6 2 5 3 3 2 3 6 4 4 3 4 7 5 5 4
5 8 6 6 5 6 9 7 7 6 2 5 3 3 2 3 6 4 4 3
4 7 5 5 4 5 8 6 6 5 6 9 7 7 6 2 5 3 3 2
3 6 4 4 3 4 7 5 5 4 5 8 6 6 5 6 9 7 7 6
2 5 3 3 2 3 6 4 4 3 4 7 5 5 4 5 8 6 6 5
6 9 7 7 6 2 5 3 3 2 3 6 4 4 3 4 7 5 5 4
5 8 6 6 5 6 9 7 7 6 2 5 3 3 2 3 6 4 4 3
4 7 5 5 4 5 8 6 6 5 6 9 7 7 6 2 5 3 3 2
3 6 4 4 3 4 7 5 5 4 5 8 6 6 5 6 9 7 7 6
2 5 3 3 2 3 6 4 4 3 4 7 5 5 4 5 8 6 6 5
6 9 7 7 6 2 5 3 3 2 3 6 4 4 3 4 7 5 5 4
5 8 6 6 5 6 9 7 7 6 2 5 3 3 2 3 6 4 4 3
4 7 5 5 4 5 8 6 6 5 6 9 7 7 6 2 5 3 3 2
3 6 4 4 3 4 7 5 5 4 5 8 6 6 5 6 9 7 7 6
2 5 3 3 2 3 6 4 4 3 4 7 5 5 4 5 8 6 6 5
6 9 7 7 6 2 5 3 3 2 3 6 4 4 3 4 7 5 5 4
5 8 6 6 5 6 9 7 7 6 2 5 3 3 2 3 6 4 4 3
4 7 5 5 4 5 8 6 6 5 6 9 7 7 6 2 5 3 3 2
3 6 4 4 3 4 7 5 5 4 5 8 6 6 5 6 9 7 7 6
2 5 3 3 2 3 6 4 4 3 4 7 5 5 4 5 8 6 6 5
6 9 7 7 6 2 5 3 3 2 3 6 4 4 3 4 7 5 5 4
5 8 6 6 5 6 9 7 7 6 2 5 3 3 2 3 6 4 4 3
4 7 5 5 4 5 8 6 6 5 6 9 7 7 6 2 5 3 3 2
3 6 4 4 3 4 7 5 5 4 5 8 6 6 5 6 9 7 7 6
2 5 3 3 2 3 6 4 4 3 4 7 5 5 4 5 8 6 6 5
6 9 7 7 6 2 5 3 3 2 3 6 4 4 3 4 7 5 5 4
5 8 6 6 5 6 9 7 7 6 2 5 3 3 2 3 6 4 4 3
4 7 5 5 4 5 8 6 6 5 6 9 7 7 6 2 5 3 3 2
3 6 4 4 3 4 7 5 5 4 5 8 6 6 5 6 9 7 7 6
2 5 3 3 2 3 6 4 4 3 4 7 5 5 4 5 8 6 6 5
6 9 7 7 6 2 5 3 3 2 3 6 4 4 3 4 7 5 5 4
5 8 6 6 5 6 9 7 7 6 2 5 3 3 2 3 6 4 4 3
4 7 5 5 4 5 8 6 6 5 6 9 7 7 6 2 5 3 3 2
3 6 4 4 3 4 7 5 5 4 5 8 6 6 5 6 9 7 7 6
2 5 3 3 2 3 6 4 4 3 4 7 5 5 4 5 8 6 6 5
6 9 7 7 6 2 5 3 3 2 3 6 4 4 3 4 7 5 5 4
5 8 6 6 5 6 9 7 7 6 2 5 3 3 2 3 6 4 4 3
4 7 5 5 4 5 8 6 6 5 6 9 7 7 6 2 5 3 3 2
3 6 4 4 3 4 7 5 5 4 5 8 6 6 5 6 9 7 7 6
2 5 3 3 2 3 6 4 4 3 4 7 5 5 4 5 8 6 6 5
6 9 7 7 6 2 5 3 3 2 3 6 4 4 3 4 7 5 5 4
5 8 6 6 5 6 9 7 7 6 2 5 3 3 2 3 6 4 4 3
4 7 5 5 4 5 8 6 6 5 6 9 7 7 6 2 5 3 3 2
3 6 4 4 3 4 7 5 5 4 5 8 6 6 5 6 9 7 7 6
2 5 3 3 2 3 6 4 4 3 4 7 5 5 4 5 8 6 6 5
6 9 7 7 6 2 5 3 3 2 3 6 4 4 3 4 7 5 5 4
5 8 6 6 5 6 9 7 7 6 2 5 3 3 2 3 6 4 4 3
4 7 5 5 4 5 8 6 6 5 6 9 7 7 6 2 5 3 3 2
3 6 4 4 3 4 7 5 5 4 5 8 6 6 5 6 9 7 7 6
2 5 3 3 2 3 6 4 4 3 4 7 5 5 4 5 8 6 6 5
6 9 7 7 6 2 5 3 3 2 3 6 4 4 3 4 7 5 5 4
5 8 6 6 5 6 9 7 7 6 2 5 3 3 2 3 6 4 4 3
4 7 5 5 4 5 8 6 6 5 6 9 7 7 6 2 5 3 3 2
3 6 4 4 3 4 7 5 5 4 5 8 6 6 5 6 9 7 7 6
2 5 3 3 2 3 6 4 4 3 4 7 5 5 4 5 8 6 6 5
6 9 7 7 6 2 5 3 3 2 3 6 4 4 3 4 7 5 5 4
5 8 6 6 5 6 9 7 7 6 2 5 3 3 2 3 6 4 4 3
4 7 5 5 4 5 8 6 6 5 6 9 7 7 6 2 5 3 3 2
3 6 4 4 3 4 7 5 5 4 5 8 6 6 5 6 9 7 7 6
2 5 3 3 2 3 6 4 4 3 4 7 5 5 4 5 8 6 6 5
6 9 7 7 6 2 5 3 3 2 3 6 4 4 3 4 7 5 5 4
5 8 6 6 5 6 9 7 7 6 2 5 3 3 2 3 6 4 4 3
4 7 5 5 4 5 8 6 6 5 6 9 7 7 6 2 5 3 3 2
3 6 4 4 3 4 7 5 5 4 5 8 6 6 5 6 9 7 7 6
2 5 3 3 2 3 6 4 4 3 4 7 5 5 4 5 8 6 6 5
6 9 7 7 6 2 5 3 3 2 3 6 4 4 3 4 7 5 5 4
5 8 6 6 5 6 9 7 7 6 2 5 3 3 2 3 6 4 4 3
4 7 5 5 4 5 8 6 6 5 6 9 7 7 6 2 5 3 3 2
3 6 4 4 3 4 7 5 5 4 5 8 6 6 5 6 9 7 7 6
2 5 3 3 2 3 6 4 4 3 4 7 5 5 4 5 8 6 6 5
6 9 7 7 6 2 5 3 3 2 3 6 4 4 3 4 7 5 5 4
5 8 6 6 5 6 9 7 7 6 2 5 3 3 2 3 6 4 4 3
4 7 5 5 4 5 8 6 6 5 6 9 7 7 6 2 5 3 3 2
3 6 4 4 3 4 7 5 5 4 5 8 6 6 5 6 9 7 7 6
2 5 3 3 2 3 6 4 4 3 4 7 5 5 4 5 8 6 6 5
6 9 7 7 6 2 5 3 3 2 3 6 4 4 3 4 7 5 5 4
5 8 6 6 5 6 9 7 7 6 2 5 3 3 2 3 6 4 4 3
4 7 5 5 4 5 8 6 6 5 6 9 7 7 6 2 5 3 3 2
3 6 4 4 3 4 7 5 5 4 5 8 6 6 5 6 9 7 7 6
2 5 3 3 2 3 6 4 4 3 4 7 5 5 4 5 8 6 6 5
6 9 7 7 6 2 5 3 3 2 3 6 4 4 3 4 7 5 5 4
5 8 6 6 5 6 9 7 7 6 2 5 3 3 2 3 6 4 4 3
4 7 5 5 4 5 8 6 6 5 6 9 7 7 6 2 5 3 3 2
3 6 4 4 3 4 7 5 5 4 5 8 6 6 5 6 9 7 7 6
2 5 3 3 2 3 6 4 4 3 4 7 5 5 4 5 8 6 6 5
6 9 7 7 6 2 5 3 3 2 3 6 4 4 3 4 7 5 5 4
5 8 6 6 5 6 9 7 7 6 2 5 3 3 2 3 6 4 4 3
4 7 5 5 4 5 8 6 6 5 6 9 7 7 6 2 5 3 3 2
3 6 4 4 3 4 7 5 5 4 5 8 6 6 5 6 9 7 7 6
2 5 3 3 2 3 6 4 4 3 4 7 5 5 4 5 8 6 6 5
6 9 7 7 6 2 5 3 3 2 3 6 4 4 3 4 7 5 5 4
5 8 6 6 5 6 9 7 7 6 2 5 3 3 2 3 6 4 4 3
4 7 5 5 4 5 8 6 6 5 6 9 7 7 6 2 5 3 3 2
3 6 4 4 3 4 7 5 5 4 5 8 6 6 5 6 9 7 7 6
2 5 3 3 2 3 6 4 4 3 4 7 5 5 4 5 8 6 6 5
6 9 7 7 6 2 5 3 3 2 3 6 4 4 3 4 7 5 5 4
5 8 6 6 5 6 9 7 7 6 2 5 3 3 2 3 6 4 4 3
4 7 5 5 4 5 8 6 6 5 6 9 7 7 6 2 5 3 3 2
3 6 4 4 3 4 7 5 5 4 5 8 6 6 5 6 9 7 7 6
2 5 3 3 2 3 6 4 4 3 4 7 5 5 4 5 8 6 6 5
6 9 7 7 6 2 5 3 3 2 3 6 4 4 3 4 7 5 5 4
5 8 6 6 5 6 9 7 7 6 2 5 3 3 2 3 6 4 4 3
4 7 5 5 4 5 8 6 6 5 6 9 7 7 6 2 5 3 3 2
3 6 4 4 3 4 7 5 5 4 5 8 6 6 5 6 9 7 7 6
2 5 3 3 2 3 6 4 4 3 4 7 5 5 4 5 8 6 6 5
6 9 7 7 6 2 5 3 3 2 3 6 4 4 3 4 7 5 5 4
5 8 6 6 5 6 9 7 7 6 2 5 3 3 2 3 6 4 4 3
4 7 5 5 4 5 8 6 6 5 6 9 7 7 6 2 5 3 3 2
3 6 4 4 3 4 7 5 5 4 5 8 6 6 5 6 9 7 7 6
2 5 3 3 2 3 6 4 4 3 4 7 5 5 4 5 8 6 6 5
6 9 7 7 6 2 5 3 3 2 3 6 4 4 3 4 7 5 5 4
5 8 6 6 5 6 9 7 7 6 2 5 3 3 2 3 6 4 4 3
4 7 5 5 4 5 8 6 6 5 6 9 7 7 6 2 5 3 3 2
3 6 4 4 3 4 7 5 5 4 5 8 6 6 5 6 9 7 7 6
2 5 3 3 2 3 6 4 4 3 4 7 5 5 4 5 8 6 6 5
6 9 7 7 6 2 5 3 3 2 3 6 4 4 3 4 7 5 5 4
5 8 6 6 5 6 9 7 7 6 2 5 3 3 2 3 6 4 4 3
4 7 5 5 4 5 8 6 6 5 6 9 7 7 6 2 5 3 3 2
3 6 4 4 3 4 7 5 5 4 5 8 6 6 5 6 9 7 7 6
2 5 3 3 2 3 6 4 4 3 4 7 5 5 4 5 8 6 6 5
6 9 7 7 6 2 5 3 3 2 3 6 4 4 3 4 7 5 5 4
5 8 6 6 5 6 9 7 7 6 2 5 3 3 2 3 6 4 4 3
4 7 5 5 4 5 8 6 6 5 6 9 7 7 6 2 5 3 3 2
3 6 4 4 3 4 7 5 5 4 5 8 6 6 5 6 9 7 7 6
2 5 3 3 2 3 6 4 4 3 4 7 5 5 4 5 8 6 6 5
6 9 7 7 6 2 5 3 3 2 3 6 4 4 3 4 7 5 5 4
5 8 6 6 5 6 9 7 7 6 2 5 3 3 2 3 6 4 4 3
4 7 5 5 4 5 8 6 6 5 6 9 7 7 6 2 5 3 3 2
3 6 4 4 3 4 7 5 5 4 5 8 6 6 5 6 9 7 7 6
2 5 3 3 2 3 6 4 4 3 4 7 5 5 4 5 8 6 6 5
6 9 7 7 6 2 5 3 3 2 3 6 4 4 3 4 7 5 5 4
5 8 6 6 5 6 9 7 7 6 2 5 3 3 2 3 6 4 4 3
4 7 5 5 4 5 8 6 6 5 6 9 7 7 6 2 5 3 3 2
3 6 4 4 3 4 7 5 5 4 5 8 6 6 5 6 9 7 7 6
2 5 3 3 2 3 6 4 4 3 4 7 5 5 4 5 8 6 6 5
6 9 7 7 6 2 5 3 3 2 3 6 4 4 3 4 7 5 5 4
5 8 6 6 5 6 9 7 7 6 2 5 3 3 2 3 6 4 4 3
4 7 5 5 4 5 8 6 6 5 6 9 7 7 6 2 5 3 3 2
3 6 4 4 3 4 7 5 5 4 5 8 6 6 5 6 9 7 7 6
2 5 3 3 2 3 6 4 4 3 4 7 5 5 4 5 8 6 6 5
6 9 7 7 6 2 5 3 3 2 3 6 4 4 3 4 7 5 5 4
5 8 6 6 5 6 9 7 7 6 2 5 3 3 2 3 6 4 4 3
4 7 5 5 4 5 8 6 6 5 6 9 7 7 6 2 5 3 3 2
3 6 4 4 3 4 7 5 5 4 5 8 6 6 5 6 9 7 7 6
2 5 3 3 2 3 6 4 4 3 4 7 5 5 4 5 8 6 6 5
6 9 7 7 6 2 5 3 3 2 3 6 4 4 3 4 7 5 5 4
5 8 6 6 5 6 9 7 7 6 2 5 3 3 2 3 6 4 4 3
4 7 5 5 4 5 8 6 6 5 6 9 7 7 6 2 5 3 3 2
3 6 4 4 3 4 7 5 5 4 5 8 6 6 5 6 9 7 7 6
2 5 3 3 2 3 6 4 4 3 4 7 5 5 4 5 8 6 6 5
6 9 7 7 6 2 5 3 3 2 3 6 4 4 3 4 7 5 5 4
5 8 6 6 5 6 9 7 7 6 2 5 3 3 2 3 6 4 4 3
4 7 5 5 4 5 8 6 6 5 6 9 7 7 6 2 5 3 3 2
3 6 4 4 3 4 7 5 5 4 5 8 6 6 5 6 9 7 7 6
2 5 3 3 2 3 6 4 4 3 4 7 5 5 4 5 8 6 6 5
6 9 7 7 6 2 5 3 3 2 3 6 4 4 3 4 7 5 5 4
5 8 6 6 5 6 9 7 7 6 2 5 3 3 2 3 6 4 4 3
4 7 5 5 4 5 8 6 6 5 6 9 7 7 6 2 5 3 3 2
3 6 4 4 3 4 7 5 5 4 5 8 6 6 5 6 9 7 7 6
2 5 3 3 2 3 6 4 4 3 4 7 5 5 4 5 8 6 6 5
6 9 7 7 6 2 5 3 3 2 3 6 4 4 3 4 7 5 5 4
5 8 6 6 5 6 9 7 7 6 2 5 3 3 2 3 6 4 4 3
4 7 5 5 4 5 8 6 6 5 6 9 7 7 6 2 5 3 3 2
3 6 4 4 3 4 7 5 5 4 5 8 6 6 5 6 9 7 7 6
2 5 3 3 2 3 6 4 4 3 4 7 5 5 4 5 8 6 6 5
6 9 7 7 6 2 5 3 3 2 3 6 4 4 3 4 7 5 5 4
5 8 6 6 5 6 9 7 7 6 2 5 3 3 2 3 6 4 4 3
4 7 5 5 4 5 8 6 6 5 6 9 7 7 6 2 5 3 3 2
3 6 4 4 3 4 7 5 5 4 5 8 6 6 5 6 9 7 7 6
2 5 3 3 2 3 6 4 4 3 4 7 5 5 4 5 8 6 6 5
6 9 7 7 6 2 5 3 3 2 3 6 4 4 3 4 7 5 5 4
5 8 6 6 5 6 9 7 7 6 2 5 3 3 2 3 6 4 4 3
4 7 5 5 4 5 8 6 6 5 6 9 7 7 6 2 5 3 3 2
3 6 4 4 3 4 7 5 5 4 5 8 6 6 5 6 9 7 7 6
2 5 3 3 2 3 6 4 4 3 4 7 5 5 4 5 8 6 6 5
6 9 7 7 6 2 5 3 3 2 3 6 4 4 3 4 7 5 5 4
5 8 6 6 5 6 9 7 7 6 2 5 3 3 2 3 6 4 4 3
4 7 5 5 4 5 8 6 6 5 6 9 7 7 6 2 5 3 3 2
3 6 4 4 3 4 7 5 5 4 5 8 6 6 5 6 9 7 7 6
2 5 3 3 2 3 6 4 4 3 4 7 5 5 4 5 8 6 6 5
6 9 7 7 6 2 5 3 3 2 3 6 4 4 3 4 7 5 5 4
5 8 6 6 5 6 9 7 7 6 2 5 3 3 2 3 6 4 4 3
4 7 5 5 4 5 8 6 6 5 6 9 7 7 6 2 5 3 3 2
3 6 4 4 3 4 7 5 5 4 5 8 6 6 5 6 9 7 7 6
2 5 3 3 2 3 6 4 4 3 4 7 5 5 4 5 8 6 6 5
6 9 7 7 6 2 5 3 3 2 3 6 4 4 3 4 7 5 5 4
5 8 6 6 5 6 9 7 7 6 2 5 3 3 2 3 6 4 4 3
4 7 5 5 4 5 8 6 6 5 6 9 7 7 6 2 5 3 3 2
3 6 4 4 3 4 7 5 5 4 5 8 6 6 5 6 9 7 7 6
2 5 3 3 2 3 6 4 4 3 4 7 5 5 4 5 8 6 6 5
6 9 7 7 6 2 5 3 3 2 3 6 4 4 3 4 7 5 5 4
5 8 6 6 5 6 9 7 7 6 2 5 3 3 2 3 6 4 4 3
4 7 5 5 4 5 8 6 6 5 6 9 7 7 6 2 5 3 3 2
3 6 4 4 3 4 7 5 5 4 5 8 6 6 5 6 9 7 7 6
2 5 3 3 2 3 6 4 4 3 4 7 5 5 4 5 8 6 6 5
6 9 7 7 6 2 5 3 3 2 3 6 4 4 3 4 7 5 5 4
5 8 6 6 5 6 9 7 7 6 2 5 3 3 2 3 6 4 4 3
4 7 5 5 4 5 8 6 6 5 6 9 7 7 6 2 5 3 3 2
3 6 4 4 3 4 7 5 5 4 5 8 6 6 5 6 9 7 7 6
2 5 3 3 2 3 6 4 4 3 4 7 5 5 4 5 8 6 6 5
6 9 7 7 6 2 5 3 3 2 3 6 4 4 3 4 7 5 5 4
5 8 6 6 5 6 9 7 7 6 2 5 3 3 2 3 6 4 4 3
4 7 5 5 4 5 8 6 6 5 6 9 7 7 6 2 5 3 3 2
3 6 4 4 3 4 7 5 5 4 5 8 6 6 5 6 9 7 7 6
2 5 3 3 2 3 6 4 4 3 4 7 5 5 4 5 8 6 6 5
6 9 7 7 6 2 5 3 3 2 3 6 4 4 3 4 7 5 5 4
5 8 6 6 5 6 9 7 7 6 2 5 3 3 2 3 6 4 4 3
4 7 5 5 4 5 8 6 6 5 6 9 7 7 6 2 5 3 3 2
3 6 4 4 3 4 7 5 5 4 5 8 6 6 5 6 9 7 7 6
2 5 3 3 2 3 6 4 4 3 4 7 5 5 4 5 8 6 6 5
6 9 7 7 6 2 5 3 3 2 3 6 4 4 3 4 7 5 5 4
5 8 6 6 5 6 9 7 7 6 2 5 3 3 2 3 6 4 4 3
4 7 5 5 4 5 8 6 6 5 6 9 7 7 6 2 5 3 3 2
3 6 4 4 3 4 7 5 5 4 5 8 6 6 5 6 9 7 7 6
2 5 3 3 2 3 6 4 4 3 4 7 5 5 4 5 8 6 6 5
6 9 7 7 6 2 5 3 3 2 3 6 4 4 3 4 7 5 5 4
5 8 6 6 5 6 9 7 7 6 2 5 3 3 2 3 6 4 4 3
4 7 5 5 4 5 8 6 6 5 6 9 7 7 6 2 5 3 3 2
3 6 4 4 3 4 7 5 5 4 5 8 6 6 5 6 9 7 7 6
2 5 3 3 2 3 6 4 4 3 4 7 5 5 4 5 8 6 6 5
6 9 7 7 6 2 5 3 3 2 3 6 4 4 3 4 7 5 5 4
5 8 6 6 5 6 9 7 7 6 2 5 3 3 2 3 6 4 4 3
4 7 5 5 4 5 8 6 6 5 6 9 7 7 6 2 5 3 3 2
3 6 4 4 3 4 7 5 5 4 5 8 6 6 5 6 9 7 7 6
