5000
48 82 66 2 22 46 14 78 81 57 18 67 55 7 76 36 81 67 60 67
70 27 15 55 36 84 41 27 54 25 37 18 66 23 9 88 49 37 77 58
18 60 8 57 45 85 66 26 71 57 48 9 85 37 12 68 17 30 14 63
51 3 72 32 77 63 54 15 3 43 24 72 29 15 42 13 69 45 26 74
31 17 44 15 71 20 33 17 66 54 6 75 35 80 66 57 18 6 46 27
75 32 18 45 16 25 74 62 14 83 43 88 56 44 84 10 18 46 7 83
35 16 64 21 7 86 47 35 75 56 16 61 47 74 45 13 50 63 47 8
84 43 12 37 45 58 42 3 79 31 12 60 17 3 82 43 31 71 52 12
57 43 70 41 9 46 59 43 4 80 32 13 74 81 88 49 25 5 83 63
70 73 30 18 58 39 87 44 30 57 28 40 21 69 26 12 3 52 40 80
61 21 63 11 1 77 29 10 58 15 1 80 41 34 79 65 4 63 31 68
81 65 26 14 61 30 55 63 76 51 39 79 60 20 65 51 42 3 79 31
12 60 17 3 30 1 57 6 19 3 52 40 87 56 81 1 14 86 47 35
75 56 16 61 47 38 87 75 27 8 56 13 87 26 85 53 2 15 87 48
36 76 57 30 37 9 16 65 41 21 11 79 86 1 46 34 74 55 15 60
46 73 44 56 37 85 42 28 19 68 56 8 77 37 79 27 76 64 16 85
45 2 76 67 28 16 56 31 87 36 49 33 82 70 22 3 51 8 82 73
34 22 62 43 3 48 34 61 13 72 40 77 2 74 35 23 70 39 64 72
85 69 30 18 58 39 87 44 30 21 70 58 10 79 39 84 34 74 55 15
60 46 37 86 74 26 7 55 12 86 25 84 52 28 9 57 14 88 27 86
54 3 16 88 49 37 77 58 18 63 49 40 1 77 29 10 58 15 1 28
87 8 57 45 85 66 26 71 39 27 67 81 1 20 28 85 22 30 43 27
76 64 16 85 45 2 76 67 28 21 66 52 79 50 18 55 68 52 13 1
48 17 42 50 63 38 26 66 47 7 52 38 29 78 66 18 87 47 4 78
17 76 44 81 6 78 39 27 74 43 68 76 1 73 34 22 62 43 3 48
34 25 74 62 14 83 43 88 74 13 72 40 77 2 74 35 23 63 44 17
24 84 3 52 28 8 86 66 73 76 33 21 61 42 2 47 33 60 31 43
24 72 29 15 6 55 43 83 64 24 66 14 63 51 3 72 32 77 63 54
15 3 43 18 74 23 36 20 69 57 9 78 38 83 69 60 21 9 49 30
78 35 21 48 88 59 27 64 77 61 22 10 57 26 51 59 72 56 17 5
45 26 74 31 17 8 57 45 85 66 26 71 57 84 55 23 60 73 57 18
6 46 27 88 7 14 63 39 19 9 77 84 87 44 32 72 53 13 58 44
71 42 54 35 83 40 26 17 66 54 6 75 35 77 25 74 62 14 83 43
88 74 65 26 14 54 29 85 34 47 31 80 68 20 1 49 6 80 71 32
20 60 41 1 46 32 59 30 14 51 64 48 9 85 44 13 38 46 59 43
4 80 32 13 61 18 4 83 44 32 72 53 13 58 44 71 42 10 47 60
44 5 69 30 6 74 64 44 51 54 11 87 39 20 68 25 11 38 9 21
2 50 7 81 72 33 21 61 42 2 44 80 41 29 69 50 10 55 41 32
81 69 21 84 52 1 14 86 47 35 75 56 16 61 47 38 87 75 27 8
56 13 87 26 85 53 29 10 58 15 1 28 87 55 4 17 1 50 38 78
59 19 64 50 41 2 78 30 11 59 16 2 29 88 9 58 46 86 67 27
72 40 28 68 82 2 21 29 86 23 31 44 50 31 79 36 22 13 62 50
2 71 31 76 62 1 60 28 65 78 62 23 11 51 32 5 12 19 68 44
24 14 82 1 4 49 37 77 58 18 63 49 76 47 59 40 88 45 31 22
71 59 11 80 40 82 30 79 67 19 88 48 5 79 70 31 19 59 34 2
39 52 36 85 73 25 6 54 11 85 76 37 32 81 69 21 2 50 4 40
1 77 29 10 58 15 1 80 41 29 69 44 12 49 62 46 7 83 35 16
64 21 7 86 47 35 75 56 16 61 47 74 45 29 66 79 63 24 12 59
28 53 61 74 58 19 7 47 28 76 33 19 10 59 47 87 68 28 73 59
86 57 41 53 34 82 39 25 16 65 53 5 74 34 76 24 73 61 13 82
42 87 73 64 25 13 53 28 84 33 46 30 79 67 19 88 48 5 79 70
31 19 59 40 88 45 31 58 10 69 37 74 87 77 65 17 86 46 3 77
68 29 17 57 38 86 43 29 56 8 67 35 72 85 69 30 18 65 34 59
67 80 64 87 75 27 8 56 13 87 26 85 53 29 10 58 15 1 28 87
55 4 17 1 50 38 78 59 19 64 50 41 2 78 30 11 59 16 2 29
88 9 58 46 86 67 27 72 40 28 68 82 2 21 29 86 23 31 44 28
77 65 17 86 46 3 77 68 29 22 67 53 80 51 19 56 69 53 14 2
49 18 43 51 64 39 27 67 48 8 53 39 30 79 67 19 88 48 5 79
18 77 45 82 7 79 40 28 75 44 69 77 2 74 35 23 63 44 4 49
35 26 75 63 15 84 44 1 75 14 73 41 78 3 75 36 24 64 45 18
25 85 4 53 29 9 87 67 74 77 34 22 62 43 3 48 34 61 32 44
25 73 30 16 7 56 44 84 65 25 67 15 64 52 4 73 33 78 64 55
16 4 44 19 75 24 37 21 70 58 8 82 73 34 22 62 43 3 48 34
61 13 72 40 77 2 80 68 20 1 49 6 80 71 32 20 60 41 1 46
32 59 11 70 38 75 88 72 33 21 68 37 62 70 83 67 28 16 56 37
85 42 28 19 68 56 8 77 37 82 68 7 66 34 71 84 68 29 17 57
38 11 18 25 74 50 30 20 88 7 10 55 43 83 64 24 69 55 82 53
65 46 6 51 37 28 77 65 17 86 46 88 36 85 73 25 6 54 11 85
76 37 25 65 40 8 45 58 42 3 79 31 12 60 17 3 82 43 38 87
75 27 8 52 12 57 43 34 83 71 23 4 52 9 83 22 81 49 86 11
83 44 32 72 53 26 33 5 12 61 37 17 7 75 82 85 42 30 70 51
11 11 59 16 2 81 42 30 70 51 11 56 42 69 40 24 61 74 58 19
7 54 23 48 56 69 53 14 2 42 23 71 28 14 5 54 42 82 63 23
68 54 81 52 20 57 70 54 15 79 40 16 84 74 54 61 64 21 9 49
30 78 35 21 48 19 31 12 60 17 3 82 43 31 71 52 12 54 2 51
39 79 60 20 65 51 42 3 79 31 6 62 11 24 8 57 45 85 66 26
71 57 48 9 85 37 18 66 23 9 36 7 63 39 20 68 25 11 38 9
65 14 27 11 60 48 88 69 29 74 60 51 12 88 40 21 69 26 12 39
10 19 68 56 8 77 37 82 50 38 78 4 12 31 39 8 33 41 54 38
87 75 27 8 56 13 87 78 39 32 77 63 2 61 29 66 79 63 24 12
59 28 53 61 74 49 37 77 58 18 63 49 40 1 77 29 10 58 15 1
28 87 55 4 17 1 50 38 85 54 79 87 12 84 45 33 73 54 14 59
45 36 85 73 25 6 54 11 85 24 83 51 88 13 85 46 34 74 55 28
35 7 14 63 39 19 9 77 84 87 44 32 72 53 13 58 44 71 42 54
35 83 40 26 17 66 54 6 75 35 77 25 74 62 14 83 43 88 74 65
26 14 54 29 85 34 47 31 80 68 20 1 49 6 80 71 32 20 60 41
1 46 32 59 11 70 38 75 88 72 33 21 68 37 62 70 83 67 28 16
56 37 85 42 28 19 68 56 8 77 37 82 68 7 66 34 71 84 68 29
17 57 38 11 18 25 74 50 30 20 88 7 10 55 43 83 64 24 69 55
82 53 65 46 6 51 37 28 77 65 17 86 46 88 36 85 73 25 6 54
11 85 76 37 25 65 40 8 45 58 42 3 79 31 12 60 17 3 82 43
31 71 52 12 57 43 70 41 25 62 75 59 20 8 55 24 49 57 70 54
15 3 43 24 72 29 15 6 55 43 83 64 24 69 55 82 53 21 58 71
55 16 80 41 17 85 75 55 62 65 22 10 50 31 79 36 22 49 20 32
13 61 18 4 83 44 32 72 53 13 55 3 52 40 80 61 21 66 52 43
4 80 32 7 63 12 25 9 58 46 86 67 27 72 58 49 10 86 38 19
67 24 10 37 8 64 40 21 69 26 12 39 10 66 15 28 12 61 49 1
70 30 75 61 52 13 1 41 22 70 27 13 40 11 20 69 57 9 78 38
83 51 39 79 5 13 32 40 9 34 42 55 39 88 76 28 9 57 14 88
79 40 33 78 64 3 62 30 67 80 64 25 13 60 29 54 62 75 50 38
78 59 19 64 50 41 2 78 30 11 59 16 2 29 88 56 5 18 2 51
39 86 55 80 88 13 85 46 34 74 55 15 60 46 37 86 74 26 7 55
12 86 25 84 52 1 14 86 47 35 75 56 29 36 8 15 64 40 20 10
78 85 88 45 33 73 54 14 59 45 72 43 55 36 84 41 27 37 5 42
55 39 88 76 28 9 57 14 88 79 40 28 68 49 9 54 40 67 38 22
59 72 56 17 5 52 21 46 54 67 51 12 88 40 21 69 26 12 3 52
40 80 61 21 66 52 79 50 18 55 68 52 13 77 38 14 82 72 52 59
62 19 7 47 28 76 33 19 46 17 29 10 58 15 1 80 41 29 69 50
10 52 88 49 37 77 58 18 63 49 40 1 77 29 4 60 9 22 6 55
43 83 64 24 69 55 46 7 83 35 16 64 21 7 34 5 61 37 18 66
23 9 36 7 63 12 25 9 58 46 86 67 27 72 58 49 10 86 38 19
67 24 10 37 8 17 66 54 6 75 35 80 48 36 76 2 10 29 37 6
31 39 52 36 85 73 25 6 54 11 85 76 37 30 75 61 88 59 27 64
77 61 22 10 57 26 51 59 72 47 35 75 56 16 61 47 38 87 75 27
8 56 13 87 26 85 53 2 15 87 48 36 83 52 77 85 10 82 43 31
71 52 12 57 43 34 83 71 23 4 52 9 83 22 81 49 86 11 83 44
32 72 53 26 33 5 12 61 37 17 7 75 82 85 42 30 70 51 11 56
42 69 40 52 33 81 38 24 15 64 52 4 73 33 75 23 72 60 12 81
41 86 72 63 24 12 52 27 83 32 45 29 78 66 18 87 47 4 78 69
30 18 58 39 87 44 30 57 9 68 36 73 86 70 31 19 66 35 60 68
81 65 26 14 54 35 83 40 26 17 66 54 6 75 35 80 66 5 64 32
69 82 66 27 15 55 36 9 16 23 72 48 28 18 86 5 8 53 41 81
62 22 67 53 80 51 63 44 4 49 35 26 75 63 15 84 44 86 34 83
71 23 4 52 9 83 74 35 23 63 38 6 43 56 40 1 77 29 10 58
15 1 80 41 29 69 50 10 55 41 68 39 23 60 73 57 18 6 53 22
47 55 68 52 13 1 41 22 70 27 13 4 53 41 81 62 22 67 53 80
51 19 56 69 53 14 78 39 15 83 73 53 60 63 20 8 48 29 77 34
20 47 18 30 11 59 16 2 81 42 30 70 51 11 53 1 50 38 78 59
19 64 50 41 2 78 30 5 61 10 23 7 56 44 84 65 25 70 56 47
8 84 36 17 65 22 8 35 6 62 38 19 67 24 10 37 8 64 13 26
10 59 47 87 68 28 73 59 50 11 87 39 20 68 25 11 38 9 18 67
55 7 76 36 81 49 37 77 3 11 30 38 7 32 40 53 37 86 74 26
7 55 12 86 77 38 31 76 62 1 60 28 65 78 62 23 11 58 27 52
60 73 48 36 76 57 17 62 48 39 88 76 28 9 57 14 88 27 86 54
3 16 88 49 37 84 53 78 86 11 83 44 32 72 53 13 58 44 35 84
72 24 5 53 10 84 23 82 50 87 12 84 45 33 73 54 27 34 6 13
62 38 18 8 76 83 86 43 31 71 52 12 57 43 70 41 53 34 82 39
25 16 65 53 5 74 34 76 24 73 61 13 82 42 87 73 64 25 13 53
28 84 33 46 30 79 67 19 88 48 5 79 70 31 19 59 40 88 45 31
58 10 69 37 74 87 71 32 20 67 36 61 69 82 66 27 15 55 36 84
41 27 18 67 55 7 76 36 81 67 6 65 33 70 83 67 28 16 56 37
10 17 24 73 49 29 19 87 6 9 54 42 82 63 23 68 54 81 52 64
45 5 50 36 27 76 64 16 85 45 87 35 84 72 24 5 53 10 84 75
36 24 64 39 7 44 57 41 2 78 30 11 59 16 2 81 42 30 70 51
11 56 42 69 40 24 61 74 58 19 7 54 23 48 56 69 53 14 2 42
23 71 28 14 5 54 42 82 63 23 68 54 81 52 20 57 70 54 15 79
40 16 84 74 54 61 64 21 9 49 30 78 35 21 48 19 31 12 60 17
3 82 43 31 71 52 12 39 27 67 48 8 53 39 66 37 21 58 71 55
16 4 51 20 45 53 66 50 11 87 39 20 68 25 11 2 51 39 79 60
20 65 51 78 49 17 54 67 51 12 76 37 13 81 71 51 58 61 18 6
46 27 75 32 18 45 16 28 9 57 41 83 31 80 68 20 1 49 6 80
71 32 20 60 35 3 40 53 37 86 74 26 7 55 12 86 77 38 26 66
47 7 52 38 65 36 20 57 70 54 15 3 50 19 44 52 65 49 10 86
38 19 67 24 10 1 50 38 78 59 19 64 50 77 48 16 53 66 50 11
87 39 20 81 88 7 56 32 12 2 70 77 80 37 25 65 46 6 51 37
64 35 47 28 76 33 19 10 59 47 87 68 28 70 18 67 55 7 76 36
81 67 75 56 16 61 47 74 54 11 85 33 21 61 42 2 47 33 24 73
61 13 82 42 87 73 12 71 39 82 51 76 84 9 81 42 30 70 51 11
56 42 33 82 70 22 3 51 8 82 21 80 48 85 10 82 43 31 71 52
25 32 4 11 60 36 16 6 74 81 84 41 29 69 50 10 55 41 68 39
51 32 80 37 23 14 63 51 3 72 32 74 22 71 59 11 80 40 85 71
62 23 11 51 26 82 31 44 28 77 65 17 86 46 3 77 68 29 17 57
38 86 43 29 56 8 67 35 72 85 69 30 18 65 34 59 67 80 64 25
13 53 34 82 39 25 16 65 53 5 74 34 79 65 4 63 31 68 81 65
26 14 54 35 8 15 22 71 47 27 17 85 4 7 52 40 80 61 21 66
52 79 50 62 43 3 48 34 25 74 62 14 83 43 85 33 82 70 22 3
51 8 82 73 34 22 62 37 5 42 55 39 88 76 28 9 57 14 88 79
40 28 68 49 9 54 40 67 38 22 59 72 56 17 5 52 21 46 54 67
51 12 88 40 21 69 26 12 3 52 40 80 61 21 66 52 79 50 18 55
68 52 13 77 38 14 82 72 52 59 62 19 7 47 28 76 33 19 46 17
29 10 58 15 1 80 41 29 69 50 10 52 88 49 37 77 58 18 63 49
40 1 77 29 4 60 9 22 6 55 43 83 64 24 69 55 46 7 83 35
16 64 21 7 34 5 61 37 18 66 23 9 36 7 63 12 25 9 58 46
86 67 27 72 58 49 10 86 38 19 67 24 10 37 8 17 66 54 6 75
35 80 48 36 76 2 10 29 37 6 31 39 52 36 85 73 25 6 54 11
85 76 37 30 75 61 88 59 27 64 77 61 22 10 57 26 51 59 72 47
35 75 56 16 61 47 38 87 75 27 8 56 13 87 26 85 53 2 15 87
48 36 83 52 77 85 10 82 43 31 71 52 12 57 43 34 83 71 23 4
52 9 6 54 11 85 76 37 25 65 46 6 48 84 45 33 73 54 14 59
45 36 85 73 25 88 56 5 18 2 51 39 79 60 20 65 51 42 3 79
31 12 60 17 3 30 1 57 33 14 62 19 5 32 3 59 8 21 5 54
42 82 63 23 68 54 45 6 82 34 15 63 20 6 33 4 13 62 50 2
71 31 76 44 32 72 86 6 25 33 2 27 35 48 32 81 69 21 2 50
7 81 72 33 26 71 57 84 55 23 60 73 57 18 6 53 22 47 55 68
43 31 71 52 12 57 43 34 83 71 23 4 52 9 83 22 81 49 86 11
83 44 32 79 48 73 81 6 78 39 27 67 48 8 53 39 30 79 67 19
88 48 5 79 18 77 45 82 7 79 40 28 68 49 22 29 1 8 57 33
13 3 71 78 81 38 26 66 47 7 52 38 65 36 48 29 77 34 20 11
60 48 88 69 29 71 19 68 56 8 77 37 82 68 59 20 8 48 23 79
28 41 25 74 62 14 83 43 88 74 65 26 14 54 35 83 40 26 53 5
64 32 69 82 66 27 15 62 31 56 64 77 61 22 10 50 31 79 36 22
13 62 50 2 71 31 76 62 1 60 28 65 78 62 23 11 51 32 5 12
19 68 44 24 14 82 1 4 49 37 77 58 18 63 49 76 47 59 40 88
45 31 22 71 59 11 80 40 82 30 79 67 19 88 48 5 79 70 31 19
59 34 2 39 52 36 85 73 25 6 54 11 85 76 37 25 65 46 6 51
37 64 35 19 56 69 53 14 2 49 18 43 51 64 48 9 85 37 18 66
23 9 88 49 37 77 58 18 63 49 76 47 15 52 65 49 10 74 35 11
79 69 49 56 59 16 4 44 25 73 30 16 43 14 26 7 55 12 86 77
38 26 66 47 7 49 85 46 34 74 55 15 60 46 37 86 74 26 1 57
6 19 3 52 40 80 61 21 66 52 43 4 80 32 13 61 18 4 31 2
58 34 15 63 20 6 33 4 60 9 22 6 55 43 83 64 24 69 55 46
7 83 35 16 64 21 7 34 5 14 63 51 3 72 32 77 45 33 73 87
7 26 34 3 28 36 49 33 82 70 22 3 51 8 82 73 34 27 72 58
85 56 24 61 74 58 19 7 54 23 48 56 69 44 32 72 53 13 58 44
35 84 72 24 5 53 10 84 23 82 50 87 12 84 45 33 80 49 74 82
7 79 40 28 68 49 9 54 40 31 80 68 20 1 49 6 80 19 78 46
83 8 80 41 29 69 50 23 30 2 9 58 34 14 4 72 79 82 39 27
67 48 8 53 39 66 37 49 30 78 35 21 12 61 49 1 70 30 72 20
69 57 9 78 38 83 69 60 21 9 49 24 80 29 42 26 75 63 15 84
44 1 75 66 27 15 55 36 84 41 27 54 6 65 33 70 83 67 28 16
63 32 57 65 78 62 23 11 51 32 80 37 23 14 63 51 3 72 32 77
63 2 61 29 66 79 63 24 12 52 33 6 13 20 69 45 25 15 83 2
5 50 38 78 59 19 64 50 77 48 60 41 1 46 32 23 72 60 12 81
41 83 31 80 68 20 1 49 6 80 71 32 20 60 35 3 40 53 37 86
74 26 7 55 12 86 77 38 26 66 47 7 52 38 65 36 20 57 70 54
15 3 50 19 44 52 65 49 10 86 38 19 67 24 10 1 50 38 78 59
19 64 50 77 48 16 53 66 50 11 75 36 12 80 70 50 57 60 17 5
45 26 74 31 17 44 15 27 8 56 13 87 78 39 27 67 48 8 50 86
17 5 45 26 74 31 17 8 57 45 85 66 26 71 57 84 55 23 60 73
57 18 82 43 19 87 77 57 64 67 24 12 52 33 81 38 24 51 22 34
15 63 20 6 85 46 34 74 55 15 57 5 54 42 82 63 23 68 54 45
6 82 34 9 65 14 27 11 60 48 88 69 29 74 60 51 12 88 40 21
69 26 12 39 10 66 42 23 71 28 14 41 12 68 17 30 14 63 51 3
72 32 77 63 54 15 3 43 24 72 29 15 42 13 22 71 59 11 80 40
85 53 41 81 7 15 34 42 11 36 44 57 41 2 78 30 11 59 16 2
81 42 35 80 66 5 64 32 69 82 66 27 15 62 31 56 64 77 52 40
80 61 21 66 52 43 4 80 32 13 61 18 4 31 2 58 7 20 4 53
41 88 57 82 2 15 87 48 36 76 57 17 62 48 39 88 76 28 9 57
14 88 27 86 54 3 16 88 49 37 77 58 31 38 10 17 66 42 22 12
80 87 2 47 35 75 56 16 61 47 74 45 57 38 86 43 29 20 69 57
9 78 38 80 28 77 65 17 86 46 3 77 68 29 17 57 32 88 37 50
34 83 71 23 4 52 9 83 74 35 23 63 44 4 49 35 62 14 73 41
78 3 75 36 24 71 40 65 73 86 70 31 19 59 40 88 45 31 22 71
59 11 80 40 85 71 10 69 37 74 54 38 87 75 27 8 56 13 87 78
39 27 67 48 8 53 39 66 37 21 58 71 55 16 4 51 20 45 53 66
50 11 87 39 20 68 25 11 2 51 39 79 60 20 65 51 78 49 17 54
67 51 12 76 37 13 81 71 51 58 61 18 6 46 27 75 32 18 45 16
28 9 57 14 88 79 40 28 68 49 9 51 87 48 36 76 57 17 62 48
39 88 76 28 3 59 8 21 5 54 12 52 33 81 38 24 51 3 62 30
67 80 64 25 13 60 29 54 62 75 59 20 8 48 29 77 34 20 11 60
48 88 69 29 74 60 87 58 26 63 76 60 21 9 49 30 3 10 17 66
42 22 12 80 87 2 47 35 75 56 16 61 47 74 45 57 38 86 43 29
20 69 57 9 78 38 80 28 77 65 17 86 46 3 77 68 29 17 57 32
88 37 50 34 83 71 23 4 52 9 83 74 35 23 63 44 4 49 35 62
33 17 54 67 51 12 88 47 16 41 49 62 46 7 83 35 16 64 21 7
86 47 35 75 56 16 61 47 74 45 13 50 63 47 8 84 36 17 78 85
4 53 29 9 87 67 74 77 34 22 62 43 3 48 34 61 32 44 25 73
30 16 7 56 44 84 65 25 67 15 64 52 4 73 33 78 64 72 53 13
58 44 71 51 8 82 30 18 58 39 87 44 30 21 70 58 10 79 39 84
70 9 68 36 12 81 41 86 72 11 70 38 75 88 72 33 9 53 32 39
