800
81 16 8 10 67 37 77 48 46 46 39 7 31 4 57 21 9 49 37 20
52 55 49 20 18 18 11 67 3 64 29 81 69 21 9 67 44 19 76 51
59 20 20 16 73 72 58 24 56 59 53 24 22 22 15 71 7 68 33 85
73 25 13 71 48 23 80 55 63 24 24 20 77 76 62 28 60 63 65 68
62 33 31 31 24 85 5 54 54 50 19 18 4 58 2 5 87 58 56 56
49 17 41 14 67 31 88 26 6 83 39 67 10 36 78 54 55 59 66 59
10 88 4 18 71 64 65 8 88 28 46 9 19 62 67 40 40 33 1 59
47 17 82 57 26 1 9 58 58 54 23 22 8 62 6 9 11 68 67 53
19 51 54 48 19 17 17 10 66 2 63 28 80 68 20 8 66 43 18 75
50 58 19 19 15 72 71 57 23 55 58 52 23 21 21 14 70 6 67 32
84 72 24 12 70 47 22 79 54 62 23 23 19 76 75 61 27 59 62 56
27 25 25 18 74 10 71 36 88 76 28 16 74 51 26 83 58 66 27 27
23 80 54 16 17 86 81 81 48 9 41 12 42 4 42 70 13 39 43 6
16 59 64 47 5 54 33 57 64 46 88 82 77 2 31 11 88 44 72 15
41 83 83 84 70 32 33 14 9 9 64 25 57 28 58 20 88 27 7 48
70 45 24 79 35 63 6 32 74 71 42 40 40 5 68 76 37 37 33 2
1 75 66 13 14 32 3 29 9 86 42 70 13 39 81 57 58 62 69 62
13 3 7 21 74 67 68 11 3 31 49 12 22 59 2 82 22 40 3 13
56 61 44 56 12 7 7 62 23 55 26 56 18 86 25 5 46 68 43 22
77 33 61 4 30 72 72 73 59 21 22 3 86 86 53 14 46 17 17 85
24 4 45 67 42 21 76 32 60 3 29 71 71 72 58 20 21 2 85 85
52 13 45 16 46 8 73 4 37 39 21 57 54 1 2 20 79 17 85 74
30 58 1 27 69 45 46 50 57 50 1 79 83 79 78 64 30 62 65 59
30 28 28 21 77 13 74 39 3 79 31 19 77 54 29 86 61 69 30 30
26 83 82 68 34 66 69 63 34 32 32 85 60 68 29 29 25 82 81 67
58 5 6 24 83 21 1 78 34 62 5 31 73 49 50 54 61 54 5 83
87 13 66 59 60 3 83 23 41 4 14 57 62 35 35 28 84 54 42 12
77 52 21 84 4 53 53 49 18 17 3 57 1 4 86 57 55 55 48 16
40 13 66 65 51 13 14 83 78 78 45 6 38 9 39 1 39 67 10 36
40 3 13 56 61 44 2 51 30 54 61 43 85 79 74 87 28 8 85 41
69 12 38 80 80 81 67 29 30 11 6 6 61 22 54 25 55 17 85 24
4 45 67 42 21 76 32 60 3 29 71 68 39 37 37 2 65 73 34 34
30 87 86 72 63 10 11 29 88 26 6 83 39 67 10 36 78 54 55 59
66 59 10 88 4 18 71 64 65 8 88 28 46 9 19 56 87 79 19 37
88 10 53 58 41 53 9 4 4 59 20 52 23 53 15 83 22 2 43 65
40 19 74 30 58 1 27 69 69 70 56 18 19 88 83 83 50 11 43 14
14 82 21 1 42 64 39 18 73 29 57 88 26 68 68 69 55 17 18 87
82 82 49 10 42 13 43 5 70 1 34 36 18 54 51 86 87 17 76 14
82 71 27 55 86 24 66 42 43 47 54 47 86 76 80 6 59 52 53 84
76 16 34 85 7 50 55 38 50 49 79 55 17 53 9 70 87 39 29 20
