400
50 51 81 86 84 10 30 53 36 71 25 61 10 32 28 38 53 23 10 66
5 71 43 30 20 42 75 69 32 23 29 57 49 21 55 20 6 84 72 17
42 72 78 51 79 17 1 43 39 74 20 19 56 39 24 51 80 10 31 87
14 62 61 40 27 23 15 21 34 26 19 76 63 50 24 84 12 88 19 83
60 43 85 20 71 11 43 73 28 87 20 12 32 75 46 29 68 32 21 73
52 34 55 85 54 5 46 63 26 77 13 37 9 82 85 84 52 72 69 56
66 83 62 68 41 79 3 15 17 18 82 39 22 20 6 47 64 27 78 14
38 10 57 60 59 27 47 44 31 41 58 37 43 44 7 31 55 27 12 15
14 70 2 87 74 84 13 80 86 59 9 21 33 35 36 12 57 40 38 24
65 82 45 8 32 56 28 13 16 15 71 3 88 75 85 14 37 23 64 81
44 7 31 55 27 12 15 14 70 2 87 74 84 13 80 86 59 9 21 33
35 36 12 57 40 38 24 65 82 45 8 32 56 28 13 16 15 71 3 88
75 85 14 81 87 60 10 22 34 36 37 13 58 41 39 25 66 83 46 9
33 57 29 14 17 16 72 4 1 76 86 15 82 88 61 11 23 35 37 38
14 59 42 40 26 88 61 11 23 35 37 38 14 59 42 40 26 67 84 47
10 34 58 30 15 18 17 73 5 2 77 87 16 83 1 62 12 24 36 38
39 15 60 43 41 27 68 85 48 11 35 59 31 16 19 18 74 6 3 78
88 17 84 2 63 13 25 37 39 40 16 61 44 42 28 69 86 49 12 36
60 32 17 20 19 75 7 4 79 1 18 41 27 68 85 48 11 35 59 31
16 19 18 74 6 3 78 88 17 84 2 63 13 25 37 39 40 16 61 40
