1600
33 47 4 12 31 70 2 30 76 2 47 55 74 6 4 9 60 53 48 66
35 19 53 27 62 61 38 36 87 22 49 78 48 57 66 26 11 24 86 13
50 87 11 50 65 49 83 57 4 3 68 66 29 52 79 20 78 87 8 56
41 54 28 43 80 29 41 80 87 59 17 37 65 23 37 82 2 21 41 39
44 7 76 83 55 13 33 61 19 33 78 86 17 37 35 40 3 84 79 9
66 50 84 58 5 4 69 67 30 53 80 21 79 88 9 57 42 55 29 44
81 30 42 81 88 60 18 38 66 24 38 83 3 22 42 40 45 8 1 84
14 71 55 1 63 10 9 74 72 35 58 85 26 84 5 14 62 47 60 34
49 86 35 47 86 5 65 23 43 71 29 43 88 8 27 47 45 50 13 6
1 19 76 60 6 68 15 14 79 77 40 63 2 31 1 10 19 67 52 65
39 54 3 40 52 3 10 70 28 48 76 34 48 5 13 32 52 50 55 18
11 6 24 81 65 11 73 20 19 84 82 45 68 7 36 6 15 24 72 57
70 44 59 8 45 57 8 15 75 33 53 81 39 53 10 18 37 57 55 60
23 16 11 29 86 70 16 78 25 24 1 87 50 73 12 41 11 20 29 77
62 75 49 64 13 17 37 35 40 3 84 79 9 66 50 84 58 5 4 69
67 30 53 80 21 79 88 9 57 42 55 29 44 81 30 42 81 88 60 18
38 66 24 38 83 3 22 42 40 45 8 1 84 14 71 55 1 63 10 9
74 72 35 58 85 26 84 5 14 62 47 60 34 49 86 35 47 86 5 65
23 43 71 29 43 88 8 27 47 45 50 13 6 1 19 76 60 6 68 15
14 79 77 40 63 2 31 1 10 19 67 52 65 39 54 3 40 52 3 10
70 28 48 76 34 48 5 13 32 52 50 55 18 11 6 24 81 65 11 73
20 19 84 82 45 68 7 36 6 15 24 72 57 70 44 59 8 45 57 8
15 75 33 53 81 39 53 10 18 37 57 55 60 23 16 11 29 86 70 16
78 25 24 1 87 50 73 12 41 11 20 29 77 62 75 49 64 13 50 62
13 20 6 68 83 32 69 81 32 39 11 57 77 17 63 77 34 42 61 81
79 84 47 40 35 53 22 6 40 14 41 87 24 61 18 30 53 80 21 79
61 57 73 71 69 29 14 64 78 80 24 22 34 32 48 18 68 77 37 22
35 17 43 87 37 62 22 58 50 14 46 81 47 87 57 21 39 55 82 23
62 50 32 28 44 42 40 88 73 35 49 51 83 44 79 44 76 43 52 12
85 10 72 87 36 73 85 36 43 15 61 81 21 67 81 38 46 65 85 83
82 33 40 12 58 78 18 64 78 35 43 62 82 80 85 48 41 36 54 23
7 41 15 50 49 26 24 75 10 37 66 36 18 14 30 17 67 39 85 22
59 16 28 51 78 19 77 59 55 71 69 67 27 12 62 76 78 22 20 32
30 46 16 66 75 35 32 67 66 43 41 4 78 61 62 25 48 75 16 74
83 4 52 37 50 24 39 76 25 37 76 83 55 13 33 61 19 33 78 86
17 37 35 40 3 84 79 9 66 50 84 58 5 4 69 67 30 53 80 21
79 88 9 57 42 55 29 44 81 30 42 81 88 60 18 38 66 24 38 83
3 22 42 40 45 8 1 84 14 71 55 1 63 10 9 74 72 35 58 85
26 84 5 14 62 47 60 34 49 86 35 47 86 5 65 23 43 71 29 43
88 8 27 47 45 50 13 6 1 19 76 60 6 68 15 14 79 77 40 63
2 31 1 10 19 67 52 65 39 54 3 40 52 3 10 70 28 48 76 34
48 5 13 32 52 50 55 18 11 6 24 81 65 11 73 20 19 84 82 45
68 7 36 6 15 24 72 57 70 44 59 8 45 57 8 15 1 63 78 27
64 76 27 34 6 52 72 12 58 72 29 37 56 76 74 79 42 35 30 48
17 1 35 9 36 82 19 56 13 25 48 75 16 74 56 52 68 66 64 24
9 59 73 75 19 17 29 27 43 13 63 72 32 17 30 12 38 82 32 57
17 53 45 9 41 76 42 82 52 16 34 50 77 18 57 45 27 23 39 37
35 83 68 30 44 46 78 39 74 39 71 38 47 7 80 5 67 82 31 68
80 31 38 10 56 76 16 62 76 33 41 60 80 78 77 28 35 7 53 73
13 59 73 30 38 57 77 75 80 43 36 31 49 18 2 36 10 45 44 21
19 70 5 32 61 31 13 9 25 12 62 34 80 17 54 11 23 46 73 14
72 54 50 66 64 62 22 7 57 71 73 17 15 27 25 41 11 61 70 30
27 62 61 38 36 87 73 56 73 44 63 24 69 77 8 28 26 31 82 75
72 84 46 65 88 27 56 26 8 4 20 7 57 29 75 12 49 6 18 41
68 9 67 77 38 73 38 70 37 46 6 79 4 66 81 30 67 79 30 37
9 55 75 15 61 75 32 40 59 79 77 76 27 34 6 52 72 12 58 72
29 37 56 76 74 79 42 35 30 48 17 1 35 9 44 43 20 18 69 4
31 60 30 12 8 24 11 61 33 79 16 53 10 22 45 72 13 71 53 49
65 63 61 21 6 56 70 72 16 14 26 24 40 10 60 69 29 26 61 60
37 35 86 72 55 72 43 62 23 68 76 7 27 25 30 81 74 71 83 45
64 87 26 55 25 7 3 19 6 56 28 74 11 48 5 17 40 67 8 66
48 44 60 58 56 16 1 51 65 67 11 9 21 19 35 5 55 64 24 9
22 4 30 74 24 49 9 45 37 1 33 68 34 74 44 8 26 42 69 10
49 37 19 15 31 29 27 75 60 22 36 38 70 31 66 31 63 30 39 87
72 85 59 74 23 60 72 23 30 2 48 68 8 54 68 25 33 52 72 70
75 38 31 26 44 13 85 31 5 32 78 15 52 9 21 44 71 12 70 52
48 64 62 60 20 5 55 69 71 15 13 25 23 39 9 59 68 28 13 26
8 34 78 28 53 13 49 41 5 37 72 38 78 48 12 30 46 73 14 53
41 23 19 35 33 31 79 64 26 40 42 74 35 70 35 67 34 43 3 76
1 63 78 27 64 76 27 34 6 52 72 12 58 72 29 37 56 76 74 73
24 31 3 49 69 9 55 69 26 34 53 73 71 76 39 32 27 45 14 86
32 6 41 40 17 15 66 1 28 57 27 9 5 21 8 58 30 76 13 50
7 19 42 69 10 68 50 46 62 60 58 18 3 53 67 69 13 11 23 21
37 7 57 66 26 23 58 57 34 32 83 69 52 69 40 59 20 65 73 4
24 22 27 78 71 68 80 42 14 60 85 34 79 3 26 53 82 52 34 30
46 44 42 2 75 37 51 53 85 46 81 46 78 45 54 14 87 12 82 20
64 14 39 87 35 27 79 23 58 24 64 34 86 16 32 59 88 39 29 39
41 3 23 21 26 77 70 67 79 41 13 59 84 33 78 2 25 70 35 51
33 29 45 43 41 1 74 36 50 52 84 82 6 4 20 78 14 42 57 29
80 34 11 57 57 53 20 49 14 60 74 36 30 18 22 61 67 69 15 68
