100
93 756000005291999813
3 10 9 5 8 4 3 2 4 9 1 9 8 1 6 5 4 2 9 2 8 4 4 8 6 7 8 1 5 1 7 9 3 9 9 4 8 6 7 5 9 3 9 10 2 6 6 10 3 1 5 7 10 7 9 1 5 3 7 7 3 9 7 7 5 5 3 10 7 3 6 4 4 5 9 1 7 3 3 3 2 8 3 1 9 4 9 3 2 2 4 4 8
100 976888086838218893
9 3 5 10 1 8 2 10 3 4 7 7 1 5 7 6 4 10 9 10 4 6 9 5 9 5 7 4 6 7 1 9 5 8 8 3 6 5 3 5 6 10 3 1 4 1 2 3 7 6 2 7 3 5 8 8 2 3 7 8 6 5 4 7 6 7 1 2 2 3 10 6 8 4 6 5 6 4 4 6 3 6 5 9 9 1 2 3 7 9 10 5 3 9 9 8 10 10 7 5
96 73269613667563010
2 7 5 9 5 3 8 2 6 4 1 2 6 5 10 6 3 6 3 4 7 9 6 6 7 3 1 1 7 5 9 1 8 9 7 2 1 10 2 7 10 8 2 7 7 1 3 9 2 2 1 9 3 4 8 2 4 4 4 7 5 6 9 7 4 9 3 3 8 9 8 2 9 2 7 10 3 5 1 1 7 8 10 6 8 10 1 3 9 9 5 1 5 7 6 3
93 447366533117032853
8 4 6 7 9 2 3 10 7 5 6 10 5 10 3 10 8 8 10 6 2 6 8 10 1 8 10 4 7 6 1 7 1 6 5 2 6 2 9 3 5 9 7 8 10 2 1 8 6 2 5 8 1 4 4 10 1 1 10 1 8 6 10 1 3 8 9 9 3 2 7 5 1 1 3 9 5 2 7 3 6 10 9 8 1 5 1 5 6 6 8 7 8
91 7
6 4 2 1 6 8 2 1 10 10 1 4 8 3 5 1 3 4 9 9 1 8 4 7 7 3 7 9 6 10 4 9 4 2 7 9 1 8 2 8 5 3 2 6 4 1 3 1 6 6 3 1 9 4 10 8 5 6 1 4 6 4 4 5 7 9 6 6 1 1 8 7 10 5 9 1 7 2 9 5 5 2 1 1 5 9 1 7 6 8 7
96 889217092822101140
8 10 10 10 10 10 10 10 10 8 8 8 7 8 7 7 10 10 8 8 7 8 7 10 10 8 10 10 7 9 9 8 8 10 9 8 9 7 10 10 10 10 10 7 10 7 7 8 8 9 10 10 9 10 9 9 7 8 10 7 7 10 8 8 10 10 8 9 8 7 8 9 8 10 7 7 7 7 7 8 9 8 10 9 8 8 9 8 7 7 10 10 7 7 7 7
99 333953539950927822
8 9 9 8 10 10 9 8 7 7 8 9 10 10 10 9 8 7 10 7 9 7 7 10 8 9 8 10 7 8 7 8 10 7 9 8 9 8 7 9 7 7 10 8 10 7 10 7 9 7 8 9 7 10 7 8 10 8 7 8 8 9 7 10 10 7 10 7 9 7 9 8 8 10 7 8 8 9 10 7 9 9 7 10 7 7 7 7 8 9 9 9 9 8 7 7 8 9 7
98 516417090674287325
9 7 8 7 10 9 10 10 10 9 8 1 2 3 4 9 9 10 8 10 10 9 7 8 9 10 10 8 10 7 10 7 9 10 10 7 10 8 7 9 9 7 7 9 7 9 8 9 8 10 9 8 7 9 7 7 7 8 10 10 9 10 10 10 8 10 10 10 7 10 9 8 8 8 9 9 8 7 10 10 7 9 7 8 9 8 10 8 9 10 9 9 9 9 9 9 7 8
98 655171749246524554
9 8 9 9 10 10 8 9 8 8 8 10 10 8 8 9 8 10 10 8 9 8 9 8 8 10 8 10 9 10 9 8 10 10 10 9 9 9 9 10 10 10 8 8 8 8 10 10 8 10 10 10 8 10 8 8 9 8 10 10 10 8 8 10 10 10 8 10 8 8 9 10 10 8 10 8 8 8 9 9 10 8 10 9 9 9 8 9 10 8 8 10 9 8 8 9 8 9
100 95857651527297827
10 10 10 10 10 9 10 10 10 10 10 10 10 10 10 10 10 10 10 10 10 10 10 10 10 10 8 10 10 10 10 10 10 10 10 10 10 10 10 10 10 10 10 10 10 10 10 10 10 10 10 10 10 10 10 10 10 10 10 10 10 10 10 10 10 10 10 10 10 10 10 10 10 10 10 10 10 10 10 10 10 10 10 10 10 10 10 10 10 10 10 10 10 10 10 10 10 10 10 10
43 10063271259164818
7 9 1 5 1 3 4 3 8 6 7 10 6 5 4 5 7 7 4 8 7 10 8 5 4 10 8 6 8 8 1 6 4 2 7 8 1 9 7 2 5 2 4
49 505308264047197541
5 9 5 1 8 4 8 10 8 6 10 3 6 4 9 6 5 2 1 10 9 9 7 9 10 4 1 4 4 7 10 5 4 7 1 6 3 1 4 10 4 7 9 6 6 2 1 9 3
43 488387482303067272
10 2 1 3 10 6 9 2 4 9 3 2 3 5 7 2 4 1 7 1 3 7 9 7 7 8 5 4 2 6 10 3 6 3 3 4 10 8 8 9 5 8 9
50 361809620342422813
7 1 2 1 8 7 8 2 4 8 4 4 10 5 6 3 3 9 10 6 1 10 4 5 2 4 7 6 5 10 6 5 3 1 6 8 9 4 1 1 2 2 5 2 1 10 5 2 8 3
43 443123902117283731
3 5 5 4 3 4 8 5 10 2 4 1 8 2 2 3 9 8 8 2 4 10 6 5 9 5 9 10 10 7 2 7 1 7 1 6 10 6 3 10 9 7 9
46 201768405781653236
2 2 4 1 1 10 9 6 5 8 7 7 3 6 9 6 3 3 5 9 6 10 7 9 1 1 2 8 4 6 7 1 3 5 6 2 8 4 7 3 2 1 5 1 9 4
43 1363399247586341
2 6 7 6 3 9 3 3 2 6 1 4 4 5 4 4 5 9 1 1 9 4 7 6 5 8 4 9 10 8 1 10 5 9 9 4 1 8 3 4 3 3 2
46 865169529548053812
9 7 1 7 9 8 9 4 9 5 2 2 6 4 4 2 10 4 5 6 3 2 4 6 2 5 9 9 1 9 1 5 6 6 5 2 5 5 3 1 3 7 6 4 8 1
47 103555394222389129
9 4 7 6 4 6 9 6 6 9 8 5 1 6 5 5 2 10 1 2 6 6 6 7 10 5 2 8 9 9 8 10 8 1 2 6 7 2 6 6 2 2 10 9 10 2 3
46 790381442257389409
10 2 7 4 10 6 4 4 10 5 1 9 5 9 10 1 4 9 4 7 2 8 1 8 6 6 10 6 7 10 3 9 4 1 9 1 7 10 5 9 10 9 10 3 5 3
41 658337823542570208
9 10 3 9 6 5 2 2 5 7 9 10 5 7 5 10 10 4 9 5 7 3 5 7 7 3 3 5 9 4 4 6 4 4 4 6 3 4 9 8 8
42 494086820790015026
6 6 3 8 4 10 10 7 2 9 8 3 10 4 3 8 5 8 3 4 10 9 4 5 8 7 5 2 3 1 5 7 8 7 4 7 5 4 2 1 1 8
48 238740895683488233
5 4 10 8 1 4 5 5 6 9 5 8 8 10 1 7 1 10 5 1 4 1 9 4 6 3 1 10 1 9 10 7 2 9 9 8 9 8 3 10 7 7 4 8 9 5 2 6
44 634202588333724533
7 7 5 2 10 7 6 1 8 1 5 8 9 9 1 5 7 7 6 10 6 4 7 2 4 1 8 5 2 2 1 4 8 3 5 2 7 1 1 7 5 1 5 8
41 445691306620324623
1 5 3 8 7 4 8 2 2 2 8 9 7 8 2 7 7 3 9 10 10 10 1 10 7 5 3 6 3 1 3 6 10 7 8 3 4 8 2 6 7
47 265211143708942314
6 6 9 3 10 1 2 5 5 1 3 3 10 6 10 7 7 2 5 10 8 8 5 7 10 6 2 9 3 3 9 1 3 2 4 9 4 2 3 2 7 1 10 4 3 8 4
45 592214017893621829
9 1 1 1 5 9 2 6 6 5 1 6 9 10 7 4 7 4 3 9 5 9 2 3 2 1 8 6 4 5 1 9 8 9 4 1 7 6 5 1 5 1 2 9 5
45 592214017893621829
9 1 1 1 5 9 2 6 6 5 1 6 9 4 7 4 7 4 3 9 5 9 2 3 2 1 8 6 4 5 1 9 8 9 4 1 7 6 5 1 5 1 2 9 5
42 882946558453916646
7 7 5 9 6 4 8 5 10 7 1 9 2 9 1 4 2 4 8 3 10 10 2 1 4 1 5 7 7 4 9 5 5 1 1 8 7 1 9 10 7 2
42 538281182254328447
6 1 8 6 9 2 9 3 3 4 6 2 6 6 7 4 1 7 9 3 10 10 10 4 6 1 1 5 4 3 8 4 9 1 2 7 3 4 2 4 6 1
49 316791998537808227
9 9 9 9 10 10 6 6 8 9 6 10 9 6 7 10 7 9 6 8 10 6 10 9 6 9 9 9 6 9 8 6 8 7 7 10 10 7 6 9 10 8 7 8 10 10 7 8 10
44 124684627162272149
6 9 8 6 10 7 7 10 10 10 6 9 6 7 8 9 9 8 9 6 6 7 9 7 10 10 7 10 10 10 7 8 10 9 6 6 8 8 9 7 7 8 8 8
49 509596768471985362
7 6 9 9 10 8 9 6 7 10 9 7 10 10 10 7 10 6 10 10 8 7 6 7 7 6 10 9 8 8 10 9 6 9 9 6 9 10 10 10 7 7 9 6 9 7 6 7 10
42 949992617749247249
6 7 6 8 8 10 6 7 6 6 8 8 8 8 10 10 6 7 9 7 9 6 10 10 9 9 10 9 6 7 8 9 9 10 8 9 7 8 8 8 10 6
47 36936683840583104
8 7 9 6 7 7 7 9 10 6 6 7 8 7 10 10 8 8 8 9 9 10 6 6 7 9 7 8 10 10 7 10 6 9 7 6 7 10 6 7 6 6 8 6 6 6 10
44 951211561997914168
6 8 6 7 6 8 7 7 7 7 6 9 10 7 10 10 8 8 8 6 9 8 6 10 10 9 7 10 8 9 9 7 10 9 6 6 7 8 9 6 10 6 9 9
48 921125748526161746
7 7 7 7 8 10 7 8 9 10 6 7 8 9 10 6 6 9 6 9 10 8 7 7 9 9 10 10 10 9 10 6 9 8 10 10 9 9 7 8 8 6 6 7 10 9 10 8
41 149801778824533481
6 8 7 7 7 10 9 9 10 7 9 10 10 6 10 6 6 7 8 8 10 10 6 6 7 10 7 9 10 6 9 8 8 6 8 9 10 9 9 9 7
49 970097443315127407
6 8 10 7 8 8 8 8 10 9 6 8 6 10 9 9 10 10 9 7 6 8 10 9 8 10 9 10 8 9 7 9 10 7 7 7 7 6 7 9 7 6 7 9 6 8 10 7 8
47 845112783578809801
6 8 9 7 10 10 8 6 6 9 9 10 8 9 8 8 10 8 10 7 7 8 7 10 8 9 8 9 7 7 9 6 8 6 8 6 7 10 8 8 10 9 6 9 10 9 10
15 87535596928321768
8 8 5 4 1 2 8 3 1 9 9 8 5 10 5
17 818020873342117407
4 8 1 10 3 8 4 5 7 8 10 3 9 8 6 8 2
15 678191232813790990
8 1 8 9 7 7 4 2 3 5 6 3 10 7 10
15 983096468858495007
3 5 7 8 1 6 7 8 9 2 8 6 5 3 5
17 10206138824089617
3 8 8 9 6 8 4 5 8 4 1 2 1 2 4 10 5
12 120705960927244856
3 3 4 7 3 1 10 8 2 9 4 9
14 54240598904080741
5 5 3 3 4 2 2 3 8 7 8 5 1 4
11 900796751228414975
2 1 1 10 7 1 4 7 1 5 5
15 522413826756420247
6 5 9 4 3 3 2 6 6 8 10 10 3 10 8
12 438746910956296121
2 9 7 8 1 3 4 9 4 3 7 7
16 45761961738493780
6 2 3 7 3 4 9 3 5 2 1 6 7 10 2 1
19 184506072596328465
10 7 9 2 1 5 4 7 5 6 6 1 7 8 5 2 1 7 4
17 757297292014138733
9 3 3 7 5 8 9 8 10 7 2 10 1 2 8 5 2
14 600909195039258373
7 10 5 7 4 4 7 6 7 3 6 2 8 1
12 935445349111752958
10 6 8 10 4 2 10 10 4 1 5 9
19 501305115218342032
4 2 7 2 6 5 5 10 5 9 5 3 2 1 1 1 1 6 6
19 627894973000729234
5 4 2 2 2 3 7 9 8 8 3 8 4 9 8 9 1 4 9
19 27498323885239924
10 1 1 3 1 9 9 4 1 8 7 9 10 6 4 7 6 7 4
16 9743273150307049
9 8 4 6 4 5 5 3 9 5 10 9 8 8 9 8
17 160767326430335112
3 5 5 8 8 3 10 9 10 3 4 10 3 5 10 7 5
17 7552269606476700
4 6 8 1 1 6 2 8 3 2 10 3 8 6 9 2 2
17 516276763985134214
5 9 9 10 10 9 4 2 6 5 2 5 4 7 3 6 1
15 963999590932395483
6 2 4 3 10 2 5 1 2 9 9 9 8 10 7
13 487397198529314684
10 10 2 8 5 8 4 10 6 2 9 6 10
14 553223289147837894
10 1 5 4 5 1 5 7 7 4 7 9 1 1
14 138120266823252671
1 3 8 10 8 1 3 6 8 10 3 6 1 4
17 838104300172251931
10 3 10 9 10 2 5 4 6 8 4 4 10 5 9 2 5
19 303167656161956070
9 3 3 9 5 1 3 9 5 5 6 6 7 3 10 6 5 7 8
16 187036853763678710
3 3 1 2 3 6 6 5 8 8 9 6 8 3 8 2
15 631111635269842739
10 3 4 10 1 6 6 1 2 6 2 5 6 10 5
4 3892340027246377
1 2 5 10
7 413410822619268198
3 2 8 1 9 5 10
9 299305205458414430
7 7 7 7 9 3 3 1 7
14 74331136176125757
9 9 7 7 1 4 9 10 7 4 1 10 9 1
2 50
8 7
10 223507677269352098
8 1 10 9 1 3 6 10 3 10
5 793033452229148520
4 9 5 1 3
10 23333
4 2 7 1 6 5 1 1 7 8
11 483860692938407796
8 5 7 7 2 5 3 2 3 10 2
19 358920145120378987
1 6 6 9 2 6 3 5 7 6 7 2 6 1 7 9 8 5 1
14 497671673474836529
5 6 7 2 6 3 2 7 9 7 9 4 10 6
11 907716912125728745
4 4 9 7 3 3 10 7 5 8 4
10 3
2 4 4 1 1 10 4 9 4 2
6 758581431645312247
2 5 5 8 2 9
3 779961882382084713
5 4 10
5 208027569144915370
9 9 9 9 8
1 921977181499366711
1
19 741705561222607287
8 4 3 2 2 3 4 10 2 8 10 2 7 10 10 9 10 4 5
19 864109675870715407
2 7 5 6 9 2 5 9 3 9 8 1 3 3 4 9 1 9 6
8 462194212649356102
8 6 5 7 8 6 7 3
18 581503826000384395
6 1 8 1 5 6 4 5 5 6 4 4 9 8 6 9 2 5
5 789024872657403599
7 8 9 5 7
4 10
1 2 5 10
4 100
1 2 5 10
5 20
1 1 1 1 1
1 213594102463871944
7
3 912912763111516064
8 5 1
11 954793710727037194
4 10 8 5 3 2 8 1 10 5 5
2 905849341408105203
10 4
20 1000000000000000000
1 2 3 4 5 6 7 8 9 10 1 2 3 4 5 6 7 8 9 10
