60
18 36 50 60 0
3 14 27 37 0
8 13 14 49 53 58 0
2 7 9 30 43 55 58 0
1 13 44 48 0
15 26 32 39 43 0
46 0
57 0
10 58 0
9 38 0
14 33 41 0
15 50 0
11 18 20 27 29 31 32 44 49 0
31 0
44 0
3 0
10 11 16 32 50 0
2 6 11 21 56 0
51 0
16 0
6 17 18 31 59 60 0
0
10 14 45 60 0
27 0
15 31 57 0
21 24 0
22 49 0
13 27 50 0
24 51 0
21 31 38 0
0
4 19 38 0
38 45 0
29 60 0
15 59 0
31 0
14 38 40 46 0
17 0
28 0
1 12 16 20 25 0
6 29 31 0
27 39 50 0
55 0
41 49 0
46 0
11 16 29 0
7 54 0
22 25 27 31 60 0
17 31 38 47 48 0
7 0
44 0
2 3 12 16 0
15 30 47 0
15 40 49 50 58 0
10 28 0
0
5 8 23 46 0
6 34 37 48 51 0
8 23 25 37 42 0
1 7 24 0
