81
3 73 1 54 1 45 3 1116
3 73 1 54 2 45 2 1116
3 73 1 54 3 45 1 1212
3 73 2 54 1 45 2 1229
3 73 2 54 2 45 1 1314
3 73 3 54 1 45 1 1498
3 82 1 54 1 45 3 996
3 82 1 54 2 45 2 1157
3 82 1 54 3 45 1 1234
3 82 1 73 1 45 3 1082
4 82 1 73 1 54 1 45 2 1261
4 82 1 73 1 54 2 45 1 1237
3 82 1 73 1 54 3 1364
3 82 1 73 2 45 2 1212
4 82 1 73 2 54 1 45 1 1385
3 82 1 73 2 54 2 1520
3 82 1 73 3 45 1 1428
3 82 1 73 3 54 1 1614
3 82 2 54 1 45 2 1107
3 82 2 54 2 45 1 1260
3 82 2 73 1 45 2 1220
4 82 2 73 1 54 1 45 1 1395
3 82 2 73 1 54 2 1405
3 82 2 73 2 45 1 1443
3 82 2 73 2 54 1 1479
3 82 3 54 1 45 1 1272
3 82 3 73 1 45 1 1301
3 82 3 73 1 54 1 1382
3 101 1 54 1 45 3 1046
3 101 1 54 2 45 2 1169
3 101 1 54 3 45 1 1326
3 101 1 73 1 45 3 1236
4 101 1 73 1 54 1 45 2 1285
4 101 1 73 1 54 2 45 1 1387
3 101 1 73 1 54 3 1456
3 101 1 73 2 45 2 1391
4 101 1 73 2 54 1 45 1 1398
3 101 1 73 2 54 2 1529
3 101 1 73 3 45 1 1521
3 101 1 73 3 54 1 1658
3 101 1 82 1 45 3 1121
4 101 1 82 1 54 1 45 2 1291
4 101 1 82 1 54 2 45 1 1397
3 101 1 82 1 54 3 1487
4 101 1 82 1 73 1 45 2 1326
5 101 1 82 1 73 1 54 1 45 1 1429
4 101 1 82 1 73 1 54 2 1447
4 101 1 82 1 73 2 45 1 1522
4 101 1 82 1 73 2 54 1 1537
3 101 1 82 1 73 3 1610
3 101 1 82 2 45 2 1234
4 101 1 82 2 54 1 45 1 1424
3 101 1 82 2 54 2 1498
4 101 1 82 2 73 1 45 1 1359
4 101 1 82 2 73 1 54 1 1507
3 101 1 82 2 73 2 1580
3 101 1 82 3 45 1 1451
3 101 1 82 3 54 1 1475
3 101 1 82 3 73 1 1567
3 101 2 54 1 45 2 1255
3 101 2 54 2 45 1 1431
3 101 2 73 1 45 2 1420
4 101 2 73 1 54 1 45 1 1524
3 101 2 73 1 54 2 1539
3 101 2 73 2 45 1 1479
3 101 2 73 2 54 1 1649
3 101 2 82 1 45 2 1295
4 101 2 82 1 54 1 45 1 1457
3 101 2 82 1 54 2 1525
4 101 2 82 1 73 1 45 1 1533
4 101 2 82 1 73 1 54 1 1690
3 101 2 82 1 73 2 1656
3 101 2 82 2 45 1 1402
3 101 2 82 2 54 1 1482
3 101 2 82 2 73 1 1663
3 101 3 54 1 45 1 1569
3 101 3 73 1 45 1 1576
3 101 3 73 1 54 1 1714
3 101 3 82 1 45 1 1527
3 101 3 82 1 54 1 1555
3 101 3 82 1 73 1 1626
5
101 5 406
82 5 320
73 5 375
54 5 291
45 5 178
