68
2 43 2 64 4 767
2 43 3 64 3 753
2 43 4 64 2 740
3 52 1 43 1 64 4 773
3 52 1 43 2 64 3 823
3 52 1 43 3 64 2 749
3 52 1 43 4 64 1 762
2 52 2 64 4 889
3 52 2 43 1 64 3 820
3 52 2 43 2 64 2 854
3 52 2 43 3 64 1 796
2 52 2 43 4 783
2 52 3 64 3 939
3 52 3 43 1 64 2 916
3 52 3 43 2 64 1 827
2 52 3 43 3 806
2 52 4 64 2 918
3 52 4 43 1 64 1 917
2 52 4 43 2 836
3 21 1 43 1 64 4 758
3 21 1 43 2 64 3 736
3 21 1 43 3 64 2 691
3 21 1 43 4 64 1 647
3 21 1 52 1 64 4 801
4 21 1 52 1 43 1 64 3 805
4 21 1 52 1 43 2 64 2 766
4 21 1 52 1 43 3 64 1 744
3 21 1 52 1 43 4 675
3 21 1 52 2 64 3 840
4 21 1 52 2 43 1 64 2 782
4 21 1 52 2 43 2 64 1 805
3 21 1 52 2 43 3 766
3 21 1 52 3 64 2 860
4 21 1 52 3 43 1 64 1 876
3 21 1 52 3 43 2 781
3 21 1 52 4 64 1 880
3 21 1 52 4 43 1 869
2 21 2 64 4 733
3 21 2 43 1 64 3 719
3 21 2 43 2 64 2 689
3 21 2 43 3 64 1 660
2 21 2 43 4 661
3 21 2 52 1 64 3 745
4 21 2 52 1 43 1 64 2 765
4 21 2 52 1 43 2 64 1 687
3 21 2 52 1 43 3 697
3 21 2 52 2 64 2 801
4 21 2 52 2 43 1 64 1 728
3 21 2 52 2 43 2 732
3 21 2 52 3 64 1 858
3 21 2 52 3 43 1 765
2 21 2 52 4 880
2 21 3 64 3 663
3 21 3 43 1 64 2 680
3 21 3 43 2 64 1 622
2 21 3 43 3 657
3 21 3 52 1 64 2 748
4 21 3 52 1 43 1 64 1 686
3 21 3 52 1 43 2 680
3 21 3 52 2 64 1 737
3 21 3 52 2 43 1 724
2 21 3 52 3 748
2 21 4 64 2 641
3 21 4 43 1 64 1 620
2 21 4 43 2 612
3 21 4 52 1 64 1 693
3 21 4 52 1 43 1 634
2 21 4 52 2 715
4
21 4 107
52 4 183
43 4 126
64 4 150
