55
1 55 1 116
1 55 2 237
1 55 3 363
1 64 1 154
2 64 1 55 1 264
2 64 1 55 2 385
1 64 2 315
2 64 2 55 1 408
1 64 3 467
1 23 1 133
2 23 1 55 1 253
2 23 1 55 2 360
2 23 1 64 1 297
3 23 1 64 1 55 1 420
2 23 1 64 2 446
1 23 2 275
2 23 2 55 1 369
2 23 2 64 1 406
1 23 3 404
1 52 1 93
2 52 1 55 1 209
2 52 1 55 2 328
2 52 1 64 1 247
3 52 1 64 1 55 1 374
2 52 1 64 2 386
2 52 1 23 1 232
3 52 1 23 1 55 1 361
3 52 1 23 1 64 1 396
2 52 1 23 2 355
1 52 2 199
2 52 2 55 1 326
2 52 2 64 1 343
2 52 2 23 1 319
1 52 3 295
1 31 1 102
2 31 1 55 1 215
2 31 1 55 2 355
2 31 1 64 1 259
3 31 1 64 1 55 1 377
2 31 1 64 2 425
2 31 1 23 1 230
3 31 1 23 1 55 1 361
3 31 1 23 1 64 1 382
2 31 1 23 2 358
2 31 1 52 1 202
3 31 1 52 1 55 1 310
3 31 1 52 1 64 1 358
3 31 1 52 1 23 1 334
2 31 1 52 2 297
1 31 2 211
2 31 2 55 1 339
2 31 2 64 1 366
2 31 2 23 1 338
2 31 2 52 1 302
1 31 3 320
5
31 5 120
52 5 107
23 5 148
64 5 171
55 5 133
