53
1 43 1 10
1 43 2 21
1 43 3 31
1 62 1 32
2 62 1 43 1 43
2 62 1 43 2 57
2 62 1 43 3 64
1 62 2 68
2 62 2 43 1 82
2 62 2 43 2 85
2 62 2 43 3 99
1 62 3 103
2 62 3 43 1 107
2 62 3 43 2 119
2 62 3 43 3 132
1 51 1 22
2 51 1 43 1 33
2 51 1 43 2 44
2 51 1 43 3 52
2 51 1 62 1 55
3 51 1 62 1 43 1 67
3 51 1 62 1 43 2 77
3 51 1 62 1 43 3 84
2 51 1 62 2 94
3 51 1 62 2 43 1 103
3 51 1 62 2 43 2 107
3 51 1 62 2 43 3 126
2 51 1 62 3 124
3 51 1 62 3 43 1 132
3 51 1 62 3 43 2 152
1 51 2 41
2 51 2 43 1 55
2 51 2 43 2 67
2 51 2 43 3 77
2 51 2 62 1 78
3 51 2 62 1 43 1 87
3 51 2 62 1 43 2 94
3 51 2 62 1 43 3 115
2 51 2 62 2 110
3 51 2 62 2 43 1 125
3 51 2 62 2 43 2 138
2 51 2 62 3 152
3 51 2 62 3 43 1 151
1 51 3 62
2 51 3 43 1 72
2 51 3 43 2 84
2 51 3 43 3 92
2 51 3 62 1 102
3 51 3 62 1 43 1 104
3 51 3 62 1 43 2 117
2 51 3 62 2 127
3 51 3 62 2 43 1 142
2 51 3 62 3 158
3
51 3 24
62 3 38
43 3 12
