95
1 25 1 183
1 25 2 354
1 25 3 549
1 25 4 748
1 25 5 915
1 94 1 126
2 94 1 25 1 318
2 94 1 25 2 463
2 94 1 25 3 662
1 94 2 276
2 94 2 25 1 429
2 94 2 25 2 602
1 94 3 401
2 94 3 25 1 557
1 94 4 512
1 94 5 625
1 63 1 99
2 63 1 25 1 284
2 63 1 25 2 462
2 63 1 25 3 650
2 63 1 94 1 218
3 63 1 94 1 25 1 424
2 63 1 94 2 343
2 63 1 94 3 490
1 63 2 207
2 63 2 25 1 385
2 63 2 25 2 575
2 63 2 94 1 327
2 63 2 94 2 478
1 63 3 284
2 63 3 25 1 466
2 63 3 94 1 448
1 63 4 405
1 63 5 517
1 72 1 159
2 72 1 25 1 342
2 72 1 25 2 496
2 72 1 25 3 704
2 72 1 94 1 286
3 72 1 94 1 25 1 489
2 72 1 94 2 412
2 72 1 94 3 570
2 72 1 63 1 277
3 72 1 63 1 25 1 420
3 72 1 63 1 94 1 411
2 72 1 63 2 348
2 72 1 63 3 438
1 72 2 315
2 72 2 25 1 518
2 72 2 25 2 660
2 72 2 94 1 450
2 72 2 94 2 618
2 72 2 63 1 432
2 72 2 63 2 537
1 72 3 472
2 72 3 25 1 686
2 72 3 94 1 632
2 72 3 63 1 605
1 72 4 688
1 72 5 805
1 51 1 190
2 51 1 25 1 373
2 51 1 25 2 540
2 51 1 25 3 727
2 51 1 94 1 304
3 51 1 94 1 25 1 477
2 51 1 94 2 446
2 51 1 94 3 547
2 51 1 63 1 278
3 51 1 63 1 25 1 460
3 51 1 63 1 94 1 404
2 51 1 63 2 392
2 51 1 63 3 473
2 51 1 72 1 337
3 51 1 72 1 25 1 551
3 51 1 72 1 94 1 502
3 51 1 72 1 63 1 467
2 51 1 72 2 526
2 51 1 72 3 643
1 51 2 380
2 51 2 25 1 525
2 51 2 25 2 754
2 51 2 94 1 490
2 51 2 94 2 656
2 51 2 63 1 463
2 51 2 63 2 549
2 51 2 72 1 512
2 51 2 72 2 666
1 51 3 570
2 51 3 25 1 700
2 51 3 94 1 663
2 51 3 63 1 652
2 51 3 72 1 728
1 51 4 711
1 51 5 889
5
51 5 202
72 5 185
63 5 110
94 5 147
25 5 199
