5000
4718 18 19887 17551 9375 3376 7966 5372 5230 15044
16023 5255 15160 8877 11961 15814 13865 2128 4785 9055
18223 19393 11291 1343 7697 6945 1423 6721 2520 7650
14203 7235 7666 14088 4785 17042 17466 12754 2417 2700
7803 18447 7963 2971 7334 19934 18797 1212 2076 3597
10282 316 3007 1591 1679 10724 8558 3124 17469 11102
10800 11698 18365 18494 5816 3180 15567 3314 15967 18019
6050 3807 16504 14052 6817 3878 14028 5657 5133 16148
9299 15462 16512 12354 17102 18241 3130 5713 1418 654
16871 12274 12410 15294 10828 18286 18535 6458 1664 14567
4543 7781 18441 1115 1902 5329 5065 16002 11059 10273
12226 434 5812 8817 12868 2995 7139 16081 8791 8642
16820 5748 1003 9319 1132 11922 7697 19759 18473 9455
14421 3112 17334 12961 4327 19337 18391 9494 15443 9554
13 7776 10096 5793 16702 3075 8900 3953 19269 17806
12710 16206 3672 13832 5644 4924 5875 13463 4807 4473
3044 19354 7712 506 12445 12169 141 10968 1797 15552
658 1806 3465 10892 7739 307 14108 16782 4404 13522
14733 17260 9875 18553 11242 15669 3629 17270 9285 8590
1898 12486 8102 9768 13151 707 2099 13288 11839 4060
9006 12663 6034 12639 3725 13943 13117 18005 10898 17695
11702 5808 15133 1756 4541 6556 17606 8352 4009 7076
17127 6093 19749 5418 16051 13091 6316 18342 6573 18349
2598 15775 11210 8830 8613 15135 2975 1933 13344 14078
74 5252 93 15176 7218 4844 1943 5036 13410 6166
12328 10754 12477 12296 16391 8748 5608 2930 7314 12406
1505 10138 8408 12943 19197 17252 8309 2405 19419 1887
16718 19490 7377 17049 14905 14835 2135 17090 115 15789
3502 12690 6790 16227 5235 3432 5227 11096 6615 12795
3757 8376 3190 12424 1578 2648 9937 10150 5317 9621
12303 2301 9378 252 19620 4553 15056 2028 1917 15445
18092 5696 8412 5161 2202 13928 8875 7712 5307 15774
792 9350 4438 4271 2063 6307 7211 12293 16750 12822
2210 9350 15420 11886 9598 15341 16741 4956 17672 18963
707 16071 4966 9428 1542 7479 3667 10729 15504 9288
6818 16613 18956 11574 1203 1340 18203 8737 13957 15277
1884 16493 4955 17633 8708 14883 13305 5782 172 11312
5080 1215 7720 10384 10982 9602 18205 14992 674 14053
4626 7839 11013 3930 147 12567 5622 18318 1657 322
13951 3897 16783 19264 1890 5852 14508 15557 11997 15045
7234 17444 16628 15323 8198 7981 5296 6775 3346 6345
1203 8348 14562 12595 12658 14705 5543 18662 13407 7585
18981 7744 11869 16152 7397 14149 2396 2298 10100 14787
17739 17731 12628 14765 13453 1226 3148 19152 8405 6898
5903 10015 15654 873 3019 8723 15989 8975 7799 9810
16975 7196 17972 9263 3768 5790 3834 6586 8512 14358
1798 6677 12517 14855 1871 6401 16513 5452 5986 5352
12786 12325 15805 8878 13637 19264 18043 10069 8683 6286
325 6105 13930 18746 15817 18148 4987 103 5187 13953
14917 7441 1087 7892 2756 3419 14754 229 9334 1205
5549 2586 13997 1823 11934 8105 1559 10450 18648 10716
17211 19449 17298 11620 18674 13596 10249 4144 14183 15920
18582 9586 3849 158 17968 7095 4069 13215 7321 13898
14915 13367 16982 9411 15689 9417 18018 17750 370 17170
8972 18088 17127 6778 10217 16312 886 978 969 15583
17413 68 5687 1781 746 4175 9398 5337 17913 17243
321 13355 11137 17271 3296 7356 7219 1846 5639 8123
121 15147 6748 17217 2465 17505 14070 3894 19026 15583
22 16986 16199 6258 19316 17495 10984 9266 3386 9452
7065 3703 3365 18760 1533 7221 6677 9314 9630 12881
18003 9748 8596 5319 7534 11631 3396 2177 16099 2997
18336 16697 561 15113 3534 458 13189 15101 10308 17160
5139 17959 1450 9092 17308 3573 16904 4578 13481 7129
18054 12081 17474 7248 18000 5609 117 1998 8389 16184
5601 7332 13489 6770 3054 17634 7839 16856 13349 18761
14631 19104 17338 16699 8815 15266 894 6342 467 15000
14096 19148 7708 12199 7026 6338 18440 7139 8970 7463
3959 15207 15433 18087 2617 19127 16362 11098 16626 10355
10505 11904 10107 8491 9253 257 4409 10799 6567 5530
6455 1320 5336 14821 14178 13022 1820 13281 825 11454
1410 5450 7329 17511 4207 10616 17309 1241 2388 14610
12272 13570 7192 3057 2740 17125 3311 7832 8608 10563
14047 15749 12570 72 11259 7439 13785 13772 1413 15304
5922 3520 1452 13949 1730 6360 5267 478 8304 8359
15057 1283 2636 2957 5050 6087 793 9073 14632 10115
351 9396 6582 13640 10187 18561 1801 4695 13057 3939
725 466 8186 2906 14384 10646 9997 384 11121 19036
9478 6914 1056 12853 10611 6846 458 12147 16663 15058
3008 17761 5202 10338 12151 16140 9651 14704 1588 3462
189 3070 3925 8344 6735 19070 547 17494 217 11637
17295 10462 121 19120 4084 10700 6738 4538 3620 4175
372 7404 2714 6353 18521 15645 3274 8955 11133 5647
13202 11318 9504 17916 451 17030 17777 995 15317 18788
13427 13409 10047 13545 13329 14932 5046 870 274 9471
5851 1452 17682 9373 8614 17014 5829 12701 6782 17776
13 801 9912 9486 390 11183 7337 18135 13002 3478
17749 7255 17715 8624 1630 11875 4387 7508 13578 5495
17814 265 7785 16335 10477 17240 14191 17149 10784 1818
15770 10794 3466 6530 1129 3853 18565 9318 2841 12421
13652 1446 534 12226 10930 3024 4962 16180 11396 304
2541 10077 537 11194 7281 11885 9306 2345 9907 965
5038 6553 12636 9383 13963 14645 14118 13411 4847 17843
6717 306 177 8140 12501 11998 12056 18356 9072 4346
18656 12509 15320 91 4603 3502 12877 14811 6751 3688
16681 12696 11149 10226 2988 6023 5783 18018 347 11544
16777 7981 11847 17873 17041 5268 10793 10019 4547 789
15290 4130 14225 11539 5150 724 15973 18960 15503 3658
3583 13121 17291 15671 4287 1220 2635 11012 182 3927
3501 17906 12855 16297 16728 10846 2517 8473 1819 8019
10218 18066 13106 5401 10565 212 6121 7500 138 2589
12124 3689 16678 10383 330 1935 12575 3937 13920 13731
8840 18398 12614 2674 15675 10323 14501 192 797 17305
8179 10984 16358 2274 17374 7913 2482 4488 16407 2616
8073 9527 7303 5749 910 8633 8686 14487 13574 3610
9223 3421 3016 2845 7104 746 14180 2617 938 14973
938 9085 6974 18315 12378 5369 7249 15883 10881 4681
585 1041 15235 7856 6759 17175 17521 16477 12695 12130
1123 2955 16588 5177 6840 4732 5920 2062 8393 6854
18081 10377 16987 6104 9741 10416 12525 18043 7352 4460
3779 7934 5498 73 16849 13317 18309 15433 10857 12069
8629 13046 16091 6285 397 4002 12089 6286 7137 1557
14215 6294 13012 12281 13477 3834 3778 7084 2961 12215
12630 7826 1236 339 8989 301 13624 8391 15703 5576
1555 5428 852 18745 12813 114 3849 6005 7503 12090
8667 2825 634 2787 16215 14080 7732 1106 2278 11807
14436 16024 751 16791 16360 10861 17088 11107 375 13915
17808 3057 471 18657 2932 14414 1068 7913 1552 8539
1139 11356 12502 1769 15282 9857 16990 4157 12107 412
17110 7689 17584 193 5630 15094 11023 3870 7354 12552
131 6319 16767 570 6135 859 16146 7200 9936 62
16905 12241 11386 10575 15180 7839 1604 13342 13169 14885
14930 11456 3752 13693 11646 10562 9968 3851 15616 18506
17589 15743 6013 15544 17503 13338 17595 14841 1731 8725
14899 1064 2164 7483 11607 18544 16523 14414 13090 10897
10504 9227 3561 15465 4129 16418 7239 15309 1482 4069
15031 288 1029 2262 17051 1008 16822 15869 15817 1037
5820 11943 838 9212 655 13676 8988 18411 9323 3313
10544 1064 13777 15344 17769 422 13003 6250 15700 15730
11564 11977 17265 13842 15489 15567 14846 13564 12689 11918
14598 1056 5118 16694 10237 7034 11632 487 6709 2220
5065 18520 4552 111 15133 3591 529 9409 11114 17503
6414 3955 10758 4958 391 7527 1806 15206 2375 15780
8409 18259 16832 14816 16243 8359 3141 9167 10140 11144
12683 16502 10961 18533 17912 7395 3426 1080 18107 15845
18551 5828 1107 10618 12096 1495 802 15214 18014 3146
12310 7739 2722 10460 3874 285 141 8338 10776 11606
807 4786 9435 13097 4648 8678 1824 9406 9754 1266
6586 9642 8431 9032 1599 1867 11868 2398 18425 11226
6889 12081 313 10960 3891 5538 12597 5385 15229 4728
18347 17393 10871 9140 11850 16879 576 15036 7649 10298
17667 15602 1308 7467 6004 4278 10706 651 8049 10505
11846 16315 3964 13538 8655 9236 458 2634 16005 17071
8747 15738 15852 1007 6268 9092 704 6840 5522 8321
18534 4585 5321 1240 13452 12725 6920 5560 13373 16373
17471 6625 14096 2843 1573 4161 13491 3443 8209 10910
1930 18373 8065 653 799 15754 9714 1499 4017 16660
11246 3977 2673 17995 6647 17555 12151 14999 4549 6958
12808 3456 15021 8343 7739 18035 13946 2672 2921 3600
15027 6298 3420 4541 6947 5669 1746 18113 8622 7218
16228 1324 12652 359 778 760 872 14392 17223 5389
2816 11498 10313 808 1310 1027 318 16729 3667 3208
1804 171 10983 6702 6192 925 13853 9421 524 3959
18124 16721 6771 12265 94 9040 14516 966 4925 13234
6323 9238 6229 18134 10043 9039 694 10357 7271 4330
15070 10581 6008 7561 337 13711 8482 14158 4645 9003
1183 4285 7242 7923 18069 7333 40 14108 8295 4934
8867 16145 15699 16624 15808 7273 7195 16499 731 16001
2364 15770 8120 9911 4870 8453 5163 14895 4155 11352
5444 5335 17185 14235 14807 16804 3119 14843 12465 12968
1333 2889 10670 184 1072 8039 7425 9830 6101 8153
7396 10031 5490 17084 1511 11930 7108 8247 8399 12838
1174 15419 1362 1550 11233 16137 18323 15935 12564 12373
10488 15483 16849 2747 15664 1137 12377 4681 10935 73
14429 1559 11701 1518 245 14813 15049 7322 4663 5053
1765 7444 2080 3124 8991 14924 872 8926 12472 15050
2914 4576 12151 1382 8943 9436 2516 2942 15740 15076
4641 11796 16631 17971 14943 16873 14415 11625 5828 713
18313 9230 9795 2031 13993 426 273 16508 10995 12713
13204 15556 619 7004 272 9530 18091 2756 14126 15485
1178 423 8939 17777 53 5543 16311 16131 529 3804
210 512 14701 9973 2512 10365 12070 2781 8546 4740
17169 3426 1974 17784 12109 2242 8996 11883 6682 4806
9053 7856 6917 1404 7323 8660 6915 5327 6485 7441
10826 6691 7949 7226 97 12162 1028 12136 16646 9543
321 15522 14677 2264 15016 8497 6217 5724 2093 14614
12246 12863 4188 881 14263 13232 11263 2901 282 1231
12067 12835 7891 1745 1790 7985 15638 2815 1854 14018
14093 2172 11277 10509 6175 8033 747 14135 15501 4585
10495 9493 977 16431 12124 15209 11414 5139 1651 13451
6367 13687 8043 16016 17191 11593 5763 14592 16172 9381
10375 12032 13321 3421 4310 1266 13226 6830 17175 10502
13190 9446 1772 14164 7656 15677 11154 853 2599 12802
16090 10753 8276 5921 8558 7258 1132 16114 3643 17272
7290 15815 11101 2410 1036 17212 5477 16065 5845 4456
8372 842 15709 11953 16815 5176 9441 9781 7843 13855
4399 5749 6425 14493 13489 16804 3573 14618 14741 9041
13715 3858 6683 6645 8097 9550 5689 15407 7448 13369
1699 17657 16048 1120 11450 14703 6264 2734 6328 15951
314 12573 3548 6708 8916 772 5364 14341 15359 1959
5237 10931 7675 13779 1329 17633 5191 6987 14903 14504
2221 370 14028 137 1489 7349 16712 7722 11956 4915
5549 12267 1277 10975 854 10162 11744 8100 6387 8987
11945 13511 1805 1509 9179 3131 1033 16263 12011 17831
12662 16128 129 8589 99 1618 17839 16780 9308 11699
3600 16763 5873 4874 9648 8638 16947 3304 599 5248
14206 12513 676 17929 15941 11776 2981 854 9962 16916
613 4551 14972 742 15069 15068 394 14840 13781 11636
8474 1289 10337 16286 6131 1925 6865 5020 7173 7461
12214 3325 1921 14839 3203 1798 8567 8137 663 484
7009 1273 6992 3940 2012 4021 969 4368 825 16715
17970 11265 2 10276 9521 6102 14173 365 13095 3320
7794 7286 8622 11694 4105 13806 13488 14654 3927 16136
17123 12922 1419 6104 875 3399 12116 1813 9761 14936
523 9727 8199 522 2003 1755 8625 215 81 3725
3503 9882 13018 14134 3586 1179 9951 1134 15801 15892
17239 14940 10831 707 3064 11703 4074 17202 15539 15860
14164 150 7614 4391 641 11647 6142 11298 11859 8258
17058 17398 178 12115 13571 5804 13290 5565 6935 11136
3502 6220 8124 16382 6923 13238 10137 13050 12494 7731
10965 8714 7878 638 15164 10579 14347 3368 3940 8270
13691 3065 7736 15937 17249 3377 3813 12612 11016 12822
5823 16594 1119 16025 15056 10123 11344 7276 5256 5922
17092 428 16723 7058 1034 13978 1854 17473 1567 5763
7839 15227 10925 17673 13264 10275 3152 1316 4991 16272
14107 12921 14974 17335 11056 12140 9569 4512 1530 16939
12550 738 17363 11392 9916 518 7491 11766 115 9055
1815 10081 6409 12708 9883 1804 5115 15167 3116 12240
13575 1531 7299 10687 1008 495 4969 10545 7150 8643
9630 1847 11529 9142 15389 3595 11811 5033 17515 14081
16244 1517 6319 4811 14194 558 8776 1471 15693 14057
15877 11435 15585 5344 4291 16589 8010 11433 9308 17335
2252 1115 1360 15959 12436 1145 1735 6430 6146 1434
2696 4576 2947 11204 11577 1556 11758 2546 2996 9646
1029 1070 3278 16582 8613 9770 15373 1063 3407 6886
607 7865 10208 1936 6033 4855 3077 9980 13498 11438
13630 661 484 1049 11834 12029 349 5814 16799 5569
17685 86 8867 3192 16637 1976 15193 14242 770 835
3364 1374 10937 15811 5549 1485 2907 10868 11434 928
4551 7311 1589 5031 8356 13391 1598 10957 1458 654
1072 1400 739 9907 6851 17344 11879 4307 13850 14913
7407 1782 856 613 17562 6374 2095 2741 1823 15803
3666 6343 5391 5251 13653 16027 924 15248 9268 4667
15898 10336 8354 16634 2532 17496 16270 16703 4097 12415
13912 13801 14194 14765 16713 14056 3440 1110 1439 5259
1559 5073 13910 6919 12634 9873 5258 15870 7434 16840
2852 5649 9493 13525 4603 14345 13342 3196 13372 2122
297 9610 15892 14459 6704 14935 10847 12477 746 12282
72 2305 2064 16320 9192 14666 8535 16792 12880 692
15977 459 6310 7819 13952 13264 4516 9647 1201 242
11765 1498 12210 10015 15926 1275 7312 9135 16115 8055
3782 954 10356 5843 17242 1918 2881 8149 1083 544
8838 1848 1003 17527 9635 14923 13172 16533 6954 14370
1580 1105 15864 13759 13510 14180 17425 3215 5709 15934
13665 11887 16884 6420 130 16527 10739 5413 7080 14227
5954 766 16071 6953 705 8117 4288 13846 7063 13656
10632 8640 17179 8915 4818 13110 5517 4665 1207 13650
3025 14840 7965 2338 3689 10525 1296 16861 840 10811
13523 6763 11574 12033 16155 12276 2592 2886 8565 12100
1468 1644 3187 1099 13008 10456 14178 977 63 15381
17083 3056 12678 7506 7853 1323 493 11612 650 1329
4889 14142 10559 1434 8645 9185 13678 13709 14545 4718
8284 16010 8839 13950 17105 4328 6888 13765 7788 6947
11632 7357 12491 6799 17353 2835 8118 338 16940 8765
4163 4326 5405 17221 5756 16550 8908 1937 12763 5957
9160 3554 4475 508 13 4091 7347 9413 369 198
1426 14518 7524 13885 3836 7398 1797 14476 10259 1265
5767 16948 5559 13700 16699 13846 12782 8139 884 8079
16632 10013 14171 3645 13060 16724 10277 2949 8681 13191
3144 10103 10256 13217 6538 16643 3166 8332 13673 15980
9594 1996 15486 304 850 14745 14119 13600 5447 15000
4245 4646 7580 984 10860 3211 280 3710 8733 11535
2087 14454 4216 12312 10251 13335 11536 16000 4250 7793
14565 16430 12376 12639 16731 13223 9976 13443 9416 647
11038 16257 5261 1216 2475 1357 7028 2723 5035 1005
16864 7119 15428 3689 2040 8289 2281 16188 6902 6500
6597 4084 5548 1592 1996 4899 92 11941 965 9476
12584 14630 8361 473 1139 10833 1826 8136 16190 9496
9137 15690 1924 7204 2018 3932 810 4296 2764 7681
13441 12008 14412 1637 16249 16405 9188 16337 10999 12808
8469 6239 10095 2182 9371 11231 12984 13860 2030 11838
6021 13834 10195 7942 3707 14884 14546 4514 1853 2694
14870 682 14670 11960 2287 13600 11046 14158 12620 4730
9651 3776 13656 2435 5955 5718 16357 1631 2272 1082
16165 10990 345 9058 1631 4021 6644 1616 11238 11202
1569 8814 11880 1691 3484 16878 15259 17243 13749 10594
4688 6117 17088 1063 11271 5763 9502 10350 10118 14499
14158 9009 8216 14499 797 12577 1252 10173 14190 15224
4111 1267 6776 1502 183 13000 1124 961 12986 14842
11523 421 3706 11359 4233 512 2660 16488 10831 12747
13742 7745 4513 4716 5004 8070 54 9018 1007 17009
7008 7884 1074 16552 9383 1225 12323 10504 2183 8084
8121 16483 11282 14605 10622 1110 15114 13278 384 8730
8810 14094 2085 16112 1600 7057 6974 4447 1697 10776
4251 8673 1458 5321 8024 13641 9347 3149 6948 14335
14039 717 13625 8129 15290 7057 9235 13217 3149 9616
4762 14776 6528 6843 13707 10948 16722 3504 1076 1274
17105 5295 9915 1391 13446 769 730 5626 6752 7647
2796 3628 8360 2132 14596 6490 9158 6674 2551 15151
2016 10159 12774 8512 2736 9332 2312 2313 15689 3385
696 15651 11538 13470 2795 7844 17101 628 16333 6717
11140 1996 13213 2368 4124 10679 11730 16155 227 64
14181 2239 10192 9834 13631 12924 2047 1742 15233 621
5095 1737 2081 2444 15175 1951 10257 15168 5472 9485
4781 2439 14378 892 4775 1403 14473 2344 461 543
2408 490 2750 12568 10292 2237 8403 15252 1030 6551
1738 9042 8284 866 11483 6379 5738 4662 4471 14134
32 12178 16569 14378 16000 4275 1678 13405 6615 2108
13945 9019 2594 2607 4527 15826 1867 15872 14021 5842
5368 15756 813 16600 2555 12265 5931 8261 2868 13357
5351 2900 8492 4878 241 7453 12114 1919 3822 1694
3995 733 13681 9557 3336 1178 8355 8175 24 5351
3 8368 4084 815 7948 6636 13048 16862 899 15913
13204 6218 1831 4685 14086 2071 15129 9193 962 1945
13883 7953 5675 10562 509 12012 14742 11867 3191 809
223 3190 9146 7316 4002 105 9 62 3028 908
2041 16200 7095 818 3905 4201 2886 2056 16418 6872
7027 13327 915 15731 6919 1393 10774 4694 16293 69
5499 2623 3227 757 9908 10269 830 9914 13375 3854
10818 15412 3102 961 2364 10058 8214 5219 15167 7686
15147 5251 4071 16058 4041 14050 512 975 1807 2969
1043 10373 2490 4239 11127 15468 685 15029 8456 14028
1959 2350 12518 8140 6391 14879 1279 805 3181 2650
8460 1415 7869 15619 562 15001 12761 4167 15973 792
7133 143 11134 12721 4350 5361 11291 5032 3494 2851
2166 8559 8309 936 2953 955 15783 4201 1760 2079
6847 10188 6611 988 8926 10294 15958 4810 742 15055
5598 7843 15195 3023 3694 2676 8352 1284 10841 14980
4103 16144 6677 15550 250 9627 16502 16001 149 1437
1225 6965 11593 10984 7950 3670 4429 7060 11633 5168
5271 388 16169 3624 3407 3023 9462 14922 4303 3467
13067 11573 2779 2913 10292 3025 15712 9966 2199 15857
11400 6601 6000 6171 765 345 13023 8377 7374 7841
16730 15831 11416 16088 2645 1238 2302 15300 16128 9800
1962 12392 4570 7940 1739 1297 14166 656 11232 2809
16482 5838 9378 5690 15219 13354 6032 11455 4944 16620
2511 4891 15669 398 4198 1535 1636 9723 58 991
2748 5247 13352 10547 16416 15087 11841 13815 15740 6307
16620 15458 15383 9237 4388 13843 5832 13662 8541 14021
13528 14298 2160 12446 14692 9608 518 16324 2584 545
602 8589 9050 13922 2395 8726 12271 795 5805 11275
7071 5691 10001 5723 1502 964 2837 7303 14595 14652
4599 11399 12228 10037 7124 10201 2927 7639 9809 8796
11470 10407 672 3808 7619 6358 15826 3183 7150 4925
1084 849 13914 11053 6540 15412 12014 12680 6018 9913
10638 13924 4620 6174 7270 15055 3032 13510 6007 12810
5621 794 6535 9612 7921 829 2648 7070 3981 9766
15320 5061 10611 12562 2808 482 11305 14791 16496 658
8039 10470 1291 15998 3357 8530 14394 3012 5383 3746
2547 14351 7887 9050 7312 2544 9876 9956 9582 601
3078 8258 5631 441 4180 8436 891 2245 6590 751
2871 1397 14589 4158 767 1347 16060 15129 4328 4817
2251 6871 2545 13516 2715 13238 16056 12560 6577 9023
13157 13041 668 2176 13479 8239 14003 1189 10480 3988
1909 178 5381 3329 4305 6144 1240 3767 4677 8972
11990 10334 2693 1387 7260 1963 14593 6729 1385 4585
2617 14510 1044 3254 106 1398 14914 989 2587 8818
4946 4465 8992 13755 7791 193 3331 12463 3929 11443
4871 2826 5215 7561 738 15915 12966 2251 6087 14347
6805 8701 12305 11298 15404 15862 12692 13770 335 15276
6043 5249 3198 1987 2464 14449 2180 9257 10376 6077
4165 2214 8899 12849 9744 13108 12235 6182 15356 1797
4005 5637 13975 3301 414 12860 2647 106 10113 2982
15350 3164 8200 2036 1626 14154 3503 3802 6905 13847
13375 14567 16058 5772 10915 9302 2382 6652 2526 1242
11955 6499 10386 9439 9796 14311 5810 12439 14413 2986
15417 13280 2598 7135 2390 7744 4811 2335 15070 15240
3268 11971 13334 2857 1273 7779 12128 7187 1533 14650
11965 13457 4686 5889 6435 1597 3742 15788 14005 1700
2350 12969 2109 4916 3654 914 16212 12017 6803 14837
10813 10067 10366 7706 12920 15200 2642 8611 5950 576
6826 1481 1203 15080 10940 7606 280 1862 6968 14254
3530 9314 10801 5636 1424 1650 10131 1222 13636 518
16028 8035 14173 9982 2954 10684 8773 1969 2888 1947
6141 13310 3397 7341 11990 1572 2184 12267 3434 9121
10126 6932 2042 4535 16178 3463 6182 9922 4682 3432
14056 4326 15085 11847 1582 1691 6153 10323 3629 12665
12267 13397 9603 2955 4367 5224 861 6548 1124 4291
2974 14887 14861 4985 3062 14679 12089 12886 8245 415
3644 5947 8389 2381 1444 9967 385 11249 3944 7669
7570 3559 4723 832 2819 12750 9717 7343 2961 14505
15299 5931 13060 13829 14585 3498 12179 10347 61 4099
14438 3704 13724 6505 2371 2563 154 6439 13781 7783
1513 5038 11338 6205 9559 1573 2646 2968 8884 9301
1169 7879 2662 1661 5407 951 1422 1289 11266 1479
9094 9410 5180 6526 3369 11261 9086 3491 1414 6582
14990 2923 15337 10046 12847 8617 11615 2973 15308 4223
12243 204 15830 14901 1861 4968 15848 7016 9991 10849
12230 2821 3996 1149 13087 7362 16151 5915 14597 1310
22 13333 7981 15328 7128 4579 7696 2496 7548 6759
10475 3547 10720 10064 2208 137 2589 1819 7121 12549
233 3118 2940 4198 8036 15995 15331 7960 5684 13703
13045 5703 10813 4804 4810 1722 13164 106 8001 4497
6833 2262 11832 1342 16115 1655 1476 2528 3443 12392
15045 3673 3139 1814 11670 11144 1614 10804 2907 7266
8312 3600 618 2934 8373 5397 8467 5350 5499 283
13662 16149 6363 9313 1310 6299 10965 6609 8823 2091
2826 7695 5732 5961 9506 1233 937 11117 15871 7679
2218 8020 11275 2832 14793 3489 12070 7103 12682 1414
11231 10191 1410 1442 3353 6571 11593 2057 921 4271
258 3716 15823 9848 13537 9190 14943 2233 4170 14678
9880 10255 6566 5024 860 5229 12384 12899 114 8941
2099 11313 3009 3477 549 10243 13930 12111 12297 14848
267 363 2451 3901 10180 3803 13060 9015 2107 1125
7589 15884 15277 1986 4807 69 7184 1093 12937 7294
13939 15032 2515 857 2419 3061 15012 261 3033 11224
2975 3268 11583 5394 7166 5683 9193 4149 2580 15225
9199 10137 15036 8404 12120 3774 8470 3236 8800 5341
14465 6676 4311 919 11473 10670 7921 10427 14875 10951
5597 1827 2148 1129 7189 9283 10763 335 1373 13340
3506 10540 7434 2504 2904 3514 6246 15337 10714 3009
4643 9146 9654 12923 14034 5097 7564 5928 3506 6414
854 9072 8238 2999 14180 3422 279 8925 3726 1652
6251 7228 12160 1697 9728 3080 5180 3994 2413 3917
2972 7025 13031 658 3948 11066 5724 15515 998 9226
5934 5859 2305 2223 12867 496 1599 13143 13434 9340
14791 3702 586 10970 5395 14335 14046 14597 2383 515
2570 5324 7509 15570 5978 15488 10668 15734 15036 15700
8996 5006 5596 15340 7226 2503 3953 12868 3768 1435
6253 2608 5105 10887 13546 14550 9273 11645 13201 11652
12157 15767 1033 3725 15397 11072 3274 10127 10869 2374
9892 3932 11448 3659 3341 2745 6131 7290 3794 9895
8722 10015 12500 2018 4982 10126 653 2454 5855 13822
14075 2098 13677 3319 9913 13164 14360 1406 7384 9323
3749 1373 1485 3429 5028 4794 6142 15262 326 9933
9263 9017 4056 5871 11032 13148 108 11681 15599 10077
9619 13790 445 7414 1260 10326 4699 15588 11729 367
9037 3766 1708 10518 3030 10867 3610 13305 10263 3936
7373 3662 12921 15568 13672 8093 12857 2100 3918 12601
12146 1864 10539 12588 9246 11795 7065 2285 11537 2949
2652 4731 6711 4329 3603 13901 3554 3015 11369 13785
6948 2909 1615 4038 2646 3662 508 3883 1554 4395
662 2087 6255 11169 14643 3897 7146 5891 1964 2868
13025 4612 11786 3925 13130 15385 2017 908 2594 1810
14661 13738 4688 475 1975 11534 4133 2480 15414 9892
11080 313 11975 1543 11451 10829 5436 2810 933 11614
9893 2426 444 5897 6319 2050 5503 12559 2957 12321
14365 1848 10286 3282 2291 757 3313 10657 3205 2965
4784 2792 3277 998 4303 14697 344 13982 1750 1246
9842 170 3668 14535 6035 14238 867 78 11050 3824
12367 9672 1380 6912 1507 7931 7666 522 2852 15135
3483 11902 2225 6757 1473 6497 5726 1817 4753 11750
3031 3183 11917 10978 2000 2233 9497 2867 2307 4831
2370 3282 3112 8038 10163 293 261 2121 5109 7407
1551 12889 3606 3773 3946 5076 14571 13974 6890 3629
10030 14227 6808 6255 9514 8804 12800 3324 11667 3770
12470 2704 2700 15579 10711 1538 194 15294 3627 9627
7026 9505 6844 14961 1971 15121 4369 878 13429 15593
4476 7795 14158 15622 2764 8013 8767 15532 58 4779
3679 12497 7480 6347 12425 2541 7882 1358 2189 253
10954 13572 9726 2157 12892 11694 1639 1623 12569 3831
1582 1411 11595 108 1402 14355 12492 14542 14261 12546
3696 2348 9420 15555 8663 6226 2477 928 7580 9050
1177 2921 7009 15292 9467 4292 11377 15499 10309 8341
3756 718 14150 15320 794 4387 14077 2126 3336 12742
14640 7001 15086 8469 6965 8160 3552 13855 13501 11101
7320 3545 2891 3201 3259 12327 7462 14605 12249 2195
7372 463 2910 5950 215 8135 10334 14261 10257 13666
11438 9334 5104 10963 2243 985 3565 5791 14808 1510
1338 6575 5052 4225 9773 8308 1004 1687 7366 2196
8338 3685 2659 200 9604 2874 8303 4400 1601 3025
2531 13008 1329 12104 8440 3540 13086 985 13805 12368
2463 4130 3420 11993 8324 2188 4783 13810 3844 1152
523 1189 315 3182 1389 14409 1530 9661 3303 3127
1711 10331 633 3040 6935 13574 6549 4523 14555 4859
1396 1524 8986 9324 2571 1820 11509 7322 144 4416
8471 664 1053 13305 3843 2438 12236 9895 1181 63
2108 2891 14921 2709 1367 6387 814 12448 11 4472
1843 1375 5965 15367 15239 8533 1729 11291 398 6418
284 13416 11629 1305 11270 23 8295 8058 14471 9472
12677 1166 12360 12157 3844 2883 3105 9220 15300 3112
13689 1709 9055 4223 1645 8865 1933 7946 4729 2300
3550 5009 293 15147 10894 759 4368 3772 8786 3426
2449 6049 4592 14778 2796 8404 2283 10493 2218 2180
2831 504 3858 11854 9326 10103 5321 11256 2653 14654
2801 6199 4271 3063 5956 4421 3818 10320 8161 1868
13743 10607 7885 2985 10004 15302 11358 12284 10418 2859
14461 13246 3332 2947 9730 1954 2348 4350 13178 4969
3643 646 478 7882 3678 6403 12300 12138 1366 5105
14003 4437 359 6536 2737 15014 6490 3434 11951 1562
1603 11069 4157 9593 3369 13856 11543 1019 2900 9386
10654 1841 10029 11129 14393 3082 2203 11365 15189 8244
1146 13868 12677 6183 5084 94 5878 973 3525 2514
2504 9814 2992 6658 4097 1636 5205 333 7349 8101
14414 2699 14640 9141 3261 13734 12220 5433 9802 12113
3122 395 10689 510 6547 483 573 1885 1453 8813
4368 8673 3344 7356 50 12162 13714 9977 1976 5787
2804 1120 13214 2173 10230 1237 638 7182 6638 15174
4031 9757 338 4231 10264 6854 4683 357 8735 10880
9138 2630 4300 2013 9955 9100 14143 8421 3831 905
3754 11392 2024 1729 3118 12222 2966 3724 4167 9572
3664 12965 4097 3999 1996 3936 430 6648 4292 9134
2303 13398 11760 11381 222 6496 5263 14334 4519 13879
55 3451 10058 2078 5177 13173 14269 8140 1690 3231
2508 10151 993 11403 3783 2986 171 4213 14437 4463
13315 1546 2671 9884 2581 2892 1192 7813 2043 5707
6508 2097 13976 1384 4175 3974 4235 3269 1795 5894
6469 4271 872 12290 503 4651 108 671 8861 4248
5130 7012 5763 7797 1736 8341 10686 7770 998 12725
3202 12352 14819 2029 3470 3875 5972 2817 2256 7763
13566 13581 1783 4189 10731 2254 8809 598 7789 2534
4846 2686 14414 10578 10451 1020 3791 6010 13663 9663
3611 1773 6892 3308 3802 10359 7180 9742 2977 14320
2390 1433 12789 4170 698 8410 11315 14399 9005 3998
1829 13848 6681 1142 9326 2032 7063 2956 12946 5631
12588 1463 7401 4389 9680 11199 4605 1772 5854 2633
1008 13161 4062 3668 2250 9680 12047 3445 9003 5977
7412 719 4752 3984 1829 3973 5985 13825 1961 3865
4391 4456 10266 1703 8813 4886 12871 13415 11602 3670
993 2538 1778 10003 1222 8979 4635 3209 12420 3581
9154 4788 4300 3858 8769 6097 2835 4713 4886 9760
