30
0 0
1 0
2 0
3 0
4 0
5 0
6 0
7 0
8 0
9 0
10 0
11 0
12 0
13 0
14 0
0 100
1 100
2 100
3 100
4 100
5 100
6 100
7 100
8 100
9 100
10 100
11 100
12 100
13 100
14 100
111111111111111000000000000000
111111111111111000000000000000
111111111111111000000000000000
111111111111111000000000000000
111111111111111000000000000000
111111111111111000000000000000
111111111111111000000000000000
111111111111111000000000000000
111111111111111000000000000000
111111111111111000000000000000
111111111111111000000000000000
111111111111111000000000000000
111111111111111000000000000000
111111111111111000000000000000
111111111111111000000000000000
000000000000000111111111111111
000000000000000111111111111111
000000000000000111111111111111
000000000000000111111111111111
000000000000000111111111111111
000000000000000111111111111111
000000000000000111111111111111
000000000000000111111111111111
000000000000000111111111111111
000000000000000111111111111111
000000000000000111111111111111
000000000000000111111111111111
000000000000000111111111111111
000000000000000111111111111111
000000000000000111111111111111