150
9648 1879
7628 869
8189 2324
54 4370
1597 1966
9584 3758
6540 7967
7435 1655
4728 2898
5232 3547
2682 228
8634 5720
9110 414
7443 4164
7494 7344
8626 7134
3602 7695
596 9684
643 8481
2601 9302
4073 3032
4177 6042
9050 5774
648 8609
3357 4976
1950 2378
5383 8125
1851 7589
9364 5424
9282 939
5336 5276
2708 9868
7064 2968
9879 1081
9859 2571
2183 3218
8182 6938
861 4594
6160 9375
4477 8233
2449 3403
9829 4506
4281 2031
580 4038
9950 5719
9832 1993
143 4312
6459 5156
7800 4875
783 602
2006 1962
40 942
6220 3771
4762 6892
3397 9642
356 1271
7868 1292
7324 2851
2681 8129
5484 6308
9342 3704
7147 5798
8193 9450
1584 2078
7003 5232
6611 5776
3681 582
725 130
5602 3795
5170 1330
562 2937
260 4067
7829 6394
1515 2317
8783 9787
7771 5701
1130 4734
8982 8970
7271 1178
7561 1474
2681 494
2060 8884
5759 5077
2101 1271
6098 4683
5533 3818
3423 2177
6710 5797
5670 6638
7483 5952
594 2471
1962 4658
6794 6031
14 8413
3897 2081
2721 8088
730 1757
8753 7581
7847 1426
2576 7683
5362 3211
1761 6718
6484 5773
5537 8469
2613 1823
6163 9860
2092 7130
7584 148
7400 2227
4621 1943
559 1927
3165 1192
4933 5830
778 9810
8288 8323
6639 1056
635 1866
1160 3300
2984 8691
5885 4155
9467 9158
6491 8289
5987 8511
8549 273
9130 2595
1338 3824
4016 9811
1079 1194
8660 321
847 1661
6931 3792
3785 3140
2581 2241
9033 4358
437 1387
7442 6064
4928 3258
8796 7472
9264 9611
3777 435
8826 3815
5629 8609
9765 5854
3654 5799
3165 1317
9673 9509
5128 1347
2358 5753
1448 568
3773 7131
000010000000000101000000010000000000000100001000100001010000010001000000001000000000000000000000000000000000000000000000000000000000000000000000000000
000100000001001001000010000010011000000100000100010001100000001000001000100000000000000000000000000000000000000000000000000000000000000000000000000000
000000000100100000000000000000000010000101000100000000000010110000001000000000000000000000000000000000000000000000000000000000000000000000000000000000
010000000010000100110010110000001000100000000001000100000110010010000100000000000000000000000000000000000000000000000000000000000000000000000000000000
100000000000000010010100001000101010100001100000010000010010000000000000100000000000000000000000000000000000000000000000000000000000000000000000000000
000000101100100100000001100000000001001000000000000100001001000000010001000000000000000000000000000000000000000000000000000000000000000000000000000000
000001001100000100100000000101001100000000000000110010011000000001010001000000000000000000000000000000000000000000000000000000000000000000000000000000
000000000010000001000000000000001000111010000000100010000000000000010110001000000000000000000000000000000000000000000000000000000000000000000000000000
000001100101001000000000000010000101000100011011001000010000000000110011000000000000000000000000000000000000000000000000000000000000000000000000000000
001001101010000000100000000000001001000010000001010000100000100000001000000000000000000000000000000000000000000000000000000000000000000000000000000000
000100010101101001100000000000001001000000000010001010000001000001100010000000000000000000000000000000000000000000000000000000000000000000000000000000
010000001010011000000000000000100001010010000000111000100000000001000000100000000000000000000000000000000000000000000000000000000000000000000000000000
001001000010010000100010000000100000100001000010000000000000100100000000000000000000000000000000000000000000000000000000000000000000000000000000000000
000000000001100000000100011010001010000000000000010010000001001001000000000000000000000000000000000000000000000000000000000000000000000000000000000000
010000001011000000100001000100010000000000001101000000001110000011100000000000000000000000000000000000000000000000000000000000000000000000000000000000
100101100000000000001100010100010001000000000010000000000000010001100001001000000000000000000000000000000000000000000000000000000000000000000000000000
000010000000000000011000000001010000011001100000000000001100000010000000010000000000000000000000000000000000000000000000000000000000000000000000000000
110000010010000000000000000011011000010000010010001110000000101000100111100000000000000000000000000000000000000000000000000000000000000000000000000000
000100100110101000000000100000110000110001000100000000000001000000100001000000000000000000000000000000000000000000000000000000000000000000000000000000
000110000000000010000101010100000000000010000000010000101000001000000010101000000000000000000000000000000000000000000000000000000000000000000000000000
000000000000000110000001100000001000000000001001000001000101000000101000011000000000000000000000000000000000000000000000000000000000000000000000000000
000010000000010100010000000000010000011000001001011000010010100010000100000000000000000000000000000000000000000000000000000000000000000000000000000000
010100000000100000000000000000000001000001100000000000000000100110010010000000000000000000000000000000000000000000000000000000000000000000000000000000
000001000000001000011000100001110000000010010000000101110110000000000000110000000000000000000000000000000000000000000000000000000000000000000000000000
000101000000000000101001000000010000010101010000000000000000000001000000000000000000000000000000000000000000000000000000000000000000000000000000000000
100100000000010100010000000100000000000100000000100000010101000000000000000000000000000000000000000000000000000000000000000000000000000000000000000000
000010000000010000000000000000000000000000000010001000001000000100101010100000000000000000000000000000000000000000000000000000000000000000000000000000
000000100000001100010000010000101000000000000001000100010000000110001000010000000000000000000000000000000000000000000000000000000000000000000000000000
010000001000010001000000000001010100000001000100000000000100000101001000100000000000000000000000000000000000000000000000000000000000000000000000000000
000000100000000011000001000010110001000000000000100000000000000000000000110000000000000000000000000000000000000000000000000000000000000000000000000000
000010000001100000100001000101000000000000010000010101000001110001000001000000000000000000000000000000000000000000000000000000000000000000000000000000
010000000000001111100101100011001000000000000000000000100000000010000100100000000000000000000000000000000000000000000000000000000000000000000000000000
010110110110010001001000000100010100000000000010010100000000000000000010110000000000000000000000000000000000000000000000000000000000000000000000000000
000000101000000000000000000010001000000000000010000110000000001010101000000000000000000000000000000000000000000000000000000000000000000000000000000000
001010000000010000000000000000000001100000010000001000010111000011000100000000000000000000000000000000000000000000000000000000000000000000000000000000
000001001111000100000010000001000010000110000111100110100000000001000000000000000000000000000000000000000000000000000000000000000000000000000000000000
000110010000100000100000000000000010000000100001000110001110000001010000000000000000000000000000000000000000000000000000000000000000000000000000000000
000000010001000011100100100000000000000000001101010101000000001001000000000000000000000000000000000000000000000000000000000000000000000000000000000000
000001010000000010000100000000000000000010000000000100000000000000000110010000000000000000000000000000000000000000000000000000000000000000000000000000
111000001000000000000000110000000001000010000000000000000101000101000000000000000000000000000000000000000000000000000000000000000000000000000000000000
000000010101000000010001000000000001001100000010000111000100010101100000000000000000000000000000000000000000000000000000000000000000000000000000000000
001010000000100010100010100010000000000000000000010100010000100100000001000000000000000000000000000000000000000000000000000000000000000000000000000000
000010000000000010000010000000000000100000000001000000010011000000000001000000000000000000000000000000000000000000000000000000000000000000000000000000
000000001000000001000001100000100010000000000101000100000001010001000100011000000000000000000000000000000000000000000000000000000000000000000000000000
100000001000001000001100000000000000010000000001000100011001000000000101100000000000000000000000000000000000000000000000000000000000000000000000000000
011000000000001000100000000010000001010000010010010100000100000010010000000000000000000000000000000000000000000000000000000000000000000000000000000000
000000001010100101000000001000001101000010000100000000000000001011000001010000000000000000000000000000000000000000000000000000000000000000000000000000
000100001100001000001100000100000001110000111000011001010011000000000000000000000000000000000000000000000000000000000000000000000000000000000000000000
100000110001000000000000010001000001000000000000010000000000011001000000000000000000000000000000000000000000000000000000000000000000000000000000000000
010010100101010000010100000000101000010001000101101011010000001000010000000000000000000000000000000000000000000000000000000000000000000000000000000000
000000001011000001000100001000000010000000000001010000000001010010110000100000000000000000000000000000000000000000000000000000000000000000000000000000
000101000000000001000001000100101101111011011100000010000000000010100000000000000000000000000000000000000000000000000000000000000000000000000000000000
000000110010010001000000000000000101100010000000010100100000000101000101100000000000000000000000000000000000000000000000000000000000000000000000000000
110000000000000000001001000000100000010010000001010000001000100001000000000000000000000000000000000000000000000000000000000000000000000000000000000000
010000000101000000010001000000010001000000000000000010000000000100010000000000000000000000000000000000000000000000000000000000000000000000000000000000
100010101000000000000101010100000010000001101001010000000010000000100001000000000000000000000000000000000000000000000000000000000000000000000000000000
000001100000001010010000001000000000100000001000000001000000100010000110000000000000000000000000000000000000000000000000000000000000000000000000000000
000100000000001010001001010010000010100110000100000000000000000010000000010000000000000000000000000000000000000000000000000000000000000000000000000000
001110000000001000000101000000000010100000100001000000010000000001000001100000000000000000000000000000000000000000000000000000000000000000000000000000
000001000010010000101000010000100010000100111001001000000000000000001000000000000000000000000000000000000000000000000000000000000000000000000000000000
001000000100100001000110000000100000000001000000000001001000000110000000000000000000000000000000000000000000000000000000000000000000000000000000000000
101100000000000100000000000000100000000010010000101000000000000110000101001000000000000000000000000000000000000000000000000000000000000000000000000000
010000000000010001010000000000000100010000000010110000000000000011100000001000000000000000000000000000000000000000000000000000000000000000000000000000
000000000000100000000010001110000000000111000000000010100000110010001100100000000000000000000000000000000000000000000000000000000000000000000000000000
000100000000001010000110000100010110000000000110001100001100111100000010010000000000000000000000000000000000000000000000000000000000000000000000000000
100000100011011100000000100010100011110110010010100011000010001000000000011000000000000000000000000000000000000000000000000000000000000000000000000000
000000001010001101101000001000000100000010000000001100010000001000000001110000000000000000000000000000000000000000000000000000000000000000000000000000
000001111000000000000010000000000000100000000100011000100000000000000010000000000000000000000000000000000000000000000000000000000000000000000000000000
011000000100000000001000001110000100000000000000000000000001000100000000000000000000000000000000000000000000000000000000000000000000000000000000000000
000100010000000001000100000000010010001000011000000010001000010100000010101000000000000000000000000000000000000000000000000000000000000000000000000000
000000011010000001010010001000001000001000000000000000001000000010010100000000000000000000000000000000000000000000000000000000000000000000000000000000
000001101000000101100000000000100000000001101010000010010010010000100000010000000000000000000000000000000000000000000000000000000000000000000000000000
010010000001000001010001001011011000000000001000001010000010000100100100000000000000000000000000000000000000000000000000000000000000000000000000000000
000000000000000010001001000101001000001000010010000000000100000011100001000000000000000000000000000000000000000000000000000000000000000000000000000000
100000010000000100011000000000000000000000010000000000000000011001000100000000000000000000000000000000000000000000000000000000000000000000000000000000
000000000000000000000000000000000000000000000000000000000000000000000000000000000100100100000000001000000100000110010000100000001000000100011001000101
000000000000000000000000000000000000000000000000000000000000000000000000000000000000001010000000010000000000000110010110000000001101000000001000000000
000000000000000000000000000000000000000000000000000000000000000000000000000000100000000100001001001000010110001110100010001000010000000000101000010010
000000000000000000000000000000000000000000000000000000000000000000000000000001000000000000001000000000000000000001000000000000000000000000010000100001
000000000000000000000000000000000000000000000000000000000000000000000000000000000001100000010000000100000000000000000000010101001000000000000001100000
000000000000000000000000000000000000000000000000000000000000000000000000000000000010001000000000000000000010000110100101001000001001000011100000100000
000000000000000000000000000000000000000000000000000000000000000000000000000100000000011001100000001000000100000001000000000000010100010100000000010000
000000000000000000000000000000000000000000000000000000000000000000000000000000001000010010000010000000001011000000011000010000011100000110000000000000
000000000000000000000000000000000000000000000000000000000000000000000000000000010000000000000010000000101010010001001000000101000010000000000000010100
000000000000000000000000000000000000000000000000000000000000000000000000000100010000001000001000001100010000000110001000000000101001001101100000001001
000000000000000000000000000000000000000000000000000000000000000000000000000000000110001111001011000000110110010000000000010000010000000011000000000000
000000000000000000000000000000000000000000000000000000000000000000000000000010001100110000100000000010000000000001110000001000100000100001000010010000
000000000000000000000000000000000000000000000000000000000000000000000000000101000000010001010010000100001000000000001011001100010000000000000001000010
000000000000000000000000000000000000000000000000000000000000000000000000000010000010010000011000000101000001000000000001010000100000001001010000000000
000000000000000000000000000000000000000000000000000000000000000000000000000000000100010100000000000000000000100010000100000000100001001000000001001000
000000000000000000000000000000000000000000000000000000000000000000000000000000000100001000000000000000001000110101010000110000000000001100001011001001
000000000000000000000000000000000000000000000000000000000000000000000000000000010000000110000110000010000111001000010000000000101100010001000110010000
000000000000000000000000000000000000000000000000000000000000000000000000000001100000110010000000000000010100000000010000000010000000000000000010000000
000000000000000000000000000000000000000000000000000000000000000000000000000000000000000000010000100001010010000100000001000000000010000010000100000000
000000000000000000000000000000000000000000000000000000000000000000000000000000000011010100010000000000010000010001010110011100001010000000010000010110
000000000000000000000000000000000000000000000000000000000000000000000000000001000000010000000000000100000100000000000001000000000100000000000001100001
000000000000000000000000000000000000000000000000000000000000000000000000000000000000000000000100000100111000100000010010100001100000010100001000000000
000000000000000000000000000000000000000000000000000000000000000000000000000010000000000000000000000110000000010000111000001000000101000000001101000100
000000000000000000000000000000000000000000000000000000000000000000000000000101000100100000000000000000000000000000011000000101000000010000001000000010
000000000000000000000000000000000000000000000000000000000000000000000000000000010000100110000001110000101010000000010011101010100101000100000000000000
000000000000000000000000000000000000000000000000000000000000000000000000000000000000001000010000010000000000000000110000100100000000110011100110000000
000000000000000000000000000000000000000000000000000000000000000000000000000000000000000010000100000000000001000000000100000000000010000000000100000100
000000000000000000000000000000000000000000000000000000000000000000000000000000000001010000000000100100001000000000000000001010100011010010010010010110
000000000000000000000000000000000000000000000000000000000000000000000000000001000000110000001110100000000000010100000000010000100000001000000000010000
000000000000000000000000000000000000000000000000000000000000000000000000000000000011000100100000100100100100000100001001000000100010000000011001110001
000000000000000000000000000000000000000000000000000000000000000000000000000101000100010000011001000000001000000000110001010000101010010000000000000000
000000000000000000000000000000000000000000000000000000000000000000000000000001001011010000010100000100000000000000010100010000110100100000000010000000
000000000000000000000000000000000000000000000000000000000000000000000000000000000010000010010000000001000000000001001010001100001010000000010000100010
000000000000000000000000000000000000000000000000000000000000000000000000000000000000000001100000100000000000001000000010100000000000100000101000100000
000000000000000000000000000000000000000000000000000000000000000000000000000000000001010000100010010000010000000000000000000010000110010000000000000001
000000000000000000000000000000000000000000000000000000000000000000000000000001000000000000010000000000000000100011000000010011000000001000000000000000
000000000000000000000000000000000000000000000000000000000000000000000000000111001000100000100100000000011000000001010001000000000100000000000000000001
000000000000000000000000000000000000000000000000000000000000000000000000000111001000100001000000000000000000001001000100001000000000010000000100000010
000000000000000000000000000000000000000000000000000000000000000000000000000000100101001000100010000000000001001110000000000000010001000110001010010000
000000000000000000000000000000000000000000000000000000000000000000000000000001001000001000000000010010000100000000000000101000101001011110000101100000
000000000000000000000000000000000000000000000000000000000000000000000000000110000010001000111010111110000110000100001010000000000010100100100000000000
000000000000000000000000000000000000000000000000000000000000000000000000000000000011100100000000011000001001000000010101000001100000000000100100000000
000000000000000000000000000000000000000000000000000000000000000000000000000010001000000001000010000001000010000010001000000000000000001000001001100100
000000000000000000000000000000000000000000000000000000000000000000000000000011000000000100000010100100000001100000010000010010000000010100001000100000
000000000000000000000000000000000000000000000000000000000000000000000000000000001000000110000101000100001100000100001000000000000000000001100000000000
000000000000000000000000000000000000000000000000000000000000000000000000000100000000000000100000100110000000100000100000000001110000001001100000100100
000000000000000000000000000000000000000000000000000000000000000000000000000000010010010010100010000000010110001000000010000000101101000100100010100010
000000000000000000000000000000000000000000000000000000000000000000000000000001001000001100000010010100100001000010100000000000100000000010010001000100
000000000000000000000000000000000000000000000000000000000000000000000000000000010001000100000010001010000001000000000000000011010000000010000000100000
000000000000000000000000000000000000000000000000000000000000000000000000000000000000000000001000000100100000011000000010000100000000100000010000000100
000000000000000000000000000000000000000000000000000000000000000000000000000000010001000000000000101000000000001000001000100100000000101001000010000000
000000000000000000000000000000000000000000000000000000000000000000000000000000000000101011010000100100111110000000101000111000001000101000101000000101
000000000000000000000000000000000000000000000000000000000000000000000000000001000110010100000000000000000010000001000000100100000000010000000000100001
000000000000000000000000000000000000000000000000000000000000000000000000000110011010100000010010000000000101000000100000010000100001000000000010000000
000000000000000000000000000000000000000000000000000000000000000000000000000010000110000000010001010100000010010100000000010000000010101011100000000000
000000000000000000000000000000000000000000000000000000000000000000000000000000000001000000000110000001101101010000010000000000000100000001010000100000
000000000000000000000000000000000000000000000000000000000000000000000000000010001000100001000000010100100000000001100000010000001000100000000000000010
000000000000000000000000000000000000000000000000000000000000000000000000000000000000001000000000000010000010100000010000000011100101001000000100000001
000000000000000000000000000000000000000000000000000000000000000000000000000000000100000000010000101010100100010010100010000000010000000010000100000001
000000000000000000000000000000000000000000000000000000000000000000000000000000000000100011100000000000010000001000100100100001100100100000001000000100
000000000000000000000000000000000000000000000000000000000000000000000000000100000110100000100000100100000000000001110010010000000000000000000000000001
000000000000000000000000000000000000000000000000000000000000000000000000000000001010010000000100000010100000000001100000001100000100010000100000100000
000000000000000000000000000000000000000000000000000000000000000000000000000000001000111010010000000010000000000000000001100001000110000000100000000010
000000000000000000000000000000000000000000000000000000000000000000000000000001001000100000000000000010000000100000011001110000100100000011011001000001
000000000000000000000000000000000000000000000000000000000000000000000000000100100000000010000010000000101001000000000000001010000010000000100100000001
000000000000000000000000000000000000000000000000000000000000000000000000000111000000000000100000111000001000100001000110000000100000001000100000010000
000000000000000000000000000000000000000000000000000000000000000000000000000000000000000000010100010011000000000010101000000000000000110000010000000011
000000000000000000000000000000000000000000000000000000000000000000000000000000000000001000111000000010100010000001000000010001001000000000000001000001
000000000000000000000000000000000000000000000000000000000000000000000000000100010000000101100001010000001000000000100100001000000000000000100010101100
000000000000000000000000000000000000000000000000000000000000000000000000000000111000000000000001000000001001100000100110110100010010000010000001000000
000000000000000000000000000000000000000000000000000000000000000000000000000001000101001000010010000000111000000001000000000000000000000000001000000001
000000000000000000000000000000000000000000000000000000000000000000000000000000000000100001100000000000000000000000000000000000000000000000000001000110
000000000000000000000000000000000000000000000000000000000000000000000000000100000001000000000010010001100000000000000100101010100000001000000001001011
000000000000000000000000000000000000000000000000000000000000000000000000000001000000000100000010001000100001000010000000010000000001000001000100001100
000000000000000000000000000000000000000000000000000000000000000000000000000100100000100000100001000000001000010100000000000000110000110100110110010100
