150
5773 9285
6321 6833
2573 6585
883 5688
6435 1881
5287 9731
7650 4487
1232 2409
3616 4129
6025 8791
778 4457
2509 2479
3528 1954
1236 9380
5394 7106
3344 4117
8753 9636
2375 8377
9033 8540
8770 362
4982 7649
8486 7236
5623 6181
8226 2047
6535 9688
9530 8714
9314 7438
1266 411
3606 3166
3405 3220
6664 5421
5447 2728
1514 5497
1312 335
2507 3034
5771 3109
8286 1718
1895 585
2014 2419
6925 1860
3345 6194
3722 2393
923 8938
3678 8940
966 9506
6996 2037
702 2643
7923 3207
8850 46
1462 6027
361 3849
2360 2370
7011 6320
4163 9259
4273 8329
9561 5970
4533 5047
450 5577
8781 5539
8312 2443
3885 7816
561 4126
4380 3086
3644 1993
1409 5673
9887 870
509 371
1359 1225
4283 3975
3743 2066
1463 4639
5181 3134
1980 9631
1994 2277
3841 3891
7786 7167
341 2455
8620 3272
649 3893
8906 166
5069 1220
2388 232
6943 9279
3481 1857
5696 2579
9526 3301
7656 4909
6259 9523
7260 9779
3210 7523
4830 3473
2602 2305
2469 5927
7197 7051
7469 7808
1285 1751
4336 278
1805 6040
4197 5621
9021 4931
2697 7548
9135 3820
237 1067
2081 3175
6112 4537
6618 7371
2092 2133
1153 8921
4869 1023
1051 4061
4416 4872
85 4340
6177 4583
1409 1247
7353 1741
6165 7446
1967 747
1 7201
2669 9569
2592 5074
6733 6634
1778 8902
980 5015
5879 5486
766 1449
1983 1161
3307 3491
353 4004
7257 3391
5978 7060
4803 1118
5447 6579
4345 7718
7221 6345
3424 5239
7320 845
8717 6319
4217 220
157 5631
8180 5113
1383 7356
9457 6229
7573 442
1634 3152
8399 2406
7326 8480
8249 7299
5292 1378
367 1527
2931 9647
010000101000000001001000101000000010000000000011000000000000000000000000000000000000000000000000000000000000000000000000000000000000000000000000000000
101101001100000000000000010000100110000001100000000000000000000000000000000000000000000000000000000000000000000000000000000000000000000000000000000000
010001010010011010000000011000000000000110000001100000000000000000000000000000000000000000000000000000000000000000000000000000000000000000000000000000
010000101100000000100100010010001000111101000010000000000000000000000000000000000000000000000000000000000000000000000000000000000000000000000000000000
000001000101000000000000100100100000000000001000100000000000000000000000000000000000000000000000000000000000000000000000000000000000000000000000000000
011010111001001010011100001000011000111000000001000000000000000000000000000000000000000000000000000000000000000000000000000000000000000000000000000000
100101000100100001000000100001000000000100000000000000000000000000000000000000000000000000000000000000000000000000000000000000000000000000000000000000
001001000010000000011100000101101111100010110001000000000000000000000000000000000000000000000000000000000000000000000000000000000000000000000000000000
110101000000000000000010100000000000010000011100100000000000000000000000000000000000000000000000000000000000000000000000000000000000000000000000000000
010110100011110101001000000000000000000010000010010000000000000000000000000000000000000000000000000000000000000000000000000000000000000000000000000000
001000010100000100001001001000000000000000000010000000000000000000000000000000000000000000000000000000000000000000000000000000000000000000000000000000
000011000100001000110010000110000000001000100001100000000000000000000000000000000000000000000000000000000000000000000000000000000000000000000000000000
000000100100000100100000000000001000100000000000000000000000000000000000000000000000000000000000000000000000000000000000000000000000000000000000000000
001000000100000100000000010000000000100000001011000000000000000000000000000000000000000000000000000000000000000000000000000000000000000000000000000000
001001000001000000010000000000001000100000001001100000000000000000000000000000000000000000000000000000000000000000000000000000000000000000000000000000
000000000110110000000011110000100000000010000000000000000000000000000000000000000000000000000000000000000000000000000000000000000000000000000000000000
001001000000000000001100000100011110000110000010100000000000000000000000000000000000000000000000000000000000000000000000000000000000000000000000000000
100000100100000000001011100000100001100001001000110000000000000000000000000000000000000000000000000000000000000000000000000000000000000000000000000000
000100000001100000000000001100101000000000100100100000000000000000000000000000000000000000000000000000000000000000000000000000000000000000000000000000
000001010001001000000100100001000010000000100000000000000000000000000000000000000000000000000000000000000000000000000000000000000000000000000000000000
100001010110000011000101000000000100000000000010000000000000000000000000000000000000000000000000000000000000000000000000000000000000000000000000000000
000101010000000010011010000000100010111000000000000000000000000000000000000000000000000000000000000000000000000000000000000000000000000000000000000000
000000001001000101000100000101010000110100011110100000000000000000000000000000000000000000000000000000000000000000000000000000000000000000000000000000
000000000010000101001000000000010001000001000001000000000000000000000000000000000000000000000000000000000000000000000000000000000000000000000000000000
100010101000000101010000000000011000001000100001010000000000000000000000000000000000000000000000000000000000000000000000000000000000000000000000000000
011100000000010100000000001000000010000100000100000000000000000000000000000000000000000000000000000000000000000000000000000000000000000000000000000000
101001000010000000100000010001000010000000100100110000000000000000000000000000000000000000000000000000000000000000000000000000000000000000000000000000
000010010001000010100010000000000010000100000011000000000000000000000000000000000000000000000000000000000000000000000000000000000000000000000000000000
000100000001000000000000000001000000001001001110100000000000000000000000000000000000000000000000000000000000000000000000000000000000000000000000000000
000000110000000000010010001010001000001010100000100000000000000000000000000000000000000000000000000000000000000000000000000000000000000000000000000000
010010010000000101100100000000000000000001000000000000000000000000000000000000000000000000000000000000000000000000000000000000000000000000000000000000
000001000000000010000011100000000010100100100010000000000000000000000000000000000000000000000000000000000000000000000000000000000000000000000000000000
000101010000101010100000100001000000000000100000010000000000000000000000000000000000000000000000000000000000000000000000000000000000000000000000000000
010000010000000010001000000000000000001100100000000000000000000000000000000000000000000000000000000000000000000000000000000000000000000000000000000000
110000010000000010010100011100010000101010000001000000000000000000000000000000000000000000000000000000000000000000000000000000000000000000000000000000
000000010000000001000001000000000000000110000010000000000000000000000000000000000000000000000000000000000000000000000000000000000000000000000000000000
000101010000111001000110000000010010001000000000000000000000000000000000000000000000000000000000000000000000000000000000000000000000000000000000000000
000101001000000000000110000000000000000000011000000000000000000000000000000000000000000000000000000000000000000000000000000000000000000000000000000000
000101000001000000000100100011000110100000000000000000000000000000000000000000000000000000000000000000000000000000000000000000000000000000000000000000
001100100000000010000010010100010101000010100010000000000000000000000000000000000000000000000000000000000000000000000000000000000000000000000000000000
001000010100000110000000000001000011000100001001000000000000000000000000000000000000000000000000000000000000000000000000000000000000000000000000000000
010100000000000001000001000010100000000000001110000000000000000000000000000000000000000000000000000000000000000000000000000000000000000000000000000000
010000010001000000110000101001011100000100010000000000000000000000000000000000000000000000000000000000000000000000000000000000000000000000000000000000
000000011000000000000010000000000000010000100000000000000000000000000000000000000000000000000000000000000000000000000000000000000000000000000000000000
000010001000011001000010000010000000010011000001000000000000000000000000000000000000000000000000000000000000000000000000000000000000000000000000000000
000000001000000000100010011010000000000001000000010000000000000000000000000000000000000000000000000000000000000000000000000000000000000000000000000000
100100000110010010001010000110010001000101000001100000000000000000000000000000000000000000000000000000000000000000000000000000000000000000000000000000
101001010001011000000001100100000010000010001010110000000000000000000000000000000000000000000000000000000000000000000000000000000000000000000000000000
001010001001001011100010001011000000000000000011000000000000000000000000000000000000000000000000000000000000000000000000000000000000000000000000000000
000000000100000001000000101000001000000000000101000000000000000000000000000000000000000000000000000000000000000000000000000000000000000000000000000000
000000000000000000000000000000000000000000000000000000000000000010101001010100010000000000000000100000000000000000000000000000000000000000000000000000
000000000000000000000000000000000000000000000000000000001100000000000010000000000010000100000100111000000000000000000000000000000000000000000000000000
000000000000000000000000000000000000000000000000000000100000000000001000001000001101010000000110101100000000000000000000000000000000000000000000000000
000000000000000000000000000000000000000000000000000000110010100100100000100100010011000000001100000000000000000000000000000000000000000000000000000000
000000000000000000000000000000000000000000000000000011000001100000100000000100011100000001010100000000000000000000000000000000000000000000000000000000
000000000000000000000000000000000000000000000000000001000000001010100000000010110001000000001001000000000000000000000000000000000000000000000000000000
000000000000000000000000000000000000000000000000000100000000111000010100000010000000000110000100000100000000000000000000000000000000000000000000000000
000000000000000000000000000000000000000000000000000100000000100000000010011000000000000000000010001000000000000000000000000000000000000000000000000000
000000000000000000000000000000000000000000000000000001000000101000000000000000010000000000001000100000000000000000000000000000000000000000000000000000
000000000000000000000000000000000000000000000000000000100000000000100000100110000010000010000000000000000000000000000000000000000000000000000000000000
000000000000000000000000000000000000000000000000000001101110000101000000000100000000100000000100000100000000000000000000000000000000000000000000000000
000000000000000000000000000000000000000000000000000000001000000101000010100000100000000010000000000000000000000000000000000000000000000000000000000000
000000000000000000000000000000000000000000000000000000011010000100110001000000000100000000100101000100000000000000000000000000000000000000000000000000
000000000000000000000000000000000000000000000000000001000000111010000001000000001000001001010011000100000000000000000000000000000000000000000000000000
000000000000000000000000000000000000000000000000001000010000000100000001100000010010000001000000000000000000000000000000000000000000000000000000000000
000000000000000000000000000000000000000000000000000000000000110000110101000100000000000100100110000000000000000000000000000000000000000000000000000000
000000000000000000000000000000000000000000000000001001110001001001000000100001010000100000000000001000000000000000000000000000000000000000000000000000
000000000000000000000000000000000000000000000000000000001000001001000100001000000000001000100000000000000000000000000000000000000000000000000000000000
000000000000000000000000000000000000000000000000001010000000000000000010000011000000000000000000100000000000000000000000000000000000000000000000000000
000000000000000000000000000000000000000000000000000000001000000001010000010000000000010010010011001000000000000000000000000000000000000000000000000000
000000000000000000000000000000000000000000000000000100000100010000001000000001000010100000000000111000000000000000000000000000000000000000000000000000
000000000000000000000000000000000000000000000000001000000000001111000000000010000000011000010000000000000000000000000000000000000000000000000000000000
000000000000000000000000000000000000000000000000000001000001010010100000000000000010000100000001000100000000000000000000000000000000000000000000000000
000000000000000000000000000000000000000000000000001000000100000000000100000000000010100000001100000000000000000000000000000000000000000000000000000000
000000000000000000000000000000000000000000000000000010000100000000010000000101000000010010001001000000000000000000000000000000000000000000000000000000
000000000000000000000000000000000000000000000000001001100001100001000000001000000000000000100000010000000000000000000000000000000000000000000000000000
000000000000000000000000000000000000000000000000000000011001000000001001000000000000010000000001010000000000000000000000000000000000000000000000000000
000000000000000000000000000000000000000000000000000000000000000000101010001000010010010000001100010000000000000000000000000000000000000000000000000000
000000000000000000000000000000000000000000000000000000010000010000000000000000001000100000000010010000000000000000000000000000000000000000000000000000
000000000000000000000000000000000000000000000000001001110010000010100000000001001000100000000000001000000000000000000000000000000000000000000000000000
000000000000000000000000000000000000000000000000000010100000000100000000000000110010010001000001000100000000000000000000000000000000000000000000000000
000000000000000000000000000000000000000000000000000010100000001000000000000000000000000101001010000000000000000000000000000000000000000000000000000000
000000000000000000000000000000000000000000000000000101000001000010000010110001001001000000110000000000000000000000000000000000000000000000000000000000
000000000000000000000000000000000000000000000000000011010000000000000000000000000010000010010000000000000000000000000000000000000000000000000000000000
000000000000000000000000000000000000000000000000000000000000100000100010010000110000010101010000000000000000000000000000000000000000000000000000000000
000000000000000000000000000000000000000000000000000010000000000000000101001011001000100100100001000000000000000000000000000000000000000000000000000000
000000000000000000000000000000000000000000000000000000000000000100010001000000000000000000100000011000000000000000000000000000000000000000000000000000
000000000000000000000000000000000000000000000000000100001000000001000000100000000100110000010010001100000000000000000000000000000000000000000000000000
000000000000000000000000000000000000000000000000000000001001010000000100001000000001000000000101010000000000000000000000000000000000000000000000000000
000000000000000000000000000000000000000000000000000000100000000110000000000000001100100000000001001000000000000000000000000000000000000000000000000000
000000000000000000000000000000000000000000000000000000000000001001010000000100000010011000000010000100000000000000000000000000000000000000000000000000
000000000000000000000000000000000000000000000000000000100000000100000101000000000011100100000100000100000000000000000000000000000000000000000000000000
000000000000000000000000000000000000000000000000000001010010000000000000011001000100000000000010000000000000000000000000000000000000000000000000000000
000000000000000000000000000000000000000000000000000111101000101001000000010001000000000010010011010000000000000000000000000000000000000000000000000000
000000000000000000000000000000000000000000000000000010000100000101000100000000100100000100101100000000000000000000000000000000000000000000000000000000
000000000000000000000000000000000000000000000000000000010000001100000100101010001000010011000100011000000000000000000000000000000000000000000000000000
000000000000000000000000000000000000000000000000001110000010000000001010000000000000000000000000010100000000000000000000000000000000000000000000000000
000000000000000000000000000000000000000000000000000100000000000000000010000111100000001010000101100000000000000000000000000000000000000000000000000000
000000000000000000000000000000000000000000000000000110000100000000100110000000010000001101000001000000000000000000000000000000000000000000000000000000
000000000000000000000000000000000000000000000000000010001000101100000000100000001000000100110000100000000000000000000000000000000000000000000000000000
000000000000000000000000000000000000000000000000000000000000000000000000000000000000000000000000000000010001000000100000000010001000000001101100010010
000000000000000000000000000000000000000000000000000000000000000000000000000000000000000000000000000000010100110001101000100101001010000000000000110000
000000000000000000000000000000000000000000000000000000000000000000000000000000000000000000000000000000000100001000010000010100000000000000000000000100
000000000000000000000000000000000000000000000000000000000000000000000000000000000000000000000000000011000000101010100000000010100100100101000000000000
000000000000000000000000000000000000000000000000000000000000000000000000000000000000000000000000000000000000010101000001000100100000100000011001010000
000000000000000000000000000000000000000000000000000000000000000000000000000000000000000000000000000001100000000101000000101000111010010100101010100001
000000000000000000000000000000000000000000000000000000000000000000000000000000000000000000000000000000000000011001010001000000001000000010100010010001
000000000000000000000000000000000000000000000000000000000000000000000000000000000000000000000000000010000000000000000101000001001000000001011000000010
000000000000000000000000000000000000000000000000000000000000000000000000000000000000000000000000000001010000000000001000100010010000000010000000110000
000000000000000000000000000000000000000000000000000000000000000000000000000000000000000000000000000001001010000001000100000000001000100001110100010010
000000000000000000000000000000000000000000000000000000000000000000000000000000000000000000000000000000110010000000000100001000010000000100000000000100
000000000000000000000000000000000000000000000000000000000000000000000000000000000000000000000000000000001100000011000010101010000000000011000000010010
000000000000000000000000000000000000000000000000000000000000000000000000000000000000000000000000000000010000000100010000000000110000000010000000110000
000000000000000000000000000000000000000000000000000000000000000000000000000000000000000000000000000001001110010100100000000000001100000000000000000100
000000000000000000000000000000000000000000000000000000000000000000000000000000000000000000000000000011010000000001010000000000100000110001000010000110
000000000000000000000000000000000000000000000000000000000000000000000000000000000000000000000000000000100010000010100000000000000000010000010000000010
000000000000000000000000000000000000000000000000000000000000000000000000000000000000000000000000000001000000100000000001001010100000000000000010001000
000000000000000000000000000000000000000000000000000000000000000000000000000000000000000000000000000000000001011000000000000000000000000000111110000000
000000000000000000000000000000000000000000000000000000000000000000000000000000000000000000000000000000000000000100000000100000001001000100001011110000
000000000000000000000000000000000000000000000000000000000000000000000000000000000000000000000000000000001011000000001000001010000000010100000001001000
000000000000000000000000000000000000000000000000000000000000000000000000000000000000000000000000000001000100100100000010010000000000010000000010100000
000000000000000000000000000000000000000000000000000000000000000000000000000000000000000000000000000000100000000000000000101000000000000100010001000000
000000000000000000000000000000000000000000000000000000000000000000000000000000000000000000000000000000000100001100001001010000101100000000101000101000
000000000000000000000000000000000000000000000000000000000000000000000000000000000000000000000000000001101000000000000000000000001001000000000001000000
000000000000000000000000000000000000000000000000000000000000000000000000000000000000000000000000000010010000100100001001000000000000000010000010001000
000000000000000000000000000000000000000000000000000000000000000000000000000000000000000000000000000001000001000000000000000000110000001010000000000000
000000000000000000000000000000000000000000000000000000000000000000000000000000000000000000000000000000011100000010101000001001000000000010100000000010
000000000000000000000000000000000000000000000000000000000000000000000000000000000000000000000000000000000100101010000000000001000010000000000100100000
000000000000000000000000000000000000000000000000000000000000000000000000000000000000000000000000000011000111010001000010001100000100100001000010000101
000000000000000000000000000000000000000000000000000000000000000000000000000000000000000000000000000000010000000001000000001000001000110000001000100010
000000000000000000000000000000000000000000000000000000000000000000000000000000000000000000000000000001000100000000000000000000010000000010000100000010
000000000000000000000000000000000000000000000000000000000000000000000000000000000000000000000000000000000000000000000010000100000000100101000000010110
000000000000000000000000000000000000000000000000000000000000000000000000000000000000000000000000000000011000010000100000000000001101000000000011100010
000000000000000000000000000000000000000000000000000000000000000000000000000000000000000000000000000000000100000000110001100000000100000001000000000111
000000000000000000000000000000000000000000000000000000000000000000000000000000000000000000000000000000000000000000000000000001000000000011100100100010
000000000000000000000000000000000000000000000000000000000000000000000000000000000000000000000000000000010100001000000011010000000001000000000001000110
000000000000000000000000000000000000000000000000000000000000000000000000000000000000000000000000000000000010100110000000000011100010001000001010000111
000000000000000000000000000000000000000000000000000000000000000000000000000000000000000000000000000010010001010100100000000000001001011000000000000000
000000000000000000000000000000000000000000000000000000000000000000000000000000000000000000000000000010000110010000000100001000100000001000000000000100
000000000000000000000000000000000000000000000000000000000000000000000000000000000000000000000000000000001001010000010100010000000000000000001000000000
000000000000000000000000000000000000000000000000000000000000000000000000000000000000000000000000000010001101000000000110001000000100000010010000000000
000000000000000000000000000000000000000000000000000000000000000000000000000000000000000000000000000010000000010000000100000000010010001000000001000000
000000000000000000000000000000000000000000000000000000000000000000000000000000000000000000000000000000000110000000101110100010001000100010000000100000
000000000000000000000000000000000000000000000000000000000000000000000000000000000000000000000000000000001000000000000011010100000000100100000100011000
000000000000000000000000000000000000000000000000000000000000000000000000000000000000000000000000000001000100100010000010101000010100101000000010000100
000000000000000000000000000000000000000000000000000000000000000000000000000000000000000000000000000011001010110110000010000000000001000000000001000000
000000000000000000000000000000000000000000000000000000000000000000000000000000000000000000000000000000000000000000001001001010000000000000000001000000
000000000000000000000000000000000000000000000000000000000000000000000000000000000000000000000000000000100000001001100000000000001001010110100000100000
000000000000000000000000000000000000000000000000000000000000000000000000000000000000000000000000000010000001010100110000000000100111111110000000000000
000000000000000000000000000000000000000000000000000000000000000000000000000000000000000000000000000000000110000000000000000000001000010010000000000000
