100
14 81 14 96
32 91 52 91
68 97 68 97
9 4 9 89
57 11 57 72
16 6 16 46
25 63 33 63
43 28 61 28
61 44 61 61
35 74 35 83
71 20 85 20
77 44 94 44
7 37 7 94
43 43 43 83
6 52 47 52
80 63 93 63
7 73 7 88
47 52 47 91
25 23 25 88
67 37 86 37
27 3 54 3
98 40 98 44
92 71 92 90
34 63 34 80
89 56 89 68
9 36 9 90
12 63 99 63
0 28 27 28
31 9 97 9
49 93 64 93
16 44 16 83
59 86 59 86
43 84 43 96
72 96 72 96
59 78 70 78
6 26 6 63
87 41 87 42
86 58 86 81
54 50 61 50
89 2 94 2
86 3 99 3
51 78 51 79
56 15 56 67
42 18 42 75
12 75 26 75
85 3 85 36
6 11 91 11
14 18 14 66
21 71 21 75
49 11 58 11
26 63 26 65
81 74 88 74
49 24 72 24
79 49 79 90
61 30 98 30
48 15 48 92
86 43 86 45
54 83 58 83
98 15 98 26
90 55 90 71
79 21 88 21
70 51 81 51
33 80 45 80
48 38 78 38
81 3 88 3
38 18 38 30
86 72 86 96
79 44 79 46
17 45 17 88
49 17 49 88
49 82 97 82
20 72 53 72
27 58 54 58
28 11 28 82
36 21 59 21
17 62 63 62
59 99 59 99
16 46 16 89
80 59 80 84
84 51 84 95
61 49 61 80
13 30 16 30
3 98 98 98
60 94 72 94
93 83 94 83
29 75 29 87
87 98 97 98
1 72 58 72
73 11 73 34
94 59 94 74
58 4 82 4
50 26 96 26
9 27 9 62
2 40 2 69
38 19 59 19
43 47 43 75
10 57 10 84
68 43 86 43
99 24 99 89
3 95 3 99
