44
10 10 11 10
10 10 10 11
20 10 20 11
10 20 11 20
11 10 12 10
10 11 10 12
20 11 20 12
11 20 12 20
12 10 13 10
10 12 10 13
20 12 20 13
12 20 13 20
13 10 14 10
10 13 10 14
20 13 20 14
13 20 14 20
14 10 15 10
10 14 10 15
20 14 20 15
14 20 15 20
15 10 16 10
10 15 10 16
20 15 20 16
15 20 16 20
16 10 17 10
10 16 10 17
20 16 20 17
16 20 17 20
17 10 18 10
10 17 10 18
20 17 20 18
17 20 18 20
18 10 19 10
10 18 10 19
20 18 20 19
18 20 19 20
19 10 20 10
10 19 10 20
20 19 20 20
19 20 20 20
20 20 21 20
20 20 20 21
21 20 21 21
20 21 21 21
