130
33 64 41 64
45 50 45 54
9 53 64 53
44 62 44 66
16 49 16 74
80 50 85 50
68 32 98 32
16 98 16 98
62 48 62 64
50 30 50 81
35 44 56 44
6 93 55 93
94 15 94 64
17 39 70 39
23 94 23 98
93 83 93 89
83 20 99 20
2 32 2 85
76 53 76 75
98 30 98 30
97 57 97 58
49 61 82 61
56 21 56 63
56 6 56 25
78 76 78 96
60 68 96 68
73 94 73 99
76 80 93 80
89 85 89 90
47 97 86 97
71 27 71 74
86 16 90 16
44 91 92 91
60 74 60 95
20 15 28 15
47 72 47 84
10 66 49 66
64 42 64 61
21 24 21 51
92 81 92 96
73 29 83 29
3 38 3 42
53 75 53 75
0 98 0 98
65 67 81 67
9 87 9 93
63 82 63 83
16 18 16 47
47 90 47 93
80 44 85 44
72 3 96 3
2 25 2 94
45 9 45 38
48 68 59 68
50 32 50 94
2 63 24 63
53 33 57 33
30 84 30 86
39 7 39 29
32 64 32 93
73 12 73 29
80 25 80 83
57 2 94 2
65 9 65 34
42 19 72 19
55 25 55 44
32 4 32 45
20 4 20 17
17 82 17 97
8 2 8 83
57 34 98 34
43 43 88 43
62 48 62 89
26 88 26 90
45 56 75 56
60 74 69 74
56 29 80 29
84 63 84 90
49 67 75 67
11 8 11 49
9 44 34 44
32 11 73 11
67 73 80 73
47 58 93 58
87 88 87 91
3 10 3 13
77 80 80 80
88 79 88 86
23 13 23 29
24 82 35 82
7 84 7 94
94 79 94 79
67 33 71 33
95 70 95 83
50 73 90 73
5 31 5 47
96 76 96 96
10 30 77 30
66 86 85 86
17 33 89 33
18 0 18 66
22 36 68 36
61 4 88 4
88 55 92 55
83 91 93 91
73 72 87 72
10 35 68 35
20 0 50 0
52 25 52 50
61 47 72 47
4 14 44 14
21 40 21 45
31 89 67 89
14 14 20 14
49 2 49 23
54 69 54 97
94 72 95 72
20 33 20 94
47 71 47 97
63 52 63 86
42 29 92 29
43 52 43 57
6 37 6 93
58 82 63 82
55 0 55 75
33 42 60 42
65 23 65 92
75 32 94 32
61 30 98 30
35 58 96 58
