100
0 0 1 0
0 0 0 1
5 0 5 1
0 5 1 5
1 0 2 0
0 1 0 2
5 1 5 2
1 5 2 5
2 0 3 0
0 2 0 3
5 2 5 3
2 5 3 5
3 0 4 0
0 3 0 4
5 3 5 4
3 5 4 5
4 0 5 0
0 4 0 5
5 4 5 5
4 5 5 5
20 80 21 80
20 80 20 81
25 80 25 81
20 85 21 85
21 80 22 80
20 81 20 82
25 81 25 82
21 85 22 85
22 80 23 80
20 82 20 83
25 82 25 83
22 85 23 85
23 80 24 80
20 83 20 84
25 83 25 84
23 85 24 85
24 80 25 80
20 84 20 85
25 84 25 85
24 85 25 85
40 40 41 40
40 40 40 41
45 40 45 41
40 45 41 45
41 40 42 40
40 41 40 42
45 41 45 42
41 45 42 45
42 40 43 40
40 42 40 43
45 42 45 43
42 45 43 45
43 40 44 40
40 43 40 44
45 43 45 44
43 45 44 45
44 40 45 40
40 44 40 45
45 44 45 45
44 45 45 45
60 40 61 40
60 40 60 41
65 40 65 41
60 45 61 45
61 40 62 40
60 41 60 42
65 41 65 42
61 45 62 45
62 40 63 40
60 42 60 43
65 42 65 43
62 45 63 45
63 40 64 40
60 43 60 44
65 43 65 44
63 45 64 45
64 40 65 40
60 44 60 45
65 44 65 45
64 45 65 45
80 80 81 80
80 80 80 81
85 80 85 81
80 85 81 85
81 80 82 80
80 81 80 82
85 81 85 82
81 85 82 85
82 80 83 80
80 82 80 83
85 82 85 83
82 85 83 85
83 80 84 80
80 83 80 84
85 83 85 84
83 85 84 85
84 80 85 80
80 84 80 85
85 84 85 85
84 85 85 85
