130
0 51 0 72
1 19 1 70
2 94 2 97
3 84 3 95
4 59 4 88
5 74 5 94
6 44 6 95
7 12 7 16
8 34 8 87
9 95 9 97
10 43 10 99
11 13 11 75
12 79 12 98
13 89 13 94
14 16 14 17
15 83 15 96
16 82 16 92
17 35 17 48
18 69 18 91
19 43 19 49
20 33 20 59
21 33 21 81
22 25 22 96
23 1 23 81
24 97 24 99
25 84 25 96
26 14 26 53
27 27 27 79
28 42 28 79
29 0 29 11
30 2 30 95
31 30 31 56
32 89 32 90
33 64 33 71
34 88 34 88
35 40 35 42
36 78 36 89
37 51 37 88
38 71 38 89
39 67 39 97
40 1 40 15
41 61 41 97
42 1 42 1
43 62 43 84
44 6 44 34
45 7 45 44
46 50 46 87
47 97 47 99
48 55 48 98
49 2 49 41
50 73 50 96
51 17 51 59
52 20 52 21
53 59 53 71
54 74 54 76
55 12 55 79
56 82 56 82
57 95 57 99
58 63 58 98
59 80 59 81
60 72 60 83
61 81 61 85
62 76 62 90
63 65 63 86
64 92 64 92
0 75 17 75
1 14 71 14
2 21 22 21
3 65 41 65
4 78 19 78
5 10 40 10
6 19 85 19
7 16 40 16
8 29 87 29
9 76 93 76
10 0 80 0
11 48 68 48
12 74 64 74
13 12 17 12
14 8 92 8
15 59 23 59
16 74 50 74
17 79 78 79
18 60 83 60
19 27 84 27
20 36 57 36
21 81 91 81
22 82 61 82
23 74 61 74
24 29 38 29
25 72 81 72
26 2 34 2
27 15 82 15
28 97 32 97
29 67 57 67
30 84 77 84
31 40 46 40
32 53 39 53
33 5 66 5
34 64 82 64
35 4 53 4
36 22 89 22
37 60 80 60
38 34 80 34
39 16 77 16
40 88 48 88
41 97 77 97
42 61 82 61
43 18 58 18
44 92 50 92
45 67 84 67
46 65 91 65
47 39 90 39
48 26 77 26
49 35 68 35
50 29 91 29
51 48 91 48
52 76 84 76
53 56 70 56
54 47 58 47
55 78 95 78
56 64 87 64
57 78 68 78
58 88 68 88
59 87 73 87
60 34 74 34
61 61 66 61
62 61 95 61
63 73 69 73
64 46 93 46
