76
0 0 1 0
0 0 0 1
5 0 5 1
0 5 1 5
1 0 2 0
0 1 0 2
5 1 5 2
1 5 2 5
2 0 3 0
0 2 0 3
5 2 5 3
2 5 3 5
3 0 4 0
0 3 0 4
5 3 5 4
3 5 4 5
4 0 5 0
0 4 0 5
5 4 5 5
4 5 5 5
95 95 96 95
95 95 95 96
100 95 100 96
95 100 96 100
96 95 97 95
95 96 95 97
100 96 100 97
96 100 97 100
97 95 98 95
95 97 95 98
100 97 100 98
97 100 98 100
98 95 99 95
95 98 95 99
100 98 100 99
98 100 99 100
99 95 100 95
95 99 95 100
100 99 100 100
99 100 100 100
0 95 1 95
0 95 0 96
5 95 5 96
0 100 1 100
1 95 2 95
0 96 0 97
5 96 5 97
1 100 2 100
2 95 3 95
0 97 0 98
5 97 5 98
2 100 3 100
3 95 4 95
0 98 0 99
5 98 5 99
3 100 4 100
4 95 5 95
0 99 0 100
5 99 5 100
4 100 5 100
96 0 97 0
96 0 96 1
100 0 100 1
96 4 97 4
97 0 98 0
96 1 96 2
100 1 100 2
97 4 98 4
98 0 99 0
96 2 96 3
100 2 100 3
98 4 99 4
99 0 100 0
96 3 96 4
100 3 100 4
99 4 100 4
