112
10 50 11 50
10 50 10 51
20 50 20 51
10 60 11 60
11 50 12 50
10 51 10 52
20 51 20 52
11 60 12 60
12 50 13 50
10 52 10 53
20 52 20 53
12 60 13 60
13 50 14 50
10 53 10 54
20 53 20 54
13 60 14 60
14 50 15 50
10 54 10 55
20 54 20 55
14 60 15 60
15 50 16 50
10 55 10 56
20 55 20 56
15 60 16 60
16 50 17 50
10 56 10 57
20 56 20 57
16 60 17 60
17 50 18 50
10 57 10 58
20 57 20 58
17 60 18 60
18 50 19 50
10 58 10 59
20 58 20 59
18 60 19 60
19 50 20 50
10 59 10 60
20 59 20 60
19 60 20 60
50 50 51 50
50 50 50 51
60 50 60 51
50 60 51 60
51 50 52 50
50 51 50 52
60 51 60 52
51 60 52 60
52 50 53 50
50 52 50 53
60 52 60 53
52 60 53 60
53 50 54 50
50 53 50 54
60 53 60 54
53 60 54 60
54 50 55 50
50 54 50 55
60 54 60 55
54 60 55 60
55 50 56 50
50 55 50 56
60 55 60 56
55 60 56 60
56 50 57 50
50 56 50 57
60 56 60 57
56 60 57 60
57 50 58 50
50 57 50 58
60 57 60 58
57 60 58 60
58 50 59 50
50 58 50 59
60 58 60 59
58 60 59 60
59 50 60 50
50 59 50 60
60 59 60 60
59 60 60 60
52 52 53 52
52 52 52 53
58 52 58 53
52 58 53 58
53 52 54 52
52 53 52 54
58 53 58 54
53 58 54 58
54 52 55 52
52 54 52 55
58 54 58 55
54 58 55 58
55 52 56 52
52 55 52 56
58 55 58 56
55 58 56 58
56 52 57 52
52 56 52 57
58 56 58 57
56 58 57 58
57 52 58 52
52 57 52 58
58 57 58 58
57 58 58 58
54 54 55 54
54 54 54 55
56 54 56 55
54 56 55 56
55 54 56 54
54 55 54 56
56 55 56 56
55 56 56 56