112
40 40 41 40
40 40 40 41
60 40 60 41
40 60 41 60
41 40 42 40
40 41 40 42
60 41 60 42
41 60 42 60
42 40 43 40
40 42 40 43
60 42 60 43
42 60 43 60
43 40 44 40
40 43 40 44
60 43 60 44
43 60 44 60
44 40 45 40
40 44 40 45
60 44 60 45
44 60 45 60
45 40 46 40
40 45 40 46
60 45 60 46
45 60 46 60
46 40 47 40
40 46 40 47
60 46 60 47
46 60 47 60
47 40 48 40
40 47 40 48
60 47 60 48
47 60 48 60
48 40 49 40
40 48 40 49
60 48 60 49
48 60 49 60
49 40 50 40
40 49 40 50
60 49 60 50
49 60 50 60
50 40 51 40
40 50 40 51
60 50 60 51
50 60 51 60
51 40 52 40
40 51 40 52
60 51 60 52
51 60 52 60
52 40 53 40
40 52 40 53
60 52 60 53
52 60 53 60
53 40 54 40
40 53 40 54
60 53 60 54
53 60 54 60
54 40 55 40
40 54 40 55
60 54 60 55
54 60 55 60
55 40 56 40
40 55 40 56
60 55 60 56
55 60 56 60
56 40 57 40
40 56 40 57
60 56 60 57
56 60 57 60
57 40 58 40
40 57 40 58
60 57 60 58
57 60 58 60
58 40 59 40
40 58 40 59
60 58 60 59
58 60 59 60
59 40 60 40
40 59 40 60
60 59 60 60
59 60 60 60
41 41 42 41
41 41 41 42
43 41 43 42
41 43 42 43
42 41 43 41
41 42 41 43
43 42 43 43
42 43 43 43
57 57 58 57
57 57 57 58
59 57 59 58
57 59 58 59
58 57 59 57
57 58 57 59
59 58 59 59
58 59 59 59
41 57 42 57
41 57 41 58
43 57 43 58
41 59 42 59
42 57 43 57
41 58 41 59
43 58 43 59
42 59 43 59
57 41 58 41
57 41 57 42
59 41 59 42
57 43 58 43
58 41 59 41
57 42 57 43
59 42 59 43
58 43 59 43
