100
0 50 0 51
1 78 1 79
2 55 2 56
3 32 3 33
4 94 4 95
5 40 5 41
6 37 6 38
7 95 7 96
8 32 8 33
9 0 9 1
10 4 10 5
11 53 11 54
12 60 12 61
13 31 13 32
14 75 14 76
15 7 15 8
16 37 16 38
17 45 17 46
18 39 18 40
19 69 19 70
20 12 20 13
21 67 21 68
22 15 22 16
23 55 23 56
24 33 24 34
25 84 25 85
26 38 26 39
27 74 27 75
28 95 28 96
29 14 29 15
30 23 30 24
31 97 31 98
32 93 32 94
33 78 33 79
34 29 34 30
35 39 35 40
36 18 36 19
37 19 37 20
38 34 38 35
39 3 39 4
40 19 40 20
41 38 41 39
42 56 42 57
43 80 43 81
44 22 44 23
45 83 45 84
46 87 46 88
47 59 47 60
48 28 48 29
49 78 49 79
50 80 50 81
51 92 51 93
52 98 52 99
53 48 53 49
54 48 54 49
55 83 55 84
56 32 56 33
57 86 57 87
58 58 58 59
59 79 59 80
60 52 60 53
61 33 61 34
62 76 62 77
63 45 63 46
64 11 64 12
65 6 65 7
66 85 66 86
67 29 67 30
68 25 68 26
69 71 69 72
70 84 70 85
71 44 71 45
72 62 72 63
73 40 73 41
74 76 74 77
75 36 75 37
76 24 76 25
77 15 77 16
78 47 78 48
79 52 79 53
80 94 80 95
81 28 81 29
82 97 82 98
83 44 83 45
84 28 84 29
85 45 85 46
86 27 86 28
87 60 87 61
88 83 88 84
89 85 89 86
90 40 90 41
91 35 91 36
92 18 92 19
93 16 93 17
94 33 94 34
95 81 95 82
96 74 96 75
97 70 97 71
98 63 98 64
99 51 99 52
