15 14
11 14 3 6 3 6 3 6 3 6 3 6 11 2 6
3 10 12 9 12 9 12 9 12 9 12 9 6 1 4
13 7 11 10 10 10 10 10 10 14 11 6 5 1 4
11 4 3 10 10 10 10 10 10 10 6 5 13 1 4
7 13 5 7 11 10 2 10 14 7 5 13 7 9 12
1 14 5 1 10 14 5 11 10 4 9 6 1 10 6
13 7 5 5 3 10 8 10 6 5 3 12 9 10 12
11 4 5 13 5 3 10 6 5 13 5 3 10 10 6
7 13 1 10 4 1 10 4 1 10 4 5 3 10 12
1 14 5 7 5 9 10 12 5 7 5 5 9 10 6
13 7 13 5 9 10 2 10 12 13 13 5 3 10 12
7 5 15 9 10 14 5 11 14 11 14 5 9 10 6
5 13 7 7 11 10 8 10 14 7 3 12 3 10 12
13 15 13 13 11 10 14 11 10 12 9 10 8 10 14
