100
11 15
18 21
24 35
39 5
31 29
29 36
36 39
39 15
15 23
23 11
11 24
24 18
18 36
36 24
24 28
28 40
40 33
33 13
13 28
28 38
38 37
37 5
5 19
19 35
35 40
40 34
34 10
10 18
18 39
39 29
29 22
22 16
16 27
27 12
12 6
6 16
16 8
8 5
5 30
30 15
15 13
13 7
7 11
11 37
37 35
35 11
11 30
30 7
7 38
38 27
27 3
3 5
37 2
2 39
39 6
6 20
20 37
37 34
34 1
1 12
12 21
21 13
13 17
17 36
36 21
21 25
25 11
11 36
36 38
38 17
17 7
7 35
11 17
17 24
18 15
15 10
10 20
20 17
17 15
15 16
16 19
19 13
13 22
22 38
38 9
9 15
39 21
36 12
12 37
37 31
31 32
32 18
18 16
16 2
2 14
14 19
19 20
20 8
8 30
30 31