1024
1 228
1 238
1 415
1 473
2 106
2 112
3 205
3 378
4 343
4 411
4 50
5 366
6 176
7 464
8 228
9 69
10 189
11 59
12 264
12 278
12 364
12 409
12 61
12 69
13 122
13 467
14 119
14 197
14 230
14 69
15 424
15 438
16 386
18 291
18 353
18 46
19 13
19 150
20 128
20 155
20 351
20 412
20 440
20 479
20 480
21 310
21 430
21 58
22 339
23 86
24 189
24 223
25 408
26 102
26 262
27 168
27 307
27 405
27 472
28 288
28 353
28 424
30 172
30 264
30 333
31 331
32 74
33 284
33 399
34 196
34 361
34 4
35 234
35 34
35 88
36 152
36 281
37 101
37 181
37 279
37 412
38 34
38 439
40 149
40 253
40 271
40 297
40 349
41 168
41 265
42 244
42 356
42 446
43 115
44 120
44 128
44 374
44 497
45 192
45 473
46 110
46 255
46 284
46 452
47 25
47 419
48 166
48 398
48 442
48 495
49 295
49 409
49 426
50 24
50 73
51 126
51 380
51 413
52 272
52 449
54 316
56 306
56 399
56 416
56 486
56 493
56 84
58 136
58 255
58 411
59 170
59 72
60 158
60 49
61 361
61 95
63 107
63 168
63 445
63 494
64 387
64 51
65 195
66 210
66 216
66 242
67 314
69 108
69 272
69 5
70 144
70 28
71 248
71 99
72 210
72 435
73 163
73 2
73 71
74 12
74 193
74 236
74 270
74 96
76 198
76 232
76 28
77 253
77 302
81 12
82 137
82 243
82 385
82 436
83 22
83 223
84 160
84 199
84 300
84 344
84 454
84 56
85 329
85 478
86 14
86 359
86 447
87 303
87 344
87 368
88 1
88 161
88 173
88 275
88 348
88 418
89 1
89 242
89 475
89 477
90 160
91 87
92 349
94 404
95 340
96 37
96 495
97 302
97 369
97 461
98 230
99 108
99 20
99 360
100 140
100 335
100 361
101 196
101 282
101 384
102 132
103 146
103 153
103 396
103 45
104 398
104 494
105 9
106 167
106 211
106 336
106 439
106 449
107 333
107 70
108 158
108 72
108 74
109 132
109 267
110 124
110 237
110 379
110 96
111 141
111 343
112 127
112 138
113 199
114 341
114 367
115 258
115 445
116 13
116 499
117 43
118 145
118 154
118 365
119 126
119 324
119 348
119 430
119 89
120 307
122 117
122 3
123 126
124 149
124 172
125 81
126 109
126 20
126 398
127 220
127 306
127 405
127 458
128 321
128 35
128 401
129 3
130 330
130 51
131 223
131 373
132 159
132 266
132 303
132 388
132 46
133 346
133 494
135 104
135 427
136 352
137 284
137 471
138 218
138 83
139 492
140 12
140 187
140 228
140 238
141 4
141 41
141 89
142 497
143 71
144 241
144 383
144 396
144 397
144 409
144 87
145 164
145 284
145 317
145 458
146 209
146 218
148 156
148 175
149 183
149 199
149 302
149 375
150 116
151 231
152 495
153 227
153 66
154 352
155 12
155 127
155 14
156 454
156 463
156 483
157 119
158 100
158 298
158 60
158 88
159 190
159 254
159 322
159 419
160 302
160 429
161 375
162 178
163 304
163 372
164 139
164 302
166 475
167 221
167 293
168 197
168 218
168 48
168 85
168 92
169 346
170 210
170 88
172 304
172 452
173 241
174 18
174 304
174 444
175 177
175 20
175 48
176 320
177 21
177 63
178 484
178 489
179 207
180 88
181 31
181 416
182 254
182 377
183 135
185 276
185 442
186 290
187 40
188 145
188 322
188 354
188 479
189 369
189 465
190 188
190 494
192 333
192 351
192 402
192 58
193 137
193 140
193 155
194 63
195 401
195 448
196 119
196 168
196 82
197 204
197 241
198 144
198 73
199 228
199 377
199 434
199 44
201 101
201 481
202 492
203 425
204 14
204 86
205 141
205 255
205 472
206 303
207 106
207 158
207 449
208 159
209 205
210 227
210 257
210 272
210 340
210 463
211 108
211 109
211 140
211 389
211 54
213 19
214 245
214 61
215 273
215 40
216 411
218 14
218 227
218 23
218 294
218 412
218 51
219 18
219 383
220 471
220 56
221 148
221 291
221 488
222 329
223 106
223 293
223 32
223 357
223 77
226 500
226 65
227 206
227 242
227 301
228 103
228 188
228 242
228 421
229 389
229 56
230 110
230 162
230 377
231 127
232 289
232 431
232 448
233 353
233 42
233 442
233 451
234 188
234 20
235 114
236 192
237 221
238 274
238 481
239 181
240 312
240 484
241 240
241 360
241 383
241 412
241 44
242 15
242 179
242 387
242 443
242 459
242 85
243 233
244 37
245 396
246 442
247 2
248 500
251 111
251 463
252 138
252 174
252 83
253 168
253 432
253 494
254 251
254 305
254 409
254 74
255 149
255 186
255 297
255 84
257 222
257 329
257 414
258 255
258 345
258 359
258 410
258 84
259 276
260 169
261 226
261 303
261 46
262 153
263 406
264 452
264 463
264 48
265 440
265 459
266 118
266 211
267 453
267 84
268 144
268 392
270 404
270 471
271 100
271 36
272 210
272 229
272 389
272 90
273 411
274 129
274 174
274 316
275 100
275 12
276 201
276 293
278 232
279 18
279 399
279 427
281 449
282 452
284 382
284 40
284 445
284 82
285 239
285 36
286 372
288 201
289 286
289 365
290 205
290 496
291 35
291 470
293 141
293 261
293 331
293 66
294 185
294 335
295 127
295 266
295 44
295 88
296 218
297 279
297 47
297 63
298 241
300 110
300 30
300 308
300 332
301 402
302 155
302 177
302 261
302 415
302 97
303 145
303 174
303 219
303 332
303 429
304 223
304 252
304 33
304 378
305 397
305 8
305 84
306 123
306 26
306 354
306 52
307 274
307 352
307 409
308 16
308 295
309 119
310 28
310 329
311 377
312 438
313 315
313 89
314 45
315 193
315 21
315 367
315 427
315 498
316 258
316 373
316 406
317 221
318 118
318 412
320 49
321 332
322 421
322 476
323 56
324 279
324 323
326 20
326 360
327 50
329 10
329 104
329 157
329 285
329 304
329 313
330 347
331 116
331 366
332 210
332 27
332 473
333 164
333 24
333 346
335 265
335 400
336 295
338 20
339 358
340 424
340 458
341 499
343 252
343 344
344 380
344 46
344 6
345 215
346 211
346 258
346 99
347 367
347 38
348 272
348 374
348 375
349 461
349 74
349 88
351 233
351 410
352 131
352 258
352 268
353 131
353 198
353 37
353 457
354 122
354 144
354 91
356 40
356 60
357 497
358 33
359 410
359 7
360 270
360 30
360 34
361 156
361 379
361 414
362 401
363 89
364 252
364 487
365 158
365 447
366 199
366 306
367 118
367 178
367 261
368 125
369 11
369 151
369 213
369 274
369 433
369 447
372 114
372 130
372 246
372 476
373 326
373 425
374 193
374 229
375 300
375 315
375 408
377 192
377 211
377 27
377 316
378 247
378 26
379 185
379 369
380 369
380 398
380 41
382 242
382 271
383 315
383 380
383 47
383 82
384 196
385 140
386 405
387 285
387 461
388 97
389 106
389 113
389 42
389 447
391 119
391 94
392 74
393 447
396 313
396 362
396 56
397 309
397 42
398 111
398 259
398 30
398 318
398 456
399 130
399 20
399 218
400 115
401 132
401 163
401 254
401 349
402 128
402 21
403 59
404 144
404 27
404 305
405 315
405 413
405 477
406 440
406 451
408 148
408 423
408 450
409 143
409 204
409 208
409 426
409 463
409 485
410 103
410 453
410 86
411 195
411 257
411 300
411 416
411 449
412 194
412 207
412 382
412 393
412 49
412 84
413 268
413 308
413 76
414 411
414 482
415 403
415 48
415 66
416 211
416 264
416 461
417 356
418 1
418 146
418 398
419 12
419 353
420 289
421 219
421 327
422 234
423 4
424 167
424 338
424 372
424 446
425 235
425 445
426 412
426 429
427 15
427 258
427 415
429 159
429 190
429 35
429 372
430 315
430 480
430 82
431 290
432 215
433 159
433 435
434 223
435 267
435 294
436 391
438 389
438 76
439 226
439 300
439 433
440 135
440 260
440 363
440 404
442 354
442 391
442 418
442 426
443 182
444 58
445 263
445 347
445 424
445 430
446 101
446 182
447 132
447 241
447 324
447 40
447 456
447 98
448 142
448 233
448 483
449 242
449 297
449 369
449 409
449 70
450 207
451 439
451 456
452 257
452 293
452 348
452 364
452 64
453 306
453 408
453 63
454 474
454 99
456 149
456 251
456 295
457 453
458 124
458 220
458 447
459 1
459 310
461 132
461 329
461 37
461 420
463 175
463 188
463 203
463 253
463 77
464 105
465 369
467 27
470 296
471 106
471 156
471 56
472 413
472 73
473 180
473 87
473 97
474 230
474 452
475 232
475 448
475 64
476 303
476 326
477 214
477 44
478 110
479 144
479 498
480 112
480 202
481 107
481 307
482 240
483 19
483 418
484 275
484 311
485 192
486 474
487 305
488 214
489 170
489 175
492 38
492 52
493 254
494 218
494 318
494 329
494 417
494 440
495 133
495 145
495 67
496 383
497 103
497 422
497 475
498 133
498 401
499 489
499 76
500 103
500 233
