600 600 80
415 366 425 542 86
389 45 428 158 56
190 406 432 541 80
17 320 524 391 63
79 507 437 522 44
99 88 407 527 18
114 229 463 387 51
325 199 478 385 50
260 189 384 590 94
82 372 580 481 57
85 242 439 550 25
167 440 564 566 55
189 88 469 566 92
144 74 513 577 52
118 90 538 311 65
166 274 351 283 42
20 135 538 555 12
97 10 323 286 73
316 479 438 494 58
87 130 554 475 31
117 150 334 360 6
62 111 205 129 68
250 488 274 490 76
211 406 458 508 5
5 215 578 274 45
256 441 366 445 26
275 50 438 459 39
49 166 499 397 60
280 52 332 344 41
429 132 576 468 7
181 156 194 359 50
29 4 260 495 51
87 252 463 581 39
55 148 155 325 73
13 282 112 332 59
300 129 395 404 65
287 165 589 500 56
408 206 456 442 12
201 93 594 384 6
333 348 398 437 82
5 381 397 473 30
301 250 539 566 16
311 151 372 501 82
13 80 440 143 100
140 21 227 364 28
217 175 324 197 27
314 11 488 58 90
495 213 536 271 36
48 162 392 585 30
110 190 372 458 31
335 373 479 585 19
197 387 560 567 42
280 80 481 434 48
217 312 377 426 22
553 245 592 327 61
2 294 74 362 75
16 25 490 264 74
347 203 559 321 99
466 290 547 540 16
318 207 444 399 51
70 111 235 321 26
367 74 428 155 20
114 176 342 556 76
349 203 542 436 67
209 204 259 599 78
362 154 561 466 68
211 58 330 302 80
168 50 261 536 91
358 339 448 524 100
36 289 367 560 46
242 243 382 373 90
148 255 446 480 51
133 379 409 408 59
393 16 569 582 94
105 28 411 173 96
312 212 420 460 52
120 72 215 372 8
14 490 495 513 89
207 210 477 381 37
240 328 394 467 57
