300 300 60
137 97 256 163 77
116 73 169 199 11
188 239 242 249 19
109 126 270 251 47
30 248 31 252 9
137 181 207 228 32
205 164 233 191 41
171 92 217 235 53
100 52 290 244 42
113 37 277 129 4
56 35 97 161 40
101 38 277 218 83
2 124 94 291 52
30 22 109 295 24
103 14 171 98 6
2 51 156 223 89
97 88 211 144 82
40 144 171 275 50
161 9 226 72 59
19 85 265 120 1
43 56 153 72 28
17 147 124 180 74
168 74 263 294 7
234 18 284 212 66
209 148 287 180 74
44 52 202 240 37
192 149 214 176 33
178 173 298 298 75
6 116 257 287 34
72 222 196 282 47
129 50 264 189 75
31 141 124 291 37
81 186 243 296 5
108 52 199 160 40
211 35 264 221 33
95 22 188 146 48
110 26 205 38 66
149 110 285 179 96
18 27 83 112 81
20 78 68 216 52
167 53 268 182 7
218 4 269 296 27
100 210 109 290 3
200 79 279 247 56
72 108 94 136 12
282 39 290 47 67
163 147 263 271 22
144 28 152 196 1
112 2 170 184 9
143 158 249 261 52
31 12 64 274 99
149 23 230 288 56
14 103 276 155 51
88 142 96 205 23
13 150 167 196 67
69 13 150 126 57
214 202 290 274 98
27 289 114 294 7
64 56 109 97 2
122 115 192 150 46
