50 50 50
45 11 48 23 1
1 17 45 42 2
28 3 42 36 1
5 35 32 36 2
32 15 42 49 1
17 31 34 47 2
4 9 39 49 1
22 11 38 39 2
2 13 8 45 1
25 6 35 42 2
10 35 12 37 1
4 46 15 48 2
1 14 12 28 1
14 14 40 50 2
18 27 47 32 1
3 1 44 38 2
21 14 23 25 1
1 16 47 31 2
6 11 41 16 1
11 0 27 32 2
1 0 39 42 1
40 16 47 22 2
44 31 49 46 1
16 6 44 9 2
7 35 47 41 1
13 14 25 45 2
4 33 50 35 1
4 20 10 30 2
10 12 33 34 1
27 1 37 28 2
14 8 17 15 1
14 2 40 3 2
12 3 42 48 1
1 11 14 15 2
7 4 20 48 1
18 25 28 45 2
39 25 41 28 1
0 2 34 21 2
2 18 15 43 1
4 10 39 46 2
18 5 24 9 1
2 6 8 28 2
13 13 48 17 1
35 38 49 40 2
2 22 45 37 1
18 17 38 38 2
43 15 45 27 1
31 9 45 22 2
9 4 45 41 1
13 24 44 28 2