500 400 70
201 50 219 345 79
135 79 261 88 82
352 165 421 174 86
30 259 331 288 36
221 147 230 263 64
55 356 307 381 28
102 59 386 177 75
212 9 225 193 19
388 27 493 106 12
201 189 228 219 32
41 188 237 261 62
55 140 279 282 5
180 211 297 223 79
250 4 407 369 30
28 190 170 191 40
154 44 208 183 25
76 235 471 352 98
226 84 368 298 55
30 231 294 397 59
208 8 450 323 45
229 176 410 263 50
277 169 463 388 77
177 41 305 92 92
380 33 409 284 38
176 251 430 333 37
322 290 430 296 49
45 218 425 263 61
127 56 362 293 86
398 16 497 157 4
34 126 272 312 75
74 162 363 314 96
387 149 412 260 4
94 218 481 256 64
109 39 272 242 52
3 6 105 49 74
23 153 207 223 70
55 88 293 260 16
232 94 382 298 50
123 64 218 129 2
53 173 108 258 6
162 29 237 390 30
191 339 323 399 97
156 5 349 381 98
184 184 437 388 62
221 8 408 307 54
410 25 474 197 52
113 52 239 141 8
198 279 395 310 89
165 41 250 123 76
120 187 383 322 63
102 83 203 330 24
383 98 421 295 5
28 258 191 270 50
78 125 458 161 77
221 175 271 308 45
143 152 240 345 86
44 94 90 284 100
362 122 390 372 37
168 75 439 214 13
190 241 258 328 97
99 152 235 323 33
232 197 482 228 98
273 175 323 292 96
59 20 101 289 10
146 46 285 69 2
265 23 417 58 59
28 295 248 307 61
114 253 115 338 96
173 310 224 344 14
345 178 354 353 37
