10000 10000 1000
2914 302 7053 827 1
785 230 3631 8011 2
1567 3339 2350 5307 3
8929 4703 9216 6479 4
90 440 699 3926 5
1032 3682 3329 5764 6
1615 1275 7961 9273 7
4038 540 4923 7443 8
1368 1469 7837 7746 9
4328 6424 8505 9480 10
1139 1959 6678 9763 11
6242 3759 6707 6663 12
3455 3716 6332 7685 13
3136 4751 7720 5832 14
5106 2379 5681 9719 15
2919 4219 6381 7163 16
639 2040 1261 9144 17
1941 4972 7872 5569 18
1684 6931 5364 8423 19
3594 611 7927 2182 20
3401 680 9868 6538 21
3940 1289 6512 9621 22
3668 4352 7970 5693 23
2940 3579 9208 8571 24
6821 2724 6963 8762 25
1187 86 4645 6551 26
6329 608 7018 4975 27
6964 366 7157 7572 28
3377 6904 8252 7317 29
4545 2735 4764 3291 30
5336 1154 8214 3439 31
4544 1085 8362 7717 32
161 2831 5325 6512 33
2918 7488 4806 9416 34
4391 3252 9936 4448 35
2020 3618 7900 7630 36
272 1389 522 4947 37
4590 476 5068 9634 38
267 822 9926 7140 39
8225 3954 8629 4891 40
7723 6818 8387 9545 41
641 3385 6234 6929 42
6977 181 7834 4878 43
3800 2508 6206 6479 44
674 2094 3807 4220 45
1048 1028 4750 8080 46
1315 1851 1572 9944 47
3094 250 9798 4537 48
817 434 3420 7810 49
3820 2984 9655 4739 50
1273 4212 8006 4214 51
1425 2099 3074 7043 52
1263 546 6882 7984 53
8626 6330 8663 9012 54
6551 2626 7215 2701 55
310 1127 2876 7238 56
4024 2304 6297 5290 57
4196 2202 6381 5288 58
5855 6415 7654 9079 59
3458 2163 8929 7531 60
1074 147 8077 9737 61
3055 6068 9160 9606 62
5046 6685 6375 8659 63
2249 572 7923 4165 64
5807 470 6274 9228 65
868 2673 2188 9843 66
6723 5653 9088 8922 67
2546 7816 6453 9972 68
882 290 7964 9710 69
2130 6248 7124 9851 70
4908 1451 7176 2889 71
3406 3431 7157 8375 72
7603 254 9213 1401 73
2927 1244 4824 1547 74
6519 7200 8367 7265 75
1369 207 9324 7238 76
3300 2809 9333 6849 77
1782 5310 3097 9012 78
1901 1515 4357 3114 79
1489 1298 5307 4520 80
5445 269 7904 2274 81
3518 5550 7183 8168 82
1721 5714 6389 9168 83
2758 2273 3090 8775 84
6058 4192 9122 7936 85
3300 2929 8571 9502 86
2616 796 5202 6861 87
458 2255 8446 7734 88
8 3534 6351 8876 89
7044 5437 9878 6268 90
4605 1982 5117 4559 91
3715 6125 4255 9686 92
7622 317 9729 8300 93
923 2477 9819 7581 94
8377 5598 8788 5690 95
3424 7853 6824 9527 96
6729 3061 9784 9663 97
125 1595 4850 2283 98
4265 6154 5807 9522 99
4872 4601 5841 5647 100
5964 2901 9815 7090 101
483 5919 2136 7276 102
1610 2036 5212 2874 103
5034 4819 7079 7915 104
160 834 977 6637 105
2179 7987 3117 8232 106
739 7509 3734 8606 107
6580 2747 9509 3207 108
1825 313 2460 9838 109
5757 4508 9295 7589 110
6815 2896 7367 8754 111
246 6758 812 9925 112
759 320 8141 3396 113
228 3962 7980 8307 114
2169 1651 8719 2568 115
1678 4399 2127 9855 116
4237 169 4587 3883 117
6346 3714 7758 8391 118
926 1172 7639 2468 119
8451 4283 8745 6592 120
7679 6913 9504 9732 121
1572 731 5659 3694 122
2614 1771 3741 2382 123
4741 1627 6781 5680 124
1018 7365 1796 9563 125
4306 6832 5906 7431 126
1946 397 6251 4357 127
4996 852 8640 3342 128
255 584 2671 4682 129
630 1921 8179 5413 130
7796 44 9596 4337 131
1671 17 4577 1948 132
5933 5665 9819 5726 133
6591 8537 9448 8910 134
5699 5287 9619 7047 135
4611 3634 8629 7899 136
4835 3415 5236 8317 137
1817 1413 3730 1688 138
7878 2102 8085 2456 139
6108 756 8471 5928 140
756 7348 2773 8006 141
2221 4272 3268 5885 142
7524 1319 9240 3851 143
2505 7486 5570 7741 144
2155 7509 6757 8574 145
5549 3764 5885 6339 146
3634 2572 4793 6095 147
3264 2023 9680 4021 148
2453 4674 6381 7721 149
9649 5241 9958 8946 150
6617 9093 7483 9988 151
2187 4082 2931 8944 152
5086 3870 7943 7323 153
209 3479 3492 7439 154
11 4618 1354 5926 155
6043 4991 7949 8496 156
682 6683 9064 9522 157
4820 1925 9023 6506 158
1437 2846 7370 9976 159
301 1739 6928 5272 160
1223 1068 9142 9062 161
5703 4547 6502 7057 162
473 8028 2865 8909 163
4774 1808 9371 3757 164
3280 3811 8436 8491 165
416 317 8100 5890 166
4138 2218 9515 4439 167
2796 4019 7491 6178 168
1593 5041 2985 5087 169
4447 7312 5986 8450 170
2811 2573 2830 7585 171
2202 5745 6331 6990 172
4237 801 9611 4063 173
1005 5144 7470 6305 174
3337 5935 8524 6133 175
2367 1704 8466 6505 176
59 4506 1592 6745 177
5196 6742 7579 8170 178
744 680 4378 6580 179
6425 3038 7075 9922 180
7014 3453 7075 8020 181
897 4235 9759 9516 182
4635 368 5451 7002 183
3917 328 6873 8706 184
4818 1186 5452 8749 185
7000 1378 9357 5491 186
101 4311 6171 7176 187
585 5963 2597 6566 188
19 3983 7661 8558 189
3499 2793 9778 4413 190
5303 5572 9514 7767 191
2739 5901 6474 7557 192
7087 1630 8278 2658 193
2796 2897 8150 9360 194
23 6425 673 9622 195
609 4622 2991 5586 196
9363 3180 9569 5493 197
2326 1076 9421 6259 198
4026 931 8192 3000 199
6852 1482 8901 4841 200
2341 1489 7499 3112 201
5649 2675 8825 4387 202
812 2297 8848 5809 203
156 431 7883 9519 204
3805 1364 9964 9578 205
7623 6834 8642 7006 206
6 4854 1650 7765 207
2606 3953 5260 6337 208
5801 5442 6458 8459 209
4626 1134 6181 9827 210
3346 3502 9784 5636 211
2420 4176 4019 9373 212
737 106 2384 1026 213
4713 6363 7112 7860 214
1977 1217 3471 8731 215
936 3746 3906 9036 216
4478 2205 9708 4334 217
7012 358 9692 513 218
6150 3495 9476 3860 219
4922 7306 9585 7672 220
6674 1387 7778 4684 221
1243 1066 8896 4102 222
1672 4513 7225 9797 223
5185 5286 5578 8259 224
465 3027 6015 5973 225
157 3385 6486 9633 226
3597 3910 8988 9480 227
3182 6209 3504 7568 228
7635 7596 8604 8878 229
3852 1078 8051 9944 230
6093 5301 9723 5591 231
3851 3645 7630 6940 232
668 825 9265 6673 233
58 1092 2103 6810 234
8 1354 2642 3190 235
5275 3782 6147 5751 236
231 4084 9700 9012 237
5308 5162 7751 7474 238
7105 5383 7753 9127 239
2419 7976 7308 9028 240
1684 3788 5701 5153 241
2112 1232 8315 2120 242
958 1662 8938 7105 243
565 797 7414 7239 244
3466 1217 6251 4881 245
6395 5043 7911 5664 246
522 1047 9852 7161 247
75 978 2942 1489 248
2129 1118 2995 4241 249
1310 2713 2350 8620 250
727 2077 1289 8206 251
4493 7959 9316 9003 252
236 5528 1919 9830 253
571 2836 6631 5494 254
2893 6349 7446 6740 255
2969 1450 7838 7718 256
7185 2043 8837 8496 257
4756 3468 7539 5180 258
5483 3387 5546 9977 259
2390 3134 4862 4288 260
2627 2964 9817 5610 261
4811 4186 6740 8446 262
4795 926 7704 7025 263
4997 6171 8986 8475 264
518 1019 3834 7725 265
1626 2906 4488 3462 266
34 1248 6293 9791 267
4079 4014 5035 4382 268
248 6989 3699 9625 269
4423 2566 4862 7527 270
5571 909 8454 9592 271
3451 3432 4419 3637 272
1290 1362 4452 2916 273
620 1678 5292 2730 274
2521 1949 6913 2926 275
2953 2315 3661 3201 276
1940 190 3712 8574 277
2716 4639 7718 7492 278
2524 1900 3436 2327 279
5332 2316 7856 5498 280
30 5076 9784 8414 281
651 3916 1145 6754 282
18 2971 6033 5865 283
4533 6173 6046 9758 284
2715 4684 2825 5541 285
2176 6532 6785 9309 286
5613 7988 8432 9821 287
304 5319 3765 9901 288
85 4978 335 7338 289
7582 1254 8084 7601 290
469 6515 3472 6924 291
8005 830 9449 2625 292
2165 2724 7309 5302 293
5838 964 9256 7803 294
4041 7624 8952 7806 295
5609 2296 9295 7707 296
9037 6963 9380 9634 297
888 916 3474 3943 298
4360 2365 7840 6811 299
5788 5807 7290 9548 300
2272 5288 3098 7461 301
1528 3091 8425 5569 302
7067 9339 7378 9727 303
3787 1635 6362 2094 304
1269 2650 2824 9057 305
6325 2870 8509 2946 306
518 1587 9757 7808 307
1135 4995 5545 9967 308
7428 283 9759 1288 309
2206 3209 9726 5936 310
6793 5275 9289 9507 311
3076 1602 6910 2252 312
4531 3040 7011 4903 313
3337 3855 7849 5910 314
3850 8015 3958 9503 315
1337 851 4334 1097 316
1134 320 8114 2385 317
1946 4006 7213 6256 318
1235 663 1531 9866 319
1468 2916 4793 9324 320
7819 1816 8479 2365 321
4627 2023 5668 9626 322
38 5481 4829 6167 323
4372 2487 6332 7264 324
3819 1032 6001 2807 325
5416 1390 7947 5535 326
1256 4445 3299 6198 327
9076 3769 9114 7556 328
2486 5305 3285 5724 329
3466 1283 7748 8295 330
6765 4462 7786 8511 331
1726 998 9449 9620 332
157 652 4079 8379 333
1925 3914 8395 5225 334
6003 5080 6464 9670 335
1931 1568 9791 2636 336
8360 2096 8630 6874 337
2460 247 8157 6743 338
1206 5110 1274 7076 339
2460 6696 9284 9716 340
2617 895 3701 8095 341
8361 2472 8448 4451 342
4825 3108 8494 9531 343
4637 3267 8519 4677 344
3232 1715 7903 5692 345
2412 2291 8459 3687 346
6017 1653 7401 7115 347
3811 1369 9861 8831 348
3864 2312 9464 6078 349
7825 6764 8550 9003 350
2647 1681 7044 8463 351
7519 751 9492 1301 352
3016 2795 7395 9808 353
5087 3844 7827 9847 354
6962 1850 8840 8702 355
3219 3885 7125 7342 356
9036 6861 9963 9654 357
2770 1909 4865 2216 358
1770 9289 7032 9942 359
1243 3920 6524 6392 360
612 80 9187 8439 361
4274 8636 9927 9467 362
486 6718 3241 8169 363
3705 412 8406 2741 364
4721 5955 6419 9586 365
4523 1495 9189 7311 366
1555 2952 7789 4432 367
5385 4704 9344 5997 368
4784 788 4884 9158 369
1063 656 9424 4977 370
3146 3726 9910 9968 371
4139 2625 7904 9061 372
558 2211 1368 6099 373
58 3411 5892 3799 374
4200 8231 6363 9585 375
2060 5582 9287 6944 376
4071 1486 6370 2454 377
2147 2142 7432 8409 378
5869 1187 6930 8377 379
3791 3812 6360 6918 380
2376 3017 5159 7403 381
2780 2986 8786 7555 382
5496 7556 5786 8923 383
857 852 1426 5497 384
3306 5727 3580 6984 385
5478 4021 7090 4136 386
7699 4059 8866 5208 387
2657 977 5372 7816 388
347 2887 7748 5220 389
2775 2225 3127 4975 390
1149 2531 4913 6339 391
2006 5586 3383 8189 392
1525 132 3042 1313 393
1802 505 7003 1055 394
668 3325 2065 5114 395
2444 1141 7438 1538 396
2713 2270 2791 4425 397
1840 3106 3003 7246 398
4152 2510 6129 9445 399
3986 8097 5865 8907 400
5511 5391 5762 8867 401
2249 4584 7564 9922 402
1388 1752 4314 7909 403
3832 6623 5403 9643 404
420 5246 8116 6309 405
2492 7575 3423 9415 406
5212 86 8621 4486 407
4535 1062 9199 9745 408
297 4214 1489 6281 409
2555 8052 3738 8798 410
3060 6157 3944 7776 411
5800 752 8463 2931 412
5998 9240 6220 9644 413
5007 3463 8490 3571 414
9 4302 220 5771 415
4047 1194 4544 3185 416
5536 1760 9467 9274 417
2022 3679 6910 5966 418
9836 95 9970 4785 419
847 7717 5636 8208 420
3309 5335 6845 7852 421
7776 4889 8317 5150 422
7785 660 9452 8682 423
3500 5388 3845 6228 424
7988 1015 9664 8039 425
1250 1221 4694 4005 426
452 2358 882 2870 427
75 1078 1299 8144 428
3385 8054 5283 9831 429
4982 2943 9411 7196 430
786 638 9955 2230 431
152 6027 8458 9817 432
2798 401 3394 7856 433
8088 1622 8213 5322 434
3980 6317 8666 8192 435
408 145 5622 4462 436
645 316 905 4551 437
1979 2766 7494 3865 438
2447 3404 3801 3953 439
5783 56 7258 3770 440
7978 3617 9177 6809 441
2544 7562 8431 8939 442
3483 3879 8764 5524 443
4693 2021 9106 6363 444
1691 3670 6572 6680 445
4066 2788 6897 7867 446
2545 6602 9344 8172 447
1943 3011 8328 3858 448
6273 5169 9820 7475 449
2767 2731 4604 9720 450
2963 1596 6250 5356 451
3617 1720 4008 5699 452
189 4255 4752 5722 453
4862 7345 8001 8474 454
3759 300 6646 2088 455
4941 2298 9663 7567 456
9483 439 9773 2736 457
1820 159 8892 5143 458
1135 5143 8107 6851 459
1724 1913 8571 7195 460
9269 2520 9675 7676 461
483 4243 994 5022 462
1674 2683 3993 5286 463
1337 2853 4981 7172 464
1106 7612 1942 9999 465
3762 4897 4123 5142 466
1993 3955 2231 6392 467
3587 5869 6917 6592 468
8389 4269 9208 9692 469
5643 3935 5736 6081 470
3669 1367 6618 5006 471
573 2178 1599 9057 472
2515 2629 6142 9056 473
266 7526 4198 8849 474
270 2804 2544 9461 475
3858 2405 5025 9418 476
3026 1855 9767 9110 477
3045 4288 8669 8690 478
5655 3696 6015 3966 479
2227 1447 2580 3024 480
8369 4076 8432 4987 481
2631 1527 7954 3836 482
2993 7340 8225 8435 483
8018 4137 9745 7853 484
2772 5992 3316 7793 485
280 6484 2713 8729 486
2288 4868 6532 9047 487
2071 3481 8759 6316 488
504 8468 6744 9487 489
2305 2924 4699 7366 490
4706 3316 5298 7711 491
803 3806 5564 9927 492
5232 4073 9798 7946 493
6431 5071 6909 6675 494
3441 6291 5722 8553 495
4146 1002 8959 2034 496
502 6755 5704 6841 497
2807 4457 4207 9679 498
3742 4126 5265 6068 499
5658 891 7932 2348 500
4082 6865 6421 8837 501
3330 1936 5512 3123 502
7586 1676 8228 8084 503
62 5438 3539 9243 504
565 5998 2279 9724 505
2029 4182 2838 4455 506
5771 524 8308 1430 507
6240 322 9224 8673 508
5645 5327 7510 7188 509
5476 3312 9374 8450 510
3704 1397 6479 7244 511
6541 2839 6835 7106 512
5190 6831 5467 8305 513
7219 2761 7365 9343 514
5673 7125 9637 8265 515
5213 858 5798 8587 516
2127 6185 3308 9034 517
987 2346 7604 7660 518
3743 1256 7466 4008 519
448 7466 6931 8750 520
649 3407 5638 9209 521
2520 3687 8014 8552 522
2029 1952 2157 3722 523
6892 4580 7827 7487 524
5371 2873 7117 9327 525
4457 1923 5220 3340 526
948 2283 5315 8598 527
1396 3386 9750 7348 528
756 2596 6751 4766 529
3276 1786 7500 4805 530
6758 3709 9530 5508 531
2 5373 6441 7549 532
422 1053 3558 4367 533
1994 6291 4393 7310 534
4926 3090 5341 5908 535
1028 6476 9609 7780 536
365 2546 5424 3641 537
2925 5427 7351 8807 538
461 463 7288 2516 539
3729 2189 6417 3639 540
3192 5186 3242 8007 541
650 8848 3987 9328 542
1109 2418 5576 6605 543
718 4385 5247 7435 544
671 1076 3283 3596 545
2856 2403 6986 7448 546
1272 225 6496 4263 547
2804 3864 4041 7233 548
1871 2420 2398 6385 549
2521 2066 7620 4450 550
836 1055 8729 5799 551
1792 3234 6083 6755 552
663 6703 1427 8413 553
5459 2213 9871 6367 554
2829 6592 3083 7124 555
5633 710 6808 8032 556
5032 3905 9482 4417 557
6483 2184 7102 8355 558
5762 7983 7320 9755 559
3906 2862 7570 5333 560
4585 99 5918 4456 561
2312 812 7729 823 562
3767 775 5141 4288 563
575 1959 4998 5159 564
4480 5865 5928 7935 565
572 119 8764 2436 566
2687 2191 4454 6593 567
5054 1927 8376 2961 568
2026 5053 7324 7417 569
690 2217 4592 5832 570
6505 2959 8359 5287 571
4470 7246 7856 8688 572
398 6623 9463 9162 573
36 1598 6742 2723 574
142 5668 7549 5925 575
1548 5239 7595 8872 576
2656 277 5973 3016 577
2494 1960 7249 5200 578
5351 3207 8159 7247 579
846 1896 8981 9379 580
309 4894 8519 6697 581
1614 5515 2844 5772 582
1441 886 9338 1440 583
6679 1362 9036 6110 584
5688 730 6387 9289 585
5930 585 8881 1249 586
441 3792 4849 9422 587
2040 2356 2047 5153 588
47 5406 560 8526 589
1178 4041 9244 8582 590
1833 5821 2619 8008 591
1931 553 4865 5722 592
6452 3552 8319 9842 593
2382 2823 7443 4137 594
4282 691 8644 8597 595
3750 3234 6322 9400 596
150 1760 4806 9394 597
5801 4328 5984 8604 598
149 2964 3987 8852 599
2081 6752 8686 9405 600
5138 6656 5599 7520 601
7146 6695 9394 8039 602
1428 5082 5292 7750 603
4482 985 5394 1896 604
5640 1625 9097 7642 605
1971 6581 4899 8886 606
8472 553 9545 7738 607
3495 3657 8231 9721 608
314 4840 5446 7241 609
288 5240 3812 9231 610
666 2990 1932 7326 611
327 789 5148 5575 612
3217 676 9425 8766 613
1699 3661 5188 5914 614
4 566 1244 5827 615
576 5548 3499 8945 616
7242 137 9141 1054 617
5721 6294 5781 7713 618
5636 1391 6387 1535 619
2316 8093 6966 8676 620
184 1724 3794 8769 621
1845 1737 4683 9441 622
1039 4538 8656 5268 623
5584 2826 7168 9835 624
2661 232 6324 8442 625
2045 6155 2878 8432 626
3899 6320 8514 7182 627
865 5275 1348 7401 628
396 3340 1495 5478 629
1431 2470 7215 2782 630
2223 3360 8050 7807 631
1571 4232 9547 6985 632
5872 2675 7217 7917 633
95 2702 5182 4962 634
9022 2144 9081 6299 635
3772 52 6722 8217 636
4168 1558 5530 1952 637
4340 4422 9098 7673 638
4135 313 8742 5481 639
2466 898 3682 9554 640
9684 3824 9925 6131 641
5107 541 6526 1093 642
1900 3192 3238 8622 643
3244 3882 3362 6840 644
5127 577 8398 5834 645
6609 7832 9090 8250 646
83 4426 744 4498 647
5396 333 8902 4938 648
509 1069 5321 6780 649
2163 3673 3387 5287 650
1753 1467 6865 3909 651
6462 1589 7101 5349 652
1184 941 1851 8518 653
3120 4889 4145 5126 654
3204 5667 5976 8458 655
1372 3045 2352 3396 656
817 6177 2861 6248 657
9332 7437 9851 7887 658
3068 8904 8149 9530 659
4254 3454 5250 7471 660
1790 747 5989 5935 661
5873 7176 9110 8666 662
1849 3476 9195 9573 663
1548 761 6872 8970 664
1500 3374 4041 7010 665
1249 771 7703 7163 666
6068 302 9398 1001 667
6674 4455 7773 4816 668
115 7103 5202 9225 669
631 4243 7428 5629 670
7719 1374 9826 1555 671
943 2136 6877 4984 672
5498 4710 8377 6080 673
6747 2498 8226 6852 674
646 3499 3506 3672 675
7631 7746 7954 8488 676
1943 3323 9508 6936 677
2574 8752 7566 8918 678
473 127 1637 2580 679
7350 2080 8615 3917 680
465 3564 4979 4512 681
3205 3851 7716 6062 682
1222 7523 9561 8854 683
2363 2952 3867 3376 684
4306 3232 6276 6664 685
194 1832 5582 1985 686
2407 4412 8464 6110 687
3431 248 4681 8190 688
9054 3812 9661 9218 689
6227 3070 6771 4345 690
2140 6008 6945 9551 691
2504 6319 5661 9384 692
2400 5326 8780 9552 693
7889 6742 7983 7158 694
2705 2488 7923 2852 695
2604 2736 7394 8617 696
2900 3220 6449 7836 697
7258 1268 9127 3917 698
555 3628 3469 6216 699
3012 1105 5973 2536 700
1764 6431 8440 9747 701
2681 5386 3590 6490 702
5694 469 7865 7874 703
3089 9087 6962 9538 704
6923 5342 9862 9110 705
533 1088 3027 2962 706
6496 7305 6590 8821 707
5954 6278 6193 7718 708
2710 3818 4633 7314 709
2652 517 6660 9052 710
2354 986 6926 5443 711
3888 102 6425 1333 712
443 233 9700 5444 713
4758 2671 9823 7674 714
1331 1493 1348 3654 715
7524 2157 7771 7725 716
1543 5823 6833 9485 717
4875 6354 8203 6909 718
3693 2353 8153 8393 719
118 4847 3686 6171 720
482 2756 6644 6657 721
430 9103 1402 9328 722
1761 2757 7173 5637 723
1297 4146 6834 8130 724
8377 2932 9969 3968 725
322 5701 1196 9842 726
367 446 2195 6838 727
2233 3009 5294 9067 728
1938 3340 2117 5724 729
1405 661 2548 8795 730
7905 6299 8578 9875 731
445 3117 4739 4358 732
4678 2401 6767 4315 733
2243 17 5000 1720 734
463 8558 790 9376 735
5757 4047 7919 8443 736
36 3740 520 8936 737
1925 503 2535 9598 738
440 5180 2249 6731 739
1089 4649 2694 5813 740
3402 129 5767 7119 741
146 2788 5646 5191 742
3749 8516 6961 9071 743
1668 3118 3312 8057 744
3210 2109 3832 6993 745
2943 2538 5746 2612 746
5192 4070 5695 4239 747
3136 52 8719 5255 748
181 4120 8474 8727 749
3918 3260 6679 3641 750
1777 2040 4020 9064 751
2182 97 5089 5273 752
5393 7382 7091 7491 753
34 29 6346 1579 754
4100 1530 8394 5818 755
5870 3138 9171 7645 756
1865 8117 2404 9083 757
5783 6155 7730 9076 758
8140 948 9507 8196 759
6675 2573 8293 8420 760
1736 5911 6307 8123 761
2292 1047 2653 9702 762
5520 1916 6392 8930 763
2068 146 7742 5913 764
285 2420 4031 5582 765
1010 7620 8113 8576 766
6772 2178 9151 4920 767
3845 598 5065 3154 768
152 1277 2861 9157 769
979 1546 5153 6557 770
2851 593 5487 9814 771
3907 4192 5727 7092 772
6110 4223 9026 6612 773
36 5539 5188 8195 774
8312 7717 9467 9730 775
3312 2884 4667 9816 776
4161 2682 7528 8974 777
1492 580 5531 4343 778
6746 1277 7370 4936 779
2473 4936 8380 5469 780
7406 3795 8433 9159 781
3622 1934 3707 5686 782
3174 1664 3404 2839 783
900 1952 4423 2655 784
5061 986 7981 6553 785
1566 882 3512 7248 786
2185 2159 8312 7137 787
3980 676 6917 8425 788
2414 2388 7585 4471 789
157 674 7644 818 790
8691 9 9913 4337 791
9017 1005 9591 2641 792
6998 511 9979 7558 793
4807 2561 7897 7745 794
3344 6613 9905 9698 795
237 2651 8124 7289 796
1760 1391 2061 9705 797
2066 6875 8270 8183 798
3237 6700 7109 8872 799
2254 7705 7865 9252 800
1616 5741 7844 6115 801
2775 6119 3861 8302 802
118 355 4353 2732 803
22 890 2477 9359 804
750 6404 8134 6947 805
174 940 9168 6277 806
3411 5665 6164 9330 807
4030 1270 7035 1874 808
7385 1426 8651 3968 809
1246 1364 2270 3897 810
2982 5452 6623 8072 811
7431 2694 9356 7490 812
4533 54 9641 247 813
1187 2683 9816 9579 814
2013 5245 3703 7733 815
2867 4052 9049 5960 816
252 1831 9928 7851 817
2080 1526 8550 5567 818
3639 3330 5062 4418 819
6025 1956 7422 8261 820
2018 2010 8508 8186 821
4693 6102 6047 7766 822
3059 2108 9363 3836 823
2230 2512 6148 8834 824
695 978 6076 6685 825
2253 2504 2776 7838 826
2187 8609 2244 9667 827
4564 6582 6870 7975 828
1730 1121 6337 4129 829
5239 231 7382 441 830
419 3184 4602 8901 831
1414 2018 6567 8995 832
2109 1237 8704 9974 833
7309 5428 8830 9553 834
1017 5572 4037 5581 835
3547 2164 7259 5341 836
9637 5822 9884 7267 837
4876 7708 6053 9478 838
2825 9014 6610 9392 839
1032 2837 4376 8388 840
4714 3397 9736 4075 841
3544 4562 9503 9303 842
4875 143 9892 7151 843
8423 8307 8659 8844 844
4666 5574 8296 9524 845
7071 5354 9635 9896 846
2597 5641 4368 6973 847
4029 1489 5401 6162 848
237 4887 5095 8639 849
4190 2336 6092 3201 850
9065 3840 9697 9487 851
8331 2148 8356 3005 852
4074 2529 9349 6421 853
3709 6306 7884 6317 854
1958 4005 2252 9631 855
2339 5495 5794 7434 856
2383 2426 6734 4828 857
1979 6341 7276 7164 858
1676 6385 3004 6534 859
7687 7037 8682 9390 860
8271 2818 9108 3458 861
2507 4760 6127 5476 862
1460 6777 4438 8765 863
612 564 3606 5989 864
7346 4622 9342 7169 865
686 2998 1321 7316 866
3690 7729 3850 9383 867
5125 4766 8884 7992 868
4576 2256 9748 7162 869
704 5142 8991 7016 870
451 4057 2133 8271 871
5187 6398 9098 6444 872
4529 2203 9920 7419 873
606 4296 1087 5201 874
936 173 1289 2025 875
2413 2161 3144 4517 876
1680 4417 7720 4776 877
7023 6270 7785 7474 878
894 5369 6271 7883 879
633 3315 2433 8165 880
553 1159 1936 5518 881
3023 1807 7071 4312 882
185 837 4359 6772 883
5355 5285 9681 7401 884
3387 410 9703 8530 885
3840 4236 4800 6463 886
5694 8128 8471 8184 887
2702 1443 9104 6010 888
3313 3521 4638 4014 889
384 4743 5329 8326 890
1866 1547 9164 7867 891
871 4258 3152 5300 892
3830 1020 9207 3048 893
5256 677 8631 5863 894
3727 5157 4048 9183 895
2952 5193 6750 7740 896
6265 1754 8715 3001 897
396 2262 6433 7744 898
1949 2820 5611 3809 899
8764 3430 9109 4323 900
4450 4275 9292 7371 901
9587 4952 9706 9785 902
3635 6737 6462 8968 903
4162 2032 5766 4477 904
2584 5033 2877 9625 905
9017 966 9130 1887 906
1093 138 2048 9857 907
3568 4181 7509 6801 908
7904 1076 8018 4076 909
2381 3830 3843 3861 910
2829 567 8843 961 911
1397 2572 3343 2993 912
3981 2197 4379 9350 913
436 954 9861 6668 914
2484 7164 6806 9994 915
6726 4744 7697 6795 916
4224 5172 5601 5797 917
6605 1800 9033 9627 918
195 1558 8214 2761 919
2107 482 7944 8277 920
2680 2699 2838 7627 921
647 1953 9468 3653 922
817 1947 7453 4179 923
5094 468 8514 5275 924
447 2275 5670 6265 925
2244 427 5832 4046 926
8791 1956 9541 6735 927
1648 838 8791 1364 928
5343 3537 7823 7291 929
5990 9244 7190 9795 930
4360 3974 7543 9226 931
5601 4660 8990 9694 932
2311 3288 2400 8232 933
67 3347 4556 8631 934
6939 6435 9608 7608 935
5730 8446 7799 9905 936
1983 7197 3143 9133 937
2793 6238 5526 8929 938
337 5464 9255 5679 939
1209 339 1511 3609 940
174 4730 9979 8194 941
47 4430 3177 9655 942
116 2199 865 3616 943
2062 2104 5016 8159 944
398 3645 5653 5924 945
2574 8514 8447 8784 946
3978 815 8181 5742 947
1154 2016 1841 5704 948
3898 6746 7486 7533 949
7075 3540 7528 3543 950
4745 5742 7156 9762 951
4199 5969 5571 7921 952
1566 1893 9852 8299 953
407 3435 492 5026 954
737 768 4250 2579 955
1757 4595 6472 9243 956
6722 149 7693 3128 957
1574 3693 6668 6319 958
177 5748 5787 6081 959
4003 1717 9986 6191 960
1921 842 9962 8766 961
4278 144 6721 3810 962
912 2741 4880 2989 963
3737 2232 7336 6811 964
1382 2956 1712 6961 965
4733 4910 7006 9275 966
1709 7010 2793 9132 967
2064 3985 5079 5323 968
1393 4466 6165 9103 969
6795 1676 9247 8276 970
1018 249 6512 4665 971
3250 2440 4706 3412 972
373 5396 1314 6047 973
1024 6525 7379 7309 974
2733 4797 4319 5657 975
5750 5134 7332 7143 976
4238 1609 9849 6645 977
6238 4673 9837 6349 978
5690 2950 7256 8314 979
5292 755 6363 6607 980
6151 468 6736 9006 981
3527 2612 6316 6993 982
635 3761 2650 6386 983
6334 6183 8896 9881 984
1491 9180 9486 9323 985
205 1337 7729 5673 986
2248 3892 8623 9651 987
406 6851 1338 8075 988
2910 6437 5858 8543 989
2174 5402 5536 9161 990
4538 872 9163 1899 991
1781 3407 8059 3897 992
2588 3221 9624 3705 993
5246 1393 9145 5042 994
221 1560 1045 5286 995
1452 714 2137 5987 996
882 3503 7995 6521 997
6418 5683 8905 7308 998
7582 2480 8069 8180 999
1587 1691 5715 6378 1000
