300 300 30
20 66 47 208 68
228 251 285 281 10
100 60 151 115 45
127 68 186 128 83
253 70 290 246 11
88 47 192 265 93
145 170 227 190 50
113 117 134 271 73
223 108 282 183 19
85 123 229 286 11
11 70 131 252 21
211 69 257 273 70
35 4 135 48 82
133 121 222 130 18
51 6 88 180 21
76 138 198 270 100
188 142 278 233 97
65 65 270 250 24
252 52 282 156 4
68 5 113 82 45
228 187 248 251 70
29 51 80 118 32
1 189 77 289 92
269 7 299 136 15
37 65 200 73 95
1 217 244 287 39
97 62 219 122 95
118 49 275 85 79
19 78 51 121 61
0 124 125 135 62
