800 800 100
208 397 328 781 1
322 275 586 615 2
303 127 351 528 3
401 108 652 798 4
666 315 773 669 5
95 242 452 324 6
137 411 782 668 7
249 601 760 793 8
299 502 556 553 9
514 222 714 284 10
53 336 88 704 11
390 134 747 649 12
318 164 662 521 13
165 103 734 292 14
553 743 607 792 15
187 266 535 721 16
573 414 631 703 17
188 477 561 748 18
148 0 680 185 19
30 93 579 368 20
283 110 622 595 21
164 75 597 611 22
164 2 234 616 23
117 51 247 783 24
450 460 787 592 25
72 100 568 741 26
335 182 739 747 27
714 556 793 660 28
120 623 548 713 29
4 399 422 694 30
452 662 752 781 31
19 251 668 756 32
199 288 375 737 33
147 571 479 789 34
608 421 782 441 35
705 132 726 468 36
262 62 773 566 37
235 239 448 764 38
59 400 770 495 39
410 616 640 708 40
308 580 446 788 41
432 183 455 492 42
225 141 341 379 43
222 23 269 610 44
359 156 568 660 45
104 440 284 735 46
347 179 495 580 47
266 206 703 342 48
429 423 587 657 49
145 211 426 381 50
224 370 435 678 51
96 4 329 85 52
568 604 711 630 53
440 318 493 482 54
228 198 627 236 55
74 17 510 401 56
27 479 103 676 57
137 320 216 409 58
189 484 646 699 59
66 415 181 658 60
256 190 298 662 61
304 186 698 470 62
41 309 65 552 63
777 430 783 474 64
239 617 511 633 65
205 105 576 360 66
344 310 586 397 67
144 207 581 694 68
250 760 320 766 69
4 87 628 473 70
150 423 493 447 71
696 112 710 442 72
135 73 228 416 73
295 440 702 661 74
614 719 759 729 75
72 305 388 690 76
528 315 756 785 77
88 168 386 657 78
58 292 690 447 79
179 152 529 306 80
225 191 470 425 81
475 564 728 676 82
19 11 740 212 83
321 493 609 751 84
45 569 360 697 85
426 78 549 409 86
40 144 500 428 87
102 545 495 778 88
598 518 799 762 89
100 311 138 592 90
81 76 529 318 91
449 374 635 566 92
51 344 591 562 93
98 262 455 347 94
91 3 553 233 95
29 472 720 604 96
130 127 506 196 97
576 84 697 377 98
75 629 482 747 99
395 12 424 241 100
