800 800 100
190 172 776 321 11
381 254 742 490 42
204 191 378 334 97
383 447 666 587 95
605 34 727 643 50
19 323 489 656 15
625 399 699 590 61
21 465 720 583 84
233 484 596 692 1
290 56 686 780 49
161 94 499 264 78
403 256 540 464 50
72 518 249 601 61
301 205 481 461 3
16 395 285 788 66
242 646 653 717 61
242 585 774 763 21
492 14 549 383 74
5 351 612 630 53
682 358 789 642 72
416 382 443 563 55
87 326 194 688 90
435 52 800 375 48
107 177 648 457 62
124 258 792 739 29
103 41 599 462 49
216 458 344 606 68
687 267 797 741 59
518 666 741 720 41
230 312 733 529 88
90 292 684 416 80
651 608 662 752 37
140 221 477 435 35
154 181 404 735 56
346 457 581 476 55
393 255 464 278 99
600 270 672 545 48
321 22 646 684 80
52 230 293 347 48
543 405 704 586 12
219 196 360 516 46
570 73 735 664 3
94 111 445 296 4
12 263 771 501 81
251 228 416 730 65
515 497 642 698 4
443 171 685 291 74
442 150 444 532 31
446 172 670 282 61
191 542 598 656 54
669 97 710 570 67
408 602 768 668 3
120 552 793 690 100
424 129 664 182 49
391 359 680 762 86
587 16 637 395 62
282 452 414 559 11
391 273 493 299 58
14 184 442 767 14
714 38 743 85 21
157 189 246 589 39
20 16 733 759 51
278 229 500 679 85
351 77 519 355 48
256 43 592 765 75
60 295 750 605 27
69 269 479 413 20
81 679 294 715 61
235 589 790 623 32
384 289 792 569 98
612 186 780 230 15
118 161 319 417 52
190 275 319 309 88
187 181 485 451 58
187 7 566 213 72
610 489 668 679 42
210 15 291 184 53
236 35 470 630 27
288 70 340 754 45
61 478 196 763 98
502 72 700 795 90
48 31 209 514 64
86 506 205 677 50
347 100 613 451 41
511 3 647 204 52
87 432 391 725 75
0 118 368 224 54
42 366 220 433 43
316 138 500 585 3
264 677 430 797 21
555 522 613 692 28
249 392 671 547 87
269 147 410 407 33
146 70 332 185 76
215 215 743 256 91
515 81 554 663 54
45 86 227 725 98
239 356 499 493 76
80 312 719 382 68
113 111 133 251 46
