1000
26022 26065
17435 17463
17766 17811
6543 6575
19436 19516
17161 17174
11704 11736
11040 11088
8106 8142
19810 19855
9464 9473
13056 13082
20364 20421
19954 19959
2697 2765
3465 3548
9267 9282
26107 26138
20459 20550
14267 14358
14968 15068
12099 12156
21594 21616
7965 8023
11094 11171
453 480
15105 15113
26944 27006
11120 11126
21755 21819
24531 24628
26838 26900
18740 18760
14038 14044
24321 24322
1917 1971
14251 14321
14145 14146
8207 8225
18448 18454
8917 8949
1116 1180
29584 29606
28081 28127
7356 7428
31553 31555
21880 21893
5218 5231
5903 5983
27001 27100
6937 6962
24391 24466
26994 27055
13325 13381
19376 19381
21636 21639
29536 29630
12074 12081
2985 3033
7868 7884
15284 15331
31870 31957
31081 31179
30252 30332
11216 11275
31772 31838
18894 18900
9589 9664
23909 23993
16660 16707
15940 16001
29679 29701
29910 30008
8600 8624
22395 22467
22702 22776
2114 2177
22228 22230
1467 1488
2590 2658
4141 4203
12123 12207
23778 23851
14409 14449
707 799
16173 16190
31734 31784
23724 23728
24001 24019
14967 15064
23899 23969
1981 2072
24057 24149
19154 19201
19376 19422
15879 15931
11138 11172
825 869
26175 26224
749 772
10099 10176
20890 20912
13592 13622
17920 17975
18769 18839
8449 8474
16584 16593
4105 4205
2326 2373
24168 24204
20144 20169
4769 4838
19668 19729
15655 15706
7670 7717
27506 27547
1795 1867
24834 24868
13353 13402
27416 27462
14176 14185
15320 15343
18537 18585
24472 24475
11128 11210
23795 23895
12106 12107
908 932
10193 10261
27384 27411
22851 22921
26582 26658
14507 14559
7026 7068
27850 27896
4359 4373
3183 3216
14851 14869
24841 24876
27480 27545
21677 21769
21559 21643
12598 12605
4943 5030
20172 20196
23787 23797
7301 7313
26873 26952
15947 15978
27492 27542
30921 30971
29898 29960
3751 3829
3319 3377
7585 7594
10528 10546
30184 30194
5982 6034
15957 16026
18524 18617
16068 16103
9637 9689
1609 1667
26277 26339
30823 30888
3253 3331
5402 5481
26182 26240
26839 26862
25995 25997
11853 11854
4013 4072
25858 25872
14588 14667
25517 25518
12298 12342
21341 21391
6707 6731
23359 23441
23693 23700
12848 12897
28335 28394
7126 7172
12359 12395
12412 12498
17152 17180
27731 27761
7335 7385
22912 22930
5902 5961
21616 21624
21916 21922
20452 20509
21771 21779
3137 3187
19021 19080
4732 4751
21760 21806
4933 4983
8578 8674
21426 21453
24065 24092
22305 22313
20892 20914
28555 28635
19445 19446
25589 25677
20023 20035
22861 22948
14601 14606
8529 8549
13157 13187
10187 10240
15552 15557
8657 8740
3987 3990
11845 11889
15007 15014
3663 3700
14083 14149
10999 11097
15742 15770
3772 3798
12270 12329
31031 31039
25973 26004
20122 20159
8001 8096
25923 25993
26735 26752
5133 5160
20734 20822
30630 30709
7251 7343
20887 20896
21305 21349
27455 27463
4315 4396
27501 27502
5304 5316
8420 8453
17659 17675
27501 27541
6451 6549
9651 9677
25331 25412
22199 22255
17968 18016
21741 21753
3072 3093
4067 4073
13958 14039
133 224
11689 11704
17112 17192
6775 6874
7493 7505
431 439
29251 29308
12406 12453
8083 8104
30363 30372
689 721
19837 19880
18139 18205
21741 21789
20286 20289
28439 28507
4246 4311
17387 17487
29941 29964
25331 25347
9708 9745
2065 2134
960 967
30763 30779
28928 29023
13857 13887
18440 18450
19491 19494
13786 13788
3533 3576
17631 17695
6147 6207
12002 12092
17932 17957
4323 4401
6619 6642
21525 21565
3334 3411
23214 23312
3421 3466
8899 8926
28834 28923
2288 2322
11076 11096
27640 27663
1720 1814
17189 17233
17481 17562
20615 20682
26847 26937
15595 15681
25289 25336
10408 10504
2009 2035
25597 25630
1280 1317
5706 5746
17319 17365
16068 16108
21742 21796
7666 7739
22578 22678
17043 17130
5838 5857
20293 20329
10657 10671
20093 20171
28988 29066
816 834
12867 12892
10696 10697
237 301
6059 6152
2334 2411
4618 4671
15637 15665
22822 22858
25378 25458
24283 24314
11619 11645
26250 26331
16884 16915
15153 15227
30366 30440
10210 10270
3678 3778
22096 22179
9190 9253
21670 21760
23904 23977
17771 17862
21910 21944
7070 7106
18395 18460
22992 22993
12219 12242
14694 14717
14052 14141
7109 7196
11070 11129
17052 17069
23218 23308
16385 16438
6039 6073
25251 25325
11051 11092
18366 18427
6709 6736
15371 15411
26902 26907
6256 6272
18041 18134
18837 18861
19685 19739
11299 11317
17750 17771
24802 24827
9260 9312
23147 23218
1680 1727
14511 14537
5800 5804
10236 10295
1181 1209
31685 31739
29171 29235
8163 8246
8478 8565
892 982
4305 4311
20059 20121
2052 2067
29921 29982
12577 12635
16969 17062
8014 8047
12162 12235
3173 3273
6219 6295
5477 5501
974 997
20478 20499
7796 7798
27932 27953
12067 12131
19437 19478
2724 2726
12628 12687
21871 21912
4941 5037
13436 13497
5939 6031
1915 1992
15195 15278
28150 28239
20744 20813
21199 21234
13094 13165
25244 25304
25801 25878
574 606
5604 5674
1631 1643
3124 3165
15111 15134
7127 7195
5135 5145
9352 9440
24479 24524
6887 6909
10866 10934
17130 17211
23321 23339
4294 4320
25590 25628
16483 16485
3625 3643
16329 16351
4115 4173
24188 24198
17104 17110
24910 25003
25652 25718
1152 1203
17568 17590
24275 24278
26202 26277
29785 29828
27299 27340
8351 8362
14923 14929
15376 15385
19429 19518
26134 26173
6511 6605
31470 31553
28309 28336
17060 17065
21572 21616
29238 29315
7890 7985
2380 2406
26993 27052
30856 30861
14096 14108
24539 24609
8327 8354
6880 6956
7198 7249
26546 26625
14157 14225
13618 13662
10188 10256
23353 23409
12480 12531
14508 14536
15159 15250
21228 21236
7077 7140
25493 25576
21673 21755
5130 5189
29887 29937
8392 8439
15143 15196
26085 26102
9388 9404
24280 24320
13203 13249
4561 4570
26964 27047
6861 6890
20084 20161
17841 17922
1289 1307
19842 19899
16990 17031
15399 15452
16692 16711
6310 6343
20475 20558
18278 18320
15540 15605
22105 22190
16812 16836
2459 2506
6610 6638
25195 25269
28376 28438
10243 10335
21464 21512
21054 21127
24008 24028
9619 9659
10825 10892
20034 20042
25404 25472
13645 13705
949 984
30741 30798
25479 25482
11819 11884
30002 30068
25409 25430
6745 6841
1456 1460
24440 24505
5276 5321
27688 27778
23062 23087
31374 31391
5961 5975
25142 25220
7710 7803
6950 6983
10835 10838
4663 4688
12415 12493
24728 24791
28400 28493
10904 10971
11505 11602
8051 8125
13657 13705
5992 6057
12003 12031
10422 10505
17491 17547
7900 7923
12999 13075
19880 19938
20039 20071
8826 8898
1020 1032
23374 23455
24067 24148
25563 25569
13413 13478
11134 11204
24344 24372
25879 25975
13716 13801
17059 17130
13021 13030
18888 18943
27033 27096
3076 3078
20999 21019
21428 21495
23408 23420
3523 3592
3309 3347
28433 28516
29204 29222
17526 17564
16488 16580
19312 19389
18473 18522
1369 1445
15950 15958
318 381
335 355
24871 24916
9363 9373
18931 19005
14352 14388
15763 15831
22025 22111
22225 22236
1900 1982
20060 20114
2236 2251
7251 7294
1547 1632
18437 18520
18676 18734
15400 15480
28430 28462
2603 2660
13781 13790
2795 2894
21626 21687
23680 23690
9112 9124
2651 2692
19525 19623
20574 20659
26736 26775
3655 3724
19213 19289
4350 4421
14599 14627
24346 24424
31842 31940
22608 22609
31901 31990
31482 31567
14002 14077
31861 31877
22469 22535
22419 22486
27103 27127
29904 29991
8137 8204
15488 15557
16745 16767
193 198
30116 30168
12366 12436
12092 12125
20221 20250
30371 30461
28452 28471
9255 9342
21889 21988
24995 25062
31243 31264
18658 18689
3884 3892
25587 25659
10709 10808
20414 20450
24053 24097
28625 28657
21670 21680
19707 19773
3779 3864
8838 8853
6166 6192
10159 10176
16353 16415
12587 12685
3832 3909
5211 5220
3353 3441
31236 31327
14282 14339
9495 9542
7017 7054
6526 6558
23472 23565
26207 26252
22617 22619
31954 31989
2084 2159
4486 4489
14836 14837
14145 14152
3898 3949
14789 14849
2144 2198
10230 10257
12164 12244
12260 12262
17168 17191
25215 25300
13980 14033
20116 20146
7071 7075
5365 5450
14669 14741
29009 29107
25927 26025
27567 27576
24151 24248
28412 28417
15095 15123
12719 12767
15317 15362
9985 10046
3594 3625
19094 19182
14407 14472
6959 7059
24478 24485
27719 27785
3381 3447
9503 9573
3210 3239
19751 19835
18303 18314
12105 12184
2042 2060
25851 25939
27703 27774
942 1042
20380 20463
19559 19562
6961 7007
9258 9304
23172 23188
6667 6712
16682 16728
16741 16746
5272 5332
22596 22674
29064 29094
12891 12923
27819 27846
5776 5822
14283 14300
404 416
2613 2702
27008 27068
30857 30910
2538 2617
24491 24519
10854 10909
31 71
10496 10498
3697 3744
5001 5003
28146 28176
30794 30825
6263 6308
5639 5727
29016 29100
8644 8648
22378 22429
10841 10893
22303 22386
11321 11342
26770 26799
13931 14024
19890 19910
31541 31618
11073 11111
862 895
12259 12290
18838 18896
20209 20263
15591 15635
22866 22876
10937 11037
761 822
5457 5496
6510 6585
13130 13143
5344 5441
22545 22568
7719 7814
9650 9711
16985 17055
13080 13094
3115 3204
11045 11055
1496 1525
26781 26793
3791 3870
9556 9595
27849 27852
14251 14297
1691 1697
2491 2501
8551 8651
12346 12421
15981 15999
19597 19697
20019 20090
13551 13603
15423 15428
26439 26440
18957 18988
31355 31407
4753 4763
23774 23850
10726 10775
9625 9689
19055 19152
22925 23008
29725 29822
23982 24025
26134 26214
25155 25213
27761 27822
7176 7197
24895 24912
5044 5103
22429 22445
22463 22556
19713 19780
25865 25946
25480 25545
28976 29027
30814 30820
6957 6976
7204 7241
3100 3187
12642 12655
7096 7108
24798 24846
31853 31915
243 248
31882 31912
2748 2776
26254 26283
3633 3684
5102 5141
29196 29201
14702 14730
2178 2214
108 129
16322 16382
24350 24385
6964 7056
27197 27253
4714 4747
30479 30557
31176 31268
16979 17052
23749 23750
5876 5894
473 481
31758 31810
19959 19974
6203 6286
19359 19385
904 909
13415 13512
3379 3456
1562 1591
4227 4327
2096 2103
10954 10995
8408 8446
15356 15419
30268 30331
21475 21559
15194 15215
1107 1146
4856 4886
11876 11945
1567 1626
24868 24874
27820 27890
16837 16908
13896 13975
1963 2031
28530 28582
14174 14261
7646 7691
3037 3130
8143 8173
6203 6221
13756 13770
17422 17452
9119 9125
21013 21071
8522 8595
1873 1962
14372 14412
22427 22465
5177 5178
8602 8640
18041 18059
1603 1659
5045 5115
16208 16216
22207 22283
19122 19176
9978 10053
30396 30471
8332 8411
14910 14994
1391 1462
14909 14966
10631 10704
30617 30658
15642 15697
3897 3927
1450 1451
19990 20045
31406 31421
26299 26396
4634 4713
15251 15297
21046 21084
2210 2240
20913 20950
9465 9507
5998 6078
27264 27333
21265 21289
2925 2990
20132 20135
21002 21081
8301 8371
21518 21583
13140 13208
19252 19335
17635 17649
11104 11140
13902 14000
22502 22544
27259 27357
23892 23969
9866 9962
8275 8281
30920 30933
24814 24840
22421 22452
11502 11533
19493 19516
21897 21949
26273 26355
16905 16952
30357 30392
8643 8656
817 868
15358 15457
8771 8812
6402 6475
17519 17550
277 322
25246 25272
14744 14825
11282 11324
16923 16948
29838 29858
3827 3853
18090 18148
12949 13007
2829 2833
11066 11073
9863 9944
11845 11861
26204 26259
18480 18493
22606 22655
22891 22904
12175 12205
24487 24543
20035 20105
15492 15498
15054 15069
23826 23913
30647 30723
559 628
13623 13700
26922 27016
12104 12164
19881 19914
17510 17601
19272 19355
7599 7674
11502 11594
17571 17583
20812 20819
18238 18336
31095 31157
4254 4277
21292 21355
7410 7462
29335 29352
21984 22026
15659 15712
5166 5261
17277 17350
3531 3617
11420 11422
24590 24658
11731 11775
24389 24393
8029 8074
14179 14189
16633 16686
17149 17222
12251 12324
6214 6242
8426 8443
1876 1925
25549 25591
13134 13173
21431 21510
478 566
3446 3488
23917 23983
13222 13240
19093 19121
10911 10946
4447 4450
22003 22011
2451 2482
29726 29774
29897 29933
7981 8031
16256 16343
25867 25901