100
99000 101000
98000 102000
97000 103000
96000 104000
95000 105000
94000 106000
93000 107000
92000 108000
91000 109000
90000 110000
89000 111000
88000 112000
87000 113000
86000 114000
85000 115000
84000 116000
83000 117000
82000 118000
81000 119000
80000 120000
79000 121000
78000 122000
77000 123000
76000 124000
75000 125000
74000 126000
73000 127000
72000 128000
71000 129000
70000 130000
69000 131000
68000 132000
67000 133000
66000 134000
65000 135000
64000 136000
63000 137000
62000 138000
61000 139000
60000 140000
59000 141000
58000 142000
57000 143000
56000 144000
55000 145000
54000 146000
53000 147000
52000 148000
51000 149000
50000 150000
49000 151000
48000 152000
47000 153000
46000 154000
45000 155000
44000 156000
43000 157000
42000 158000
41000 159000
40000 160000
39000 161000
38000 162000
37000 163000
36000 164000
35000 165000
34000 166000
33000 167000
32000 168000
31000 169000
30000 170000
29000 171000
28000 172000
27000 173000
26000 174000
25000 175000
24000 176000
23000 177000
22000 178000
21000 179000
20000 180000
19000 181000
18000 182000
17000 183000
16000 184000
15000 185000
14000 186000
13000 187000
12000 188000
11000 189000
10000 190000
9000 191000
8000 192000
7000 193000
6000 194000
5000 195000
4000 196000
3000 197000
2000 198000
1000 199000
0 200000
