10
6
1 1 2 2 3
1 1 4 5 1 4
2
1
1 2
114
1 2 2 3 3 4 5 6 6 6 7 7 8 8 10 10 11 11 12 13 14 14 18 18 19 21 21 21 21 22 23 23 23 25 25 26 27 28 32 32 33 33 33 34 34 34 35 35 36 37 39 41 41 42 42 43 44 45 46 46 47 47 51 52 53 56 57 57 58 58 60 62 62 66 68 68 68 68 68 69 70 71 72 72 73 75 75 76 78 79 80 81 81 83 86 87 88 90 95 97 99 99 100 104 104 104 104 104 105 105 109 110 113
45 18 91 97 81 107 36 113 90 52 108 13 26 34 57 85 65 104 29 111 28 53 74 95 27 37 76 3 15 84 71 89 51 55 48 94 70 41 72 87 16 20 92 99 73 30 44 49 112 79 2 39 69 68 38 4 100 78 80 56 50 114 47 61 67 58 6 96 35 88 66 17 54 106 1 93 14 7 83 43 10 101 60 21 42 63 82 105 103 9 75 109 62 64 23 98 46 40 5 32 24 31 59 33 12 19 110 77 22 102 8 25 86 11
255
1 1 2 2 2 2 2 3 3 5 6 6 8 10 10 10 12 13 15 15 15 16 16 16 16 18 18 19 19 21 23 24 25 25 26 27 28 29 35 36 36 38 38 38 39 39 40 41 41 43 44 44 44 46 46 47 47 49 49 50 50 51 54 54 55 58 60 61 63 63 64 64 66 66 66 66 67 67 67 70 72 72 73 76 77 80 80 81 83 84 85 85 85 86 86 87 88 89 90 91 92 93 96 97 98 99 99 100 100 102 103 103 104 105 106 106 107 108 110 110 111 112 112 113 113 114 114 115 118 119 122 122 123 123 124 124 125 125 125 128 131 132 133 133 134 134 134 135 136 136 138 138 138 139 140 140 140 142 142 143 143 145 145 146 148 148 148 150 151 151 152 153 154 155 155 156 157 157 158 158 160 160 160 163 163 164 165 166 166 168 171 171 172 173 173 174 179 180 180 184 185 185 186 187 189 190 191 195 198 198 201 205 205 205 206 207 208 209 209 210 212 215 215 216 218 220 220 221 225 227 227 230 230 231 231 234 235 236 238 239 240 240 241 243 244 245 245 245 246 247 248 251 251 251
9 105 146 201 23 26 6 174 103 74 255 190 165 227 25 15 6 71 206 30 66 163 170 164 40 192 51 92 134 47 11 23 217 245 83 254 92 38 35 77 35 199 69 11 66 39 130 113 180 20 168 56 106 42 252 46 60 239 77 4 228 36 239 81 193 97 6 94 39 145 239 80 4 151 172 200 60 80 46 32 201 121 195 207 48 31 43 162 11 214 30 34 92 95 39 89 18 85 248 51 80 69 67 81 61 14 222 144 181 206 249 197 56 209 129 40 197 91 138 185 163 197 136 58 100 142 233 41 60 243 70 8 159 19 118 94 48 210 161 207 146 41 188 85 6 53 95 74 131 212 108 240 107 188 87 126 152 204 226 46 166 21 117 241 38 214 188 214 53 219 102 185 180 219 31 150 13 165 12 180 30 39 221 83 91 85 66 179 114 222 230 202 106 104 248 30 101 103 104 30 202 56 74 150 172 254 205 156 35 157 84 105 197 127 216 164 21 7 92 246 86 218 160 50 89 235 145 217 98 122 129 55 24 209 231 255 185 99 144 13 20 120 127 82 173 101 210 98 228 203 216 95 22 161 145
143
1 1 1 1 1 1 1 1 1 1 1 1 1 1 1 1 1 1 1 1 1 1 1 1 1 1 1 1 1 1 1 1 1 1 1 1 1 1 1 1 1 1 1 1 1 1 1 1 1 1 1 1 1 1 1 1 1 1 1 1 1 1 1 1 1 1 1 1 1 1 1 1 1 1 1 1 1 1 1 1 1 1 1 1 1 1 1 1 1 1 1 1 1 1 1 1 1 1 1 1 1 1 1 1 1 1 1 1 1 1 1 1 1 1 1 1 1 1 1 1 1 1 1 1 1 1 1 1 1 1 1 1 1 1 1 1 1 1 1 1 1 1
143 143 143 142 142 142 141 142 143 142 143 142 143 141 142 143 143 142 142 143 142 141 142 142 141 143 143 141 143 141 142 142 143 142 142 141 143 141 143 141 143 141 143 143 141 142 142 142 142 143 143 143 142 143 142 141 143 141 142 141 142 141 141 142 141 143 142 142 142 143 143 143 142 141 142 142 141 143 141 142 141 142 141 141 142 142 142 143 142 142 142 142 141 142 141 143 141 142 143 141 142 141 142 141 141 142 141 141 142 143 143 141 141 143 143 141 143 141 143 143 142 143 141 141 141 142 142 143 141 141 142 142 143 141 143 141 141 143 141 143 143 142 141
145
1 2 3 4 5 6 7 8 9 10 11 12 13 14 15 16 17 18 19 20 21 22 23 24 25 26 27 28 29 30 31 32 33 34 35 36 37 38 39 40 41 42 43 44 45 46 47 48 49 50 51 52 53 54 55 56 57 58 59 60 61 62 63 64 65 66 67 68 69 70 71 72 73 74 75 76 77 78 79 80 81 82 83 84 85 86 87 88 89 90 91 92 93 94 95 96 97 98 99 100 101 102 103 104 105 106 107 108 109 110 111 112 113 114 115 116 117 118 119 120 121 122 123 124 125 126 127 128 129 130 131 132 133 134 135 136 137 138 139 140 141 142 143 144
101 100 102 100 102 100 101 100 101 101 102 100 100 102 101 102 100 100 102 101 101 101 101 100 101 100 101 100 102 101 100 100 101 100 102 102 101 101 100 100 101 102 100 100 101 102 102 100 101 101 102 101 102 100 102 101 100 101 102 100 100 101 101 100 100 102 100 102 100 100 102 100 101 101 102 101 101 100 100 100 102 102 101 100 100 101 101 101 100 102 101 102 100 102 100 101 101 102 102 100 102 102 101 100 100 102 101 101 100 101 102 102 102 100 102 100 101 101 100 102 100 100 102 100 101 101 100 100 102 102 101 102 102 102 100 102 102 102 100 100 101 102 101 102 100
161
1 2 3 4 5 6 7 8 9 10 11 12 13 14 15 16 17 18 19 20 21 22 23 24 25 26 27 28 29 30 31 32 33 34 35 36 37 38 39 40 41 42 43 44 45 46 47 48 49 50 51 52 53 54 55 56 57 58 59 60 61 62 63 64 65 66 67 68 69 70 71 72 73 74 75 76 77 78 79 80 81 82 83 84 85 86 87 88 89 90 91 92 93 94 95 96 97 98 99 100 101 102 103 104 105 106 107 108 109 110 111 112 1 1 1 1 1 1 1 1 1 1 1 1 1 1 1 1 105 65 76 86 60 47 37 134 24 75 132 51 114 67 30 53 40 42 116 65 48 20 81 93 115 8 25 38 23 97 127 29
37 130 120 60 33 65 74 91 96 62 66 159 27 1 136 3 118 78 93 115 125 29 89 151 9 90 25 88 132 21 76 39 64 5 17 26 108 75 36 12 103 42 34 7 79 50 100 143 10 146 72 114 94 77 144 147 19 99 156 56 67 152 106 87 113 160 86 48 73 157 95 104 85 135 109 129 49 23 116 61 97 124 40 55 44 22 154 149 128 127 2 161 20 110 30 43 158 148 140 119 141 13 46 139 82 15 52 59 155 54 80 6 31 101 83 123 150 58 98 145 11 16 70 47 112 107 133 38 14 18 153 102 35 117 41 45 51 81 138 69 57 32 24 142 122 105 84 71 63 126 68 92 111 121 53 28 4 134 8 131 137
176
1 2 3 4 5 6 7 8 1 1 1 1 1 1 1 1 1 1 1 1 1 1 1 1 1 1 1 1 1 1 1 1 1 1 1 1 1 1 1 1 1 1 1 1 1 1 1 1 1 1 1 1 1 1 1 1 1 1 1 1 1 1 1 1 1 1 1 1 1 1 1 1 1 1 1 1 1 1 1 1 1 1 1 1 1 1 1 1 1 1 1 1 1 1 1 1 1 1 1 1 1 1 1 1 1 1 1 1 1 1 1 1 1 1 1 1 1 1 1 1 1 1 1 1 1 1 1 1 1 1 1 1 1 1 1 1 1 1 1 1 1 1 1 1 1 1 1 1 48 103 127 33 97 139 9 7 56 124 71 157 6 4 122 63 45 77 41 30 157 154 40 61 130 119 33
163 151 152 170 173 167 176 160 159 171 153 154 164 161 160 175 162 169 152 158 172 165 159 153 174 170 171 154 169 157 168 159 165 164 166 174 169 164 176 165 154 153 174 163 164 159 172 173 159 169 171 162 158 175 168 164 150 167 169 154 159 165 152 173 170 155 160 176 162 153 170 154 152 174 161 156 174 157 172 168 176 155 174 161 163 153 164 150 174 166 159 175 176 165 165 161 159 150 161 152 154 168 153 163 157 175 164 161 171 171 175 174 169 175 161 168 167 150 157 163 170 165 164 150 175 173 159 156 153 174 168 171 156 173 153 161 156 161 174 151 171 161 155 168 154 173 167 162 171 157 153 157 155 152 173 155 153 164 173 154 175 160 174 155 175 162 159 171 157 172 175 161 155 165 172 174
1998
1 2 3 4 5 6 7 8 9 10 11 12 13 14 15 16 17 18 19 20 21 22 23 24 25 26 27 28 29 30 31 32 33 34 35 36 37 38 39 40 41 42 43 44 45 46 47 48 49 50 51 52 53 54 55 56 57 58 59 60 61 62 63 64 65 66 67 68 69 70 71 72 73 74 75 76 77 78 79 80 81 82 83 84 85 86 87 88 89 90 91 92 93 94 95 96 97 98 99 100 101 102 103 104 105 106 107 108 109 110 111 112 113 114 115 116 117 118 119 120 121 122 123 124 125 126 127 128 129 130 131 132 133 134 135 136 137 138 139 140 141 142 143 144 145 146 147 148 149 150 151 152 153 154 155 156 157 158 159 160 161 162 163 164 165 166 167 168 169 170 171 172 173 174 175 176 177 178 179 180 181 182 183 184 185 186 187 188 189 190 191 192 193 194 195 196 197 198 199 200 201 202 203 204 205 206 207 208 209 210 211 212 213 214 215 216 217 218 219 220 221 222 223 224 225 226 227 228 229 230 231 232 233 234 235 236 237 238 239 240 241 242 243 244 245 246 247 248 249 250 251 252 253 254 255 256 257 258 259 260 261 262 263 264 265 266 267 268 269 270 271 272 273 274 275 276 277 278 279 280 281 282 283 284 285 286 287 288 289 290 291 292 293 294 295 296 297 298 299 300 301 302 303 304 305 306 307 308 309 310 311 312 313 314 315 316 317 318 319 320 321 322 323 324 325 326 327 328 329 330 331 332 333 334 335 336 337 338 339 340 341 342 343 344 345 346 347 348 349 350 351 352 353 354 355 356 357 358 359 360 361 362 363 364 365 366 367 368 369 370 371 372 373 374 375 376 377 378 379 380 381 382 383 384 385 386 387 388 389 390 391 392 393 394 395 396 397 398 399 400 401 402 403 404 405 406 407 408 409 410 411 412 413 414 415 416 417 418 419 420 421 422 423 424 425 426 427 428 429 430 431 432 433 434 435 436 437 438 439 440 441 442 443 444 445 446 447 448 449 450 451 452 453 454 455 456 457 458 459 460 461 462 463 464 465 466 467 468 469 470 471 472 473 474 475 476 477 478 479 480 481 482 483 484 485 486 487 488 489 490 491 492 493 494 495 496 497 498 499 500 501 502 503 504 505 506 507 508 509 510 511 512 513 514 515 516 517 518 519 520 521 522 523 524 525 526 527 528 529 530 531 532 533 534 535 536 537 538 539 540 541 542 543 544 545 546 547 548 549 550 551 552 553 554 555 556 557 558 559 560 561 562 563 564 565 566 567 568 569 570 571 572 573 574 575 576 577 578 579 580 581 582 583 584 585 586 587 588 589 590 591 592 593 594 595 596 597 598 599 600 601 602 603 604 605 606 607 608 609 610 611 612 613 614 615 616 617 618 619 620 621 622 623 624 625 626 627 628 629 630 631 632 633 634 635 636 637 638 639 640 641 642 643 644 645 646 647 648 649 650 651 652 653 654 655 656 657 658 659 660 661 662 663 664 665 666 667 668 669 670 671 672 673 674 675 676 677 678 679 680 681 682 683 684 685 686 687 688 689 690 691 692 693 694 695 696 697 698 699 700 701 702 703 704 705 706 707 708 709 710 711 712 713 714 715 716 717 718 719 720 721 722 723 724 725 726 727 728 729 730 731 732 733 734 735 736 737 738 739 740 741 742 743 744 745 746 747 748 749 750 751 752 753 754 755 756 757 758 759 760 761 762 763 764 765 766 767 768 769 770 771 772 773 774 775 776 777 778 779 780 781 782 783 784 785 786 787 788 789 790 791 792 793 794 795 796 797 798 799 800 801 802 803 804 805 806 807 808 809 810 811 812 813 814 815 816 817 818 819 820 821 822 823 824 825 826 827 828 829 830 831 832 833 834 835 836 837 838 839 840 841 842 843 844 845 846 847 848 849 850 851 852 853 854 855 856 857 858 859 860 861 862 863 864 865 866 867 868 869 870 871 872 873 874 875 876 877 878 879 880 881 882 883 884 885 886 887 888 889 890 891 892 893 894 895 896 897 898 899 900 901 902 903 904 905 906 907 908 909 910 911 912 913 914 915 916 917 918 919 920 921 922 923 924 925 926 927 928 929 930 931 932 933 934 935 936 937 938 939 940 941 942 943 944 945 946 947 948 949 950 951 952 953 954 955 956 957 958 959 960 961 962 963 964 965 966 967 968 969 970 971 972 973 974 975 976 977 978 979 980 981 982 983 984 985 986 987 988 989 990 991 992 993 994 995 996 997 998 999 1000 1001 1002 1003 1004 1005 1006 1007 1008 1009 1010 1011 1012 1013 1014 1015 1016 1017 1018 1019 1020 1021 1022 1023 1024 1025 1026 1027 1028 1029 1030 1031 1032 1033 1034 1035 1036 1037 1038 1039 1040 1041 1042 1043 1044 1045 1046 1047 1048 1049 1050 1051 1052 1053 1054 1055 1056 1057 1058 1059 1060 1061 1062 1063 1064 1065 1066 1067 1068 1069 1070 1071 1072 1073 1074 1075 1076 1077 1078 1079 1080 1081 1082 1083 1084 1085 1086 1087 1088 1089 1090 1091 1092 1093 1094 1095 1096 1097 1098 1099 1100 1101 1102 1103 1104 1105 1106 1107 1108 1109 1110 1111 1112 1113 1114 1115 1116 1117 1118 1119 1120 1121 1122 1123 1124 1125 1126 1127 1128 1129 1130 1131 1132 1133 1134 1135 1136 1137 1138 1139 1140 1141 1142 1143 1144 1145 1146 1147 1148 1149 1150 1151 1152 1153 1154 1155 1156 1157 1158 1159 1160 1161 1162 1163 1164 1165 1166 1167 1168 1169 1170 1171 1172 1173 1174 1175 1176 1177 1178 1179 1180 1181 1182 1183 1184 1185 1186 1187 1188 1189 1190 1191 1192 1193 1194 1195 1196 1197 1198 1199 1200 1201 1202 1203 1204 1205 1206 1207 1208 1209 1210 1211 1212 1213 1214 1215 1216 1217 1218 1219 1220 1221 1222 1223 1224 1225 1226 1227 1228 1229 1230 1231 1232 1233 1234 1235 1236 1237 1238 1239 1240 1241 1242 1243 1244 1245 1246 1247 1248 1249 1250 1251 1252 1253 1254 1255 1256 1257 1258 1259 1260 1261 1262 1263 1264 1265 1266 1267 1268 1269 1270 1271 1272 1273 1274 1275 1276 1277 1278 1279 1280 1281 1282 1283 1284 1285 1286 1287 1288 1289 1290 1291 1292 1293 1294 1295 1296 1297 1298 1299 1300 1301 1302 1303 1304 1305 1306 1307 1308 1309 1310 1311 1312 1313 1314 1315 1316 1317 1318 1319 1320 1321 1322 1323 1324 1325 1326 1327 1328 1329 1330 1331 1332 1333 1334 1335 1336 1337 1338 1339 1340 1341 1342 1343 1344 1345 1346 1347 1348 1349 1350 1351 1352 1353 1354 1355 1356 1357 1358 1359 1360 1361 1362 1363 1364 1365 1366 1367 1368 1369 1370 1371 1372 1373 1374 1375 1376 1377 1378 1379 1380 1381 1382 1383 1384 1385 1386 1387 1388 1389 1390 1391 1392 1393 1394 1395 1396 1397 1398 1399 1400 1401 1402 1403 1404 1405 1406 1407 1408 1409 1410 1411 1412 1413 1414 1415 1416 1417 1418 1419 1420 1421 1422 1423 1424 1425 1426 1427 1428 1429 1430 1431 1432 1433 1434 1435 1436 1437 1438 1439 1440 1441 1442 1443 1444 1445 1446 1447 1448 1449 1450 1451 1452 1453 1454 1455 1456 1457 1458 1459 1460 1461 1462 1463 1464 1465 1466 1467 1468 1469 1470 1471 1472 1473 1474 1475 1476 1477 1478 1479 1480 1481 1482 1483 1484 1485 1486 1487 1488 1489 1490 1491 1492 1493 1494 1495 1496 1497 1498 1499 1500 1501 1502 1503 1504 1505 1506 1507 1508 1509 1510 1511 1512 1513 1514 1515 1516 1517 1518 1519 1520 1521 1522 1523 1524 1525 1526 1527 1528 1529 1530 1531 1532 1533 1534 1535 1536 1537 1538 1539 1540 1541 1542 1543 1544 1545 1546 1547 1548 1549 1550 1551 1552 1553 1554 1555 1556 1557 1558 1559 1560 1561 1562 1563 1564 1565 1566 1567 1568 1569 1570 1571 1572 1573 1574 1575 1576 1577 1578 1579 1580 1581 1582 1583 1584 1585 1586 1587 1588 1589 1590 1591 1592 1593 1594 1595 1596 1597 1598 1599 1600 1601 1602 1603 1604 1605 1606 1607 1608 1609 1610 1611 1612 1613 1614 1615 1616 1617 1618 1619 1620 1621 1622 1623 1624 1625 1626 1627 1628 1629 1630 1631 1632 1633 1634 1635 1636 1637 1638 1639 1640 1641 1642 1643 1644 1645 1646 1647 1648 1649 1650 1651 1652 1653 1654 1655 1656 1657 1658 1659 1660 1661 1662 1663 1664 1665 1666 1667 1668 1669 1670 1671 1672 1673 1674 1675 1676 1677 1678 1679 1680 1681 1682 1683 1684 1685 1686 1687 1688 1689 1690 1691 1692 1693 1694 1695 1696 1697 1698 1699 1700 1701 1702 1703 1704 1705 1706 1707 1708 1709 1710 1711 1712 1713 1714 1715 1716 1717 1718 1719 1720 1721 1722 1723 1724 1725 1726 1727 1728 1729 1730 1731 1732 1733 1734 1735 1736 1737 1738 1739 1740 1741 1742 1743 1744 1745 1746 1747 1748 1749 1750 1751 1752 1753 1754 1755 1756 1757 1758 1759 1760 1761 1762 1763 1764 1765 1766 1767 1768 1769 1770 1771 1772 1773 1774 1775 1776 1777 1778 1779 1780 1781 1782 1783 1784 1785 1786 1787 1788 1789 1790 1791 1792 1793 1794 1795 1796 1797 539 117 1023 1116 33 1137 1021 154 9 1228 646 1798 339 1120 1147 255 234 737 1130 600 1798 1031 929 177 9 730 1491 401 1683 1034 90 1035 698 1371 1060 1306 1463 1629 1115 847 571 482 1165 758 1245 1706 1328 818 899 1447 374 1762 714 1697 1054 295 1564 860 617 223 1662 1711 1547 1747 158 431 880 906 896 175 1451 1266 1183 292 1410 1017 1709 1555 303 1075 1335 62 137 464 713 356 169 1841 711 321 878 198 593 582 1781 1012 54 384 1113 1319 1696 985 1017 1426 1522 1467 229 978 835 690 25 1427 1625 419 1786 841 1900 1589 110 1796 867 1070 416 1200 1756 1314 1290 1673 1506 685 177 584 200 1064 1041 1309 1287 792 1687 107 862 1827 1232 1425 1458 89 1681 1148 591 246 65 1420 351 749 1761 1417 1142 310 1053 279 35 539 1576 293 288 1913 627 875 174 280 6 30 573 834 471 1729 216 524 1142 938 620 1108 1859 201 341 964 336 245 1436 121 1530 519 1945 1561 668 1573 1311 1988 900 1977
116 743 1575 1643 79 1950 1943 1909 421 228 1356 1438 1510 385 80 196 561 320 724 613 166 1670 127 1338 1821 1445 1471 572 1676 23 1298 358 1000 782 272 953 1133 408 204 740 1059 351 1934 1064 1336 932 508 529 1566 1751 912 1799 1326 126 939 1389 393 1771 1955 94 1506 652 181 292 1446 1764 1621 560 655 1568 1778 1490 1295 684 803 1312 471 1885 1559 631 154 122 1880 1530 202 1728 1146 495 1015 573 1322 364 247 115 1768 1755 755 1405 1838 1527 1565 1766 1547 1804 1189 1165 1488 184 585 895 955 1632 1140 854 1174 223 1183 1266 1256 1612 139 566 271 625 527 386 200 1844 1650 1278 713 1686 1576 837 1601 1952 774 1388 1318 916 1369 1028 273 661 783 462 817 1654 1164 1735 1086 1916 707 1157 1508 515 1622 988 1083 1511 695 834 822 679 925 419 1233 36 981 1827 1845 667 1878 1170 1128 297 1631 168 535 1291 950 675 214 518 473 759 1493 433 1890 1639 268 937 737 946 1199 1287 1577 158 99 1372 1734 1613 479 509 691 715 119 1236 1562 1031 492 1122 238 1230 869 296 1975 22 1286 382 1858 1611 1696 1904 1265 595 1110 1809 969 663 1852 259 1006 1617 309 1441 874 726 530 830 1691 1192 1529 1501 1973 1516 1160 762 1214 902 1224 706 411 1586 1433 1504 270 1681 252 69 487 1060 1747 355 1 793 1082 1719 1541 892 964 1387 366 1390 1179 673 7 301 768 1567 1589 298 430 15 85 786 468 1076 314 1423 1993 658 1940 216 646 210 1957 1156 975 218 1404 1796 852 279 1459 428 1700 1580 491 1689 1627 1626 478 552 357 905 780 1422 11 1573 244 136 1730 1112 98 1537 736 1262 1436 1847 1283 1988 1166 1308 683 1398 248 519 1200 1982 369 1154 1519 1770 1984 1959 918 640 1243 1826 1776 1697 108 757 1596 404 1324 1549 299 974 48 1340 312 1854 620 469 344 597 1762 709 1144 335 445 192 600 1773 1359 1546 452 349 1918 568 171 843 75 186 42 1051 1604 1048 1578 1792 133 1969 367 326 380 169 1539 420 1453 1114 882 1644 1293 898 513 666 1055 1205 436 1489 1585 1143 1997 1779 1384 618 1397 1232 418 1270 1476 1513 1772 146 943 391 87 621 659 1386 873 485 571 994 1897 1857 1152 760 731 1139 1289 862 480 1901 1137 1226 1366 1995 1846 669 1379 1185 1450 961 811 387 332 1721 1175 1512 615 1077 1820 1357 564 668 1329 54 221 828 1314 705 1027 1500 1022 718 928 1855 611 1868 381 43 356 61 569 732 1963 1594 1653 260 1874 1856 378 160 1339 1364 1145 28 1864 107 1717 231 696 1238 1056 372 927 748 18 1945 1494 1795 694 331 1582 872 1810 1544 1047 960 1797 307 979 1097 1227 1961 47 175 883 1104 1990 624 294 1319 858 1924 1103 505 1348 612 322 1455 831 1850 1465 1520 996 1498 581 101 1865 1610 1116 900 1012 390 1829 654 1623 1616 1452 1194 174 520 929 1044 1153 1368 633 657 225 1277 152 1687 1733 1523 1896 1785 1706 29 1482 1737 665 531 384 405 692 90 1652 764 1274 1351 901 725 791 769 1202 703 1100 1871 1716 1685 619 677 1075 451 1680 1711 58 24 12 1780 40 1246 437 598 125 1598 1190 1315 177 1346 1624 1760 1786 1486 1191 266 796 1675 733 1825 779 1812 1063 1725 488 812 232 846 1637 1592 1895 219 1296 676 45 958 1774 576 903 893 1555 1759 1260 1400 1408 8 775 998 968 443 801 544 1215 1234 1198 1798 641 498 1304 406 1378 212 1866 647 680 379 607 1911 1473 290 1882 234 365 1479 245 1657 524 795 89 274 1926 401 1543 140 1148 1848 1106 1159 1954 1120 1793 756 10 526 962 1306 463 1163 1595 532 417 1317 1115 888 626 856 1505 728 1054 1313 1121 459 153 1105 1707 1948 371 1073 567 86 1974 578 135 841 859 172 536 1018 649 198 157 304 708 403 1542 1782 180 915 1694 1350 1221 557 121 1883 1068 1917 1142 1564 770 477 1743 1173 574 106 1381 671 1201 444 1811 1041 21 1220 60 206 819 76 749 582 957 249 1151 311 1557 827 120 338 660 34 1240 1633 1005 1698 805 318 1927 1440 1531 1045 1720 1026 350 753 1899 956 1449 1244 1457 284 1271 1932 1020 1789 425 1042 1978 1884 208 269 628 722 1480 1458 1280 608 809 1353 1016 229 342 1907 422 808 313 392 1765 1039 698 1167 747 1699 1311 596 580 224 494 1823 1877 991 1921 907 752 1756 1872 416 1213 1777 1688 155 1862 1281 1886 104 826 1658 603 1434 1411 1970 226 458 1873 1273 343 399 735 712 1588 1651 368 449 1102 1741 1903 723 319 1094 959 1439 362 948 967 645 337 1869 240 1879 1123 93 894 562 431 1989 919 389 1702 118 1841 797 1876 1420 345 1327 476 1572 934 278 1178 1349 1708 1985 1561 1275 302 823 1533 1095 32 1297 1956 1261 1249 586 1253 1074 1004 781 1085 1666 1758 758 1098 787 187 1078 1923 1241 1017 771 1964 865 824 1803 1134 1951 215 1225 1188 5 1835 339 400 1521 1373 1672 899 1641 689 163 681 1131 1722 973 1421 145 1800 1264 190 638 88 1401 1193 1593 49 891 602 593 704 963 868 1033 839 977 807 132 19 885 383 1474 1522 1813 1282 1126 1181 542 1629 1525 1425 1646 325 1740 203 38 52 376 1941 910 884 414 642 1665 1305 111 1587 836 729 432 497 784 438 1410 1158 1066 798 148 1986 1900 1355 493 275 496 1682 970 1206 1849 1752 1084 256 1090 243 484 1638 242 1003 864 622 1972 336 1231 72 877 25 1933 1375 65 1209 1207 1606 250 329 866 1784 845 1958 1208 1415 262 1701 591 1534 1908 185 945 987 605 886 1571 980 305 860 914 3 772 1272 1824 149 1663 1284 1242 1365 1101 415 1247 674 922 545 583 1894 67 1080 264 537 632 164 429 1136 710 1667 1922 92 1931 151 255 1636 700 1147 855 623 806 235 543 1429 1538 1263 599 211 230 933 742 1761 1690 454 1767 1656 1437 1254 1393 1406 253 1509 1251 1335 1117 1195 222 1370 551 1832 1979 1009 1321 821 1380 1037 1928 283 1454 1127 1407 952 193 1259 1435 1503 1491 207 1107 1607 373 528 773 976 1211 109 835 635 467 800 409 1113 1093 1046 1065 1276 1839 1316 81 1802 1382 1893 1235 134 1109 1683 131 395 1875 1069 829 906 26 13 746 1731 501 165 1678 832 1360 650 1732 1910 1692 589 546 1352 481 1444 896 867 848 141 516 410 1724 1787 1341 1218 697 334 1647 1118 930 1053 233 719 14 1363 1532 197 413 1162 435 35 644 1255 1597 989 1998 978 990 1736 947 878 879 246 55 189 1149 1953 138 396 1962 1344 167 1745 142 500 1029 1371 489 1258 1693 16 276 263 951 1477 1744 288 1842 280 1600 1551 1625 1361 1475 1204 1358 717 78 745 33 453 997 440 1749 1180 254 720 1269 1677 1939 750 1649 282 333 1602 483 1661 1394 1605 123 887 1337 1428 1645 1416 1245 30 1019 643 1395 1664 778 258 1742 541 460 558 1463 789 182 802 39 159 1502 117 1790 1642 1914 1432 1599 474 842 1448 637 1830 986 1738 1635 1007 555 1834 68 44 889 1801 1362 849 183 370 1267 908 317 993 1070 427 917 587 510 300 128 1497 687 434 97 1125 1302 316 1554 601 1058 999 455 310 41 1399 880 402 565 96 563 195 1377 1966 1184 1303 1290 446 1545 1628 1002 1413 308 1161 1279 734 820 1794 776 1783 1155 1980 1815 1609 1715 1937 678 926 103 1374 161 77 971 1763 191 1660 579 1294 1947 110 1091 499 1723 1887 1669 1898 1843 1881 1515 511 1514 982 66 714 575 361 475 1775 472 1781 1833 686 37 1727 1492 548 1949 91 1806 1915 1252 1967 394 701 588 1025 1936 1402 1325 178 1754 1443 9 105 1695 57 1942 1818 1526 911 1023 844 354 1088 424 1467 517 63 540 984 17 1079 442 1528 1451 130 1354 353 1819 1968 347 1071 423 1345 636 721 1981 113 1891 1938 1487 920 502 1499 716 64 972 853 788 1014 1870 1614 1177 1535 504 179 1008 1248 1889 1659 966 941 412 954 616 670 1671 1788 1424 62 1478 285 1574 1703 985 1996 102 794 1417 466 1032 1197 751 847 554 1977 1300 359 1581 74 1217 876 629 539 241 124 1548 711 1089 672 71 461 534 257 1182 1710 590 924 738 1590 348 1081 1135 1960 1129 604 261 1714 360 940 1132 1052 1550 407 1176 1383 949 875 1141 688 1814 863 6 1172 1859 236 1447 1965 1228 441 1301 1817 1111 814 323 137 388 293 51 639 56 1418 881 1442 942 1579 1050 1851 1343 1925 1484 1496 833 1518 201 559 1563 1323 397 1630 194 1983 1584 1992 375 690 1203 1994 150 1169 289 897 592 1757 609 1130 825 277 457 699 1472 1946 1912 1426 763 1840 685 634 1385 265 482 50 464 514 1791 100 1753 170 1620 1935 944 627 1138 1010 556 1769 766 857 512 1920 754 1591 1930 1483 1726 147 727 1168 281 465 1392 1836 1239 1634 1210 220 630 1108 1035 702 1013 1462 1674 606 851 1419 1746 217 1679 1560 1328 1034 1292 921 614 1615 173 287 1853 1412 1517 1186 521 1285 1124 1466 785 813 129 525 1485 507 1216 439 1391 239 295 162 1655 1396 904 935 156 550 1553 523 816 20 1481 730 1257 799 303 1648 815 1219 1333 456 1929 617 1087 761 4 352 315 176 1288 1030 1237 1822 1808 1816 1309 291 324 1049 890 205 53 490 870 549 1469 1805 938 1347 506 777 1024 522 1414 804 251 95 1456 1223 1750 73 1619 1867 470 662 450 1342 1212 1888 1331 1330 1729 1150 651 70 1376 1268 114 923 1507 1558 1552 1187 1902 1718 340 363 850 286 188 744 1861 31 818 577 447 1906 1119 1618 1430 1837 1863 767 1524 82 1919 810 547 1067 594 398 1705 965 330 570 1709 553 1409 2 664 448 1062 741 871 1662 1092 682 1536 1460 992 1540 143 27 931 377 1713 1464 426 209 1310 46 1431 792 1222 653 1570 1001 1229 861 1099 656 1403 1307 1608 909 1668 199 1976 1171 790 227 1684 1913 1468 533 1011 1991 328 374 341 213 1250 1828 1036 306 1640 1461 1021 144 1040 1470 1495 995 838 237 1334 765 739 1704 1603 840 1043 346 1196 1061 1673 1299 1739 83 584 1971 1807 983 1831 1427 321 267 1072 1987 648 693 1367 913 610 1892 1038 538 1320 1057 1569 1556 112 503 1583 1712 1096 327 1905 1332 84 486 59 1748 1944 1860 936
2000
1 2 3 4 5 6 7 8 9 10 11 12 13 14 15 16 17 18 19 20 21 22 23 24 25 26 27 28 29 30 31 32 33 34 35 36 37 38 39 40 41 42 43 44 45 46 47 48 49 50 51 52 53 54 55 56 57 58 59 60 61 62 63 64 65 66 67 68 69 70 71 72 73 74 75 76 77 78 79 80 81 82 83 84 85 86 87 88 89 90 91 92 93 94 95 96 97 98 99 100 101 102 103 104 105 106 107 108 109 110 111 112 113 114 115 116 117 118 119 120 121 122 123 124 125 126 127 128 129 130 131 132 133 134 135 136 137 138 139 140 141 142 143 144 145 146 147 148 149 150 151 152 153 154 155 156 157 158 159 160 161 162 163 164 165 166 167 168 169 170 171 172 173 174 175 176 177 178 179 180 181 182 183 184 185 186 187 188 189 190 191 192 193 194 195 196 197 198 199 200 201 202 203 204 205 206 207 208 209 210 211 212 213 214 215 216 217 218 219 220 221 222 223 224 225 226 227 228 229 230 231 232 233 234 235 236 237 238 239 240 241 242 243 244 245 246 247 248 249 250 251 252 253 254 255 256 257 258 259 260 261 262 263 264 265 266 267 268 269 270 271 272 273 274 275 276 277 278 279 280 281 282 283 284 285 286 287 288 289 290 291 292 293 294 295 296 297 298 299 300 301 302 303 304 305 306 307 308 309 310 311 312 313 314 315 316 317 318 319 320 321 322 323 324 325 326 327 328 329 330 331 332 333 334 335 336 337 338 339 340 341 342 343 344 345 346 347 348 349 350 351 352 353 354 355 356 357 358 359 360 361 362 363 364 365 366 367 368 369 370 371 372 373 374 375 376 377 378 379 380 381 382 383 384 385 386 387 388 389 390 391 392 393 394 395 396 397 398 399 400 401 402 403 404 405 406 407 408 409 410 411 412 413 414 415 416 417 418 419 420 421 422 423 424 425 426 427 428 429 430 431 432 433 434 435 436 437 438 439 440 441 442 443 444 445 446 447 448 449 450 451 452 453 454 455 456 457 458 459 460 461 462 463 464 465 466 467 468 469 470 471 472 473 474 475 476 477 478 479 480 481 482 483 484 485 486 487 488 489 490 491 492 493 494 495 496 497 498 499 500 501 502 503 504 505 506 507 508 509 510 511 512 513 514 515 516 517 518 519 520 521 522 523 524 525 526 527 528 529 530 531 532 533 534 535 536 537 538 539 540 541 542 543 544 545 546 547 548 549 550 551 552 553 554 555 556 557 558 559 560 561 562 563 564 565 566 567 568 569 570 571 572 573 574 575 576 577 578 579 580 581 582 583 584 585 586 587 588 589 590 591 592 593 594 595 596 597 598 599 600 601 602 603 604 605 606 607 608 609 610 611 612 613 614 615 616 617 618 619 620 621 622 623 624 625 626 627 628 629 630 631 632 633 634 635 636 637 638 639 640 641 642 643 644 645 646 647 648 649 650 651 652 653 654 655 656 657 658 659 660 661 662 663 664 665 666 667 668 669 670 671 672 673 674 675 676 677 678 679 680 681 682 683 684 685 686 687 688 689 690 691 692 693 694 695 696 697 698 699 700 701 702 703 704 705 706 707 708 709 710 711 712 713 714 715 716 717 718 719 720 721 722 723 724 725 726 727 728 729 730 731 732 733 734 735 736 737 738 739 740 741 742 743 744 745 746 747 748 749 750 751 752 753 754 755 756 757 758 759 760 761 762 763 764 765 766 767 768 769 770 771 772 773 774 775 776 777 778 779 780 781 782 783 784 785 786 787 788 789 790 791 792 793 794 795 796 797 798 799 800 801 802 803 804 805 806 807 808 809 810 811 812 813 814 815 816 817 818 819 820 821 822 823 824 825 826 827 828 829 830 831 832 833 834 835 836 837 838 839 840 841 842 843 844 845 846 847 848 849 850 851 852 853 854 855 856 857 858 859 860 861 862 863 864 865 866 867 868 869 870 871 872 873 874 875 876 877 878 879 880 881 882 883 884 885 886 887 888 889 890 891 892 893 894 895 896 897 898 899 900 901 902 903 904 905 906 907 908 909 910 911 912 913 914 915 916 917 918 919 920 921 922 923 924 925 926 927 928 929 930 931 932 933 934 935 936 937 938 939 940 941 942 943 944 945 946 947 948 949 950 951 952 953 954 955 956 957 958 959 960 961 962 963 964 965 966 967 968 969 970 971 972 973 974 975 976 977 978 979 980 981 982 983 984 985 986 987 988 989 990 991 992 993 994 995 996 997 998 999 1000 1001 1002 1003 1004 1005 1006 1007 1008 1009 1010 1011 1012 1013 1014 1015 1016 1017 1018 1019 1020 1021 1022 1023 1024 1025 1026 1027 1028 1029 1030 1031 1032 1033 1034 1035 1036 1037 1038 1039 1040 1041 1042 1043 1044 1045 1046 1047 1048 1049 1050 1051 1052 1053 1054 1055 1056 1057 1058 1059 1060 1061 1062 1063 1064 1065 1066 1067 1068 1069 1070 1071 1072 1073 1074 1075 1076 1077 1078 1079 1080 1081 1082 1083 1084 1085 1086 1087 1088 1089 1090 1091 1092 1093 1094 1095 1096 1097 1098 1099 1100 1101 1102 1103 1104 1105 1106 1107 1108 1109 1110 1111 1112 1113 1114 1115 1116 1117 1118 1119 1120 1121 1122 1123 1124 1125 1126 1127 1128 1129 1130 1131 1132 1133 1134 1135 1136 1137 1138 1139 1140 1141 1142 1143 1144 1145 1146 1147 1148 1149 1150 1151 1152 1153 1154 1155 1156 1157 1158 1159 1160 1161 1162 1163 1164 1165 1166 1167 1168 1169 1170 1171 1172 1173 1174 1175 1176 1177 1178 1179 1180 1181 1182 1183 1184 1185 1186 1187 1188 1189 1190 1191 1192 1193 1194 1195 1196 1197 1198 1199 1200 1201 1202 1203 1204 1205 1206 1207 1208 1209 1210 1211 1212 1213 1214 1215 1216 1217 1218 1219 1220 1221 1222 1223 1224 1225 1226 1227 1228 1229 1230 1231 1232 1233 1234 1235 1236 1237 1238 1239 1240 1241 1242 1243 1244 1245 1246 1247 1248 1249 1250 1251 1252 1253 1254 1255 1256 1257 1258 1259 1260 1261 1262 1263 1264 1265 1266 1267 1268 1269 1270 1271 1272 1273 1274 1275 1276 1277 1278 1279 1280 1281 1282 1283 1284 1285 1286 1287 1288 1289 1290 1291 1292 1293 1294 1295 1296 1297 1298 1299 1300 1301 1302 1303 1304 1305 1306 1307 1308 1309 1310 1311 1312 1313 1314 1315 1316 1317 1318 1319 1320 1321 1322 1323 1324 1325 1326 1327 1328 1329 1330 1331 1332 1333 1334 1335 1336 1337 1338 1339 1340 1341 1342 1343 1344 1345 1346 1347 1348 1349 1350 1351 1352 1353 1354 1355 1356 1357 1358 1359 1360 1361 1362 1363 1364 1365 1366 1367 1368 1369 1370 1371 1372 1373 1374 1375 1376 1377 1378 1379 1380 1381 1382 1383 1384 1385 1386 1387 1388 1389 1390 1391 1392 1393 1394 1395 1396 1397 1398 1399 1400 1401 1402 1403 1404 1405 1406 1407 1408 1409 1410 1411 1412 1413 1414 1415 1416 1417 1418 1419 1420 1421 1422 1423 1424 1425 1426 1427 1428 1429 1430 1431 1432 1433 1434 1435 1436 1437 1438 1439 1440 1441 1442 1443 1444 1445 1446 1447 1448 1449 1450 1451 1452 1453 1454 1455 1456 1457 1458 1459 1460 1461 1462 1463 1464 1465 1466 1467 1468 1469 1470 1471 1472 1473 1474 1475 1476 1477 1478 1479 1480 1481 1482 1483 1484 1485 1486 1487 1488 1489 1490 1491 1492 1493 1494 1495 1496 1497 1498 1499 1500 1501 1502 1503 1504 1505 1506 1507 1508 1509 1510 1511 1512 1513 1514 1515 1516 1517 1518 1519 1520 1521 1522 1523 1524 1525 1526 1527 1528 1529 1530 1531 1532 1533 1534 1535 1536 1537 1538 1539 1540 1541 1542 1543 1544 1545 1546 1547 1548 1549 1550 1551 1552 1553 1554 1555 1556 1557 1558 1559 1560 1561 1562 1563 1564 1565 1566 1567 1568 1569 1570 1571 1572 1573 1574 1575 1576 1577 1578 1579 1580 1581 1582 1583 1584 1585 1586 1587 1588 1589 1590 1591 1592 1593 1594 1595 1596 1597 1598 1599 1600 1601 1602 1603 1604 1605 1606 1607 1608 1609 1610 1611 1612 1613 1614 1615 1616 1617 1618 1619 1620 1621 1622 1623 1624 1625 1626 1627 1628 1629 1630 1631 1632 1633 1634 1635 1636 1637 1638 1639 1640 1641 1642 1643 1644 1645 1646 1647 1648 1649 1650 1651 1652 1653 1654 1655 1656 1657 1658 1659 1660 1661 1662 1663 1664 1665 1666 1667 1668 1669 1670 1671 1672 1673 1674 1675 1676 1677 1678 1679 1680 1681 1682 1683 1684 1685 1686 1687 1688 1689 1690 1691 1692 1693 1694 1695 1696 1697 1698 1699 1700 1701 1702 1703 1704 1705 1706 1707 1708 1709 1710 1711 1712 1713 1714 1715 1716 1717 1718 1719 1720 1721 1722 1723 1724 1725 1726 1727 1728 1729 1730 1731 1732 1733 1734 1735 1736 1737 1738 1739 1740 1741 1742 1743 1744 1745 1746 1747 1748 1749 1750 1751 1752 1753 1754 1755 1756 1757 1758 1759 1760 1761 1762 1763 1764 1765 1766 1767 1768 1769 1770 1771 1772 1773 1774 1775 1776 1777 1778 1779 1780 1781 1782 1783 1784 1785 1786 1787 1788 1789 1790 1791 1792 1793 1794 1795 1796 1797 1798 1799 1 1 1 1 1 1 1 1 1 1 1 1 1 1 1 1 1 1 1 1 1 1 1 1 1 1 1 1 1 1 1 1 1 1 1 1 1 1 1 1 1 1 1 1 1 1 1 1 1 1 1 1 1 1 1 1 1 1 1 1 1 1 1 1 1 1 1 1 1 1 1 1 1 1 1 1 1 1 1 1 1 1 1 1 1 1 1 1 1 1 1 1 1 1 1 1 1 1 1 897 484 1190 305 332 151 180 1169 990 1513 1603 1412 1806 1838 1262 1126 1428 347 1644 541 1619 73 167 1441 846 263 591 587 277 564 1634 7 394 1798 898 220 1267 1515 645 1394 579 1496 46 1455 1453 373 384 667 1757 459 675 1412 301 55 371 900 1909 1204 1515 645 1259 956 1013 1436 1511 839 290 65 965 883 1850 1055 1514 1667 1119 852 1532 208 1699 51 1514 1946 556 305 1354 552 629 63 24 1352 1106 619 444 608 149 1987 1070 404 1751 432 1768
829 134 1850 1159 1528 833 1345 482 1373 826 1064 1310 421 1916 946 926 956 1619 1332 714 899 1617 331 654 1647 1548 980 1529 72 926 1667 399 1275 1764 509 1880 1321 1088 1933 127 902 375 1363 771 378 564 576 713 563 707 891 440 306 87 1775 203 1929 372 1386 691 963 1845 64 275 956 743 1495 962 1061 460 1000 732 418 1194 1220 1954 603 9 1645 1205 1662 1065 1992 175 1915 1257 1970 1722 1015 913 1640 1846 1354 1481 1677 1384 1457 464 1080 357 620 358 19 827 929 1586 1373 809 1447 860 729 34 1868 964 541 287 224 426 1940 761 8 1891 1453 1874 1052 1563 1833 365 1496 781 560 1858 1375 397 1389 188 1619 991 1310 1690 1455 1852 1173 369 1005 1364 1049 1272 1792 1495 54 570 1100 1723 1400 904 793 985 404 1957 1379 384 16 1304 573 1105 1318 1869 1513 785 917 740 161 666 768 1873 434 1146 1165 490 1660 770 294 1196 163 872 652 1031 849 1845 783 1085 817 584 1927 1319 870 354 622 1056 1090 72 932 904 399 964 378 258 1850 1124 647 598 946 1002 918 816 1550 1546 1542 527 1652 1343 1961 1415 531 1222 1653 975 362 1793 934 708 94 1093 810 1940 1000 428 1699 1204 1093 1956 1289 139 724 495 534 708 1691 1409 88 1296 883 1653 1122 482 903 1608 315 577 1689 1932 1805 393 910 1831 1879 154 221 1105 1612 136 1187 1194 50 1225 625 1713 660 922 1581 1438 545 1435 397 1577 426 734 1151 160 615 796 308 1813 1891 272 416 1326 1212 921 444 36 948 316 1588 1076 1842 1921 1562 177 1538 1313 1153 1376 1201 1646 562 1258 1266 1803 1050 1421 187 48 1018 1340 136 1607 1574 1226 823 1746 1655 1699 1483 1459 169 1972 314 1009 541 462 1887 74 680 119 904 523 1923 1912 1768 458 297 1424 1623 1997 1532 527 861 272 1967 188 762 355 141 960 1794 346 257 1993 1961 1947 908 472 1771 1571 1811 739 887 434 1566 164 1966 1434 1434 1207 1913 324 232 1472 1217 795 1900 1251 5 878 1470 842 695 258 940 499 1199 814 1127 511 951 1758 1889 213 989 273 789 1020 4 331 1839 52 819 916 944 1630 1828 1446 652 495 54 946 347 18 780 1116 1531 899 108 267 1516 772 1841 90 995 1515 58 1562 472 1970 1752 46 215 502 1444 797 643 249 1366 1923 303 865 1279 528 467 1830 880 1015 1677 1703 1009 1585 1213 1734 1915 808 1079 487 1326 60 1285 1462 796 513 1107 1358 588 143 897 1810 1192 1809 597 887 1135 1799 614 440 68 548 418 1393 1757 848 297 981 356 1686 447 1353 1626 647 1646 454 975 886 1873 490 1131 1851 619 1016 377 352 1790 115 1878 694 1908 503 390 225 906 865 1200 1832 1328 1122 1805 646 1914 1567 1085 1820 786 1668 1121 1356 1235 1948 1154 1951 832 235 1305 1329 539 1717 1925 1552 254 1044 1368 176 1174 1333 1082 1529 1938 155 901 1607 1128 475 1719 1466 625 991 1379 596 376 1395 784 1197 320 363 568 1746 1723 411 699 1938 307 1837 410 1984 1684 863 1180 1732 192 1810 652 1786 218 828 1896 49 75 935 788 1852 289 464 741 1413 603 1961 855 565 1406 7 904 1694 339 1140 1578 1921 1702 398 1941 1864 1449 854 210 301 1823 1651 1713 1137 913 1660 1076 1718 1580 1233 450 1957 1937 115 853 1962 1940 264 764 1187 1070 200 506 980 1772 562 565 1141 1261 1272 935 1730 39 1326 1489 1306 130 287 1683 1330 187 1656 1957 303 1283 1819 402 1663 158 382 1799 529 85 1257 985 248 116 1516 1036 636 1500 1830 604 1032 882 1247 264 1741 1374 767 1394 606 1454 1076 1728 1778 1216 433 1870 902 1083 985 362 1160 823 184 1367 1213 1200 1723 1787 1755 775 1266 768 192 33 1093 886 985 1254 540 1872 1020 1171 198 1379 687 1656 1395 1530 1774 1259 58 548 345 404 852 1780 1827 1759 63 16 740 141 859 1715 648 227 768 556 1711 601 1719 1581 939 1276 1773 1420 564 924 579 229 1671 1647 496 853 1731 700 813 1489 267 1009 328 45 1127 366 1570 214 1218 1112 129 921 557 151 767 617 1659 1991 1912 1773 1779 1211 736 767 1250 1877 699 1198 1382 752 915 1581 611 743 998 290 306 1754 1222 1496 893 1840 871 1517 1605 1968 884 1316 620 791 586 1429 1851 837 362 200 1725 319 844 558 290 975 327 1368 477 1567 1274 733 743 1010 886 1433 266 1804 66 1784 886 1908 950 1375 895 1401 1952 116 893 90 770 625 1450 1437 1153 197 1144 1833 1544 66 57 75 243 1152 1701 1173 149 1625 1703 1082 162 1275 224 1396 341 1833 803 191 172 1962 1943 1003 1271 1113 873 1869 188 1219 1623 1710 726 828 581 427 801 586 1004 563 848 88 1638 380 920 325 1780 559 66 1683 280 519 556 40 107 1110 1817 256 1976 1425 829 1657 1759 879 129 1845 1811 925 5 1100 1564 1437 473 951 1062 642 1987 1782 288 853 1276 395 1967 644 1987 1485 1816 173 1000 822 1865 1560 1154 1701 432 1578 1162 893 1666 1715 670 708 566 193 1839 1413 1672 826 1923 1230 454 23 1587 1571 710 435 1710 377 126 1904 1301 1532 267 66 1757 1369 1787 130 208 437 563 700 1404 836 697 1793 1042 402 42 934 808 926 1414 307 1256 1850 879 1814 1743 1421 910 429 926 817 1118 607 1885 565 431 1716 1555 1915 180 1336 1999 1899 597 1596 98 1631 1182 1685 1731 1221 1982 923 1609 1472 713 1579 1173 663 119 374 405 1829 1491 1424 1170 1655 1436 1202 275 849 1319 1544 439 1497 843 1251 368 363 1779 1591 1714 1619 1664 47 600 454 1349 421 336 1129 265 250 362 1480 1240 452 396 1969 1586 442 1585 1238 1595 234 1077 879 937 1972 203 1302 714 1133 247 809 171 1933 661 411 1569 113 112 1299 340 505 1483 1243 399 1659 1884 962 114 830 1612 891 1120 112 1032 1516 1265 945 1619 672 1537 1030 1538 69 175 631 1646 655 879 737 950 499 1609 68 1818 1997 1912 805 65 42 987 1886 740 446 87 90 1632 368 579 201 1640 9 1130 1250 513 1609 1373 1500 1301 1090 607 339 1665 779 199 1386 1894 222 1249 1843 1563 1978 253 168 889 1425 1055 166 1230 427 77 1597 875 1170 356 449 854 260 84 1116 265 1445 847 1146 497 618 686 1307 431 302 1900 932 1467 1185 697 462 1276 1236 1688 1894 1105 574 1105 747 635 570 848 804 1712 1431 1252 775 426 534 225 211 1798 320 78 1863 6 110 856 904 591 1967 1085 1951 956 661 1682 1241 1721 1496 942 117 456 1345 604 1418 1488 768 1309 270 201 1159 1236 192 1825 973 840 1615 986 1405 1381 64 1129 196 491 428 761 1190 1214 1247 1894 1641 36 1227 1251 1112 570 675 1508 513 576 880 1284 360 792 415 353 1602 1403 401 59 1275 932 1354 904 576 1522 1923 1907 150 1786 41 9 1409 1091 1323 1418 1341 1961 47 766 1401 379 1549 221 199 29 1587 694 942 55 1487 1321 360 467 1336 1789 740 1571 806 1163 1365 1288 1317 112 289 732 1879 399 1234 1530 63 1933 1753 1056 1110 1411 1366 1380 1673 1552 1793 236 569 549 837 548 1642 1063 1727 316 1060 1216 163 1480 1637 1469 424 1486 238 273 615 1243 465 49 1535 239 298 1191 1524 220 835 1312 1740 1531 1837 221 129 1239 718 598 177 271 1950 1794 305 1928 1161 1056 662 1001 304 49 1610 766 647 187 301 1062 1865 1192 865 325 591 1285 797 1810 877 1603 220 330 166 1306 987 1563 1826 689 782 122 1615 1031 1675 638 669 1405 269 210 753 10 610 343 1603 1734 1950 1647 512 591 742 628 856 1639 102 1871 1393 995 460 1761 1026 1278 1450 77 1497 164 808 1116 1574 1943 1679 200 637 366 591 401 1720 497 970 1995 1187 942 983 1054 1966 231 1664 757 815 338 276 431 1789 1176 261 177 1622 1990 779 259 26 1663 560 1982 157 903 1250 500 9 585 1733 232 1578 1331 1150 145 64 1893 760 828 1584 1974 419 551 1124 271 1232 1271 342 77 1894 1107 1881 499 113 342 464 1094 1965 545 1605 495 175 1350 1700 733 1901 1246 877 944 481 693 1509 639 1306 1976 245 1571 1338 1614 346 1130 265 620 355 1493 576 15 1927 618 911 1847 1180 738 41 614 1265 1436 1875 1764 101 1016 1064 1662 1933 637 1351 1507 1778 501 1539 822 784 91 1778 1679 1977 420 1807 298 1536 547 873 1238 911 1746 1009 998 1297 624 1360 772 424 1614 1471 1241 424 977 1724 823 602 1715 812 1599 634 1714 3 1179 1674 1808 1822 357 1277 1793 762 1262 588 1232 154 408 1205 234 1940 1212 1607 993 1524 741 599 1338 697 179 1645 640 1315 138 392 815 651 240 1206 505 1995 162 973 1589 593 111 437 1035 193 1148 732 569 1104 814 1120 433 1578 1251 232 424 348 314 156 921 1402 1542 1560 896 987 1423 173 944 424 320 1680 1981 1201 1018 714 1395 407 1648 486 1965 1651 809 805 1454 1022 258 93 972 1431 665 886 1327 1920 1923 124 1943 1905 1078 1712 868 1460 224 55 155 1783 1374 1801 760 1837 1862 115 502 205 1870 1686 1593 1698 1234 645 324 1769 1266 1355 1555 774 577 387 755 1583 1127 46 1237 1055 112 33 1391 1301 123 404 378 1074 1197 308 1525 863 363 209 816 660 1827 241 1618 1442 84 1435 276 859 608 1933 1892 340 689 519 1923 1290 1618 830 951 442 1762 442 1434 775 1461 1032 233 1143 1554 1640 693 1735 613 720 790 147 1055 439 179 702 1361 1195 283 1760 853 1004 255 1603 1333 574 917 838 578 283 1383 1994 334 943 1234 1399 994 778 824 1048 1689 1601 1102 522 611 942 286 1826 1107 923 1494 100 482 27 824 828 298 962 1512 1753 1467 1143 33 45 1913 1801 480 799 603 279 71 1320 926 935 220 1369 545 1152 439 1748 423 1903 280 943 360 1190 366 1877 1407 232 577 1124 285 31 345 1439 997 1735 1764 717 702 112 1956 1016 1972 1071 527 48 1064 61 1261 1094 411 919 1934 1217 807 476 1153 476 646 771 1742 1158 265 594 1565 464 370 488 1549 339 1402 1236 1310 855 364 1275 151 1773 232 86 1489 951 49 945 697 1722 287 974 1010 147 942 1248 977 751 1309 1136 1743 641 1552 252 763 2000 239 643 837 166 1605 282 1108 1554 1313 42 1313 1319 520
