100
1000000000
609796893
672318652
694663521
657266498
674582659
667993145
675513281
672462698
610741031
624092073
26160770
19292702
9300456
13401818
22783933
15399082
13915669
24306363
20912684
31523223
37126987
8023374
29646992
3329146
17283598
14786398
17718768
37444944
17356800
27743795
38218531
4423434
30489048
20138712
11051504
23438701
32998924
25985320
20980934
16351675
24590521
34766093
17155700
11175388
13524886
21532149
18771192
29026605
33494
38652831
31914868
30045569
34391672
5995357
343257
29111952
8429156
28979107
20551366
35725221
17904954
10350942
19366069
16794759
7730904
12870102
33534596
6524171
4477293
20764744
19232477
26790088
29319858
23162154
39232688
25274652
31885138
38439827
17605150
1140972
29587724
33599824
13923698
37089513
28952818
1911703
17300002
38829903
18543218
9124007
32298815
15925209
12622531
28035100
14570310
31029502
4920469
28897591
574755405
