20 20 400
918707507 62856314 381126842 637309352
744552666 564810203 53257232 637379914
306009447 142425703 337806662 213758196
320367413 154460397 72340294 452831904
321213007 143446096 576257084 959083828
258254279 76642009 891324984 773778743
38471438 210094039 823781387 927653151
320493782 498995485 3389832 177120909
983525304 10467816 6001295 5593
511933427 526794884 25843642 935428062
693752773 370192503 762651965 173402774
169530613 662756803 130731329 36981263
413432211 47575192 47980691 491011914
57370484 523040303 393805141 25784080
115989541 662170135 163148259 58692073
414523380 787628914 969568899 828278829
802017536 186970386 1265833 9746253
303384641 296340999 366118940 34155428
871900773 158086268 354020044 615992930
300969914 174107618 725435637 799486846
574312405 515563460 405435949 504688201
982220114 970880707 505424442 541474759
341857430 338739819 455160850 864241916
966843764 4946549 20499121 7710574
639276708 284478433 126081038 950163836
787492127 495898485 402411374 314198029
674263132 144910892 38099312 142726672
476512292 459091205 577921751 486474767
364371696 58146428 406012455 171469429
129812554 158059920 308142249 403985285
945821543 157612611 814649644 81916217
113328395 643276929 819020946 424373745
24648494 215390054 45199867 714761593
485188932 241855198 918570387 354385498
916502820 505522227 165398728 412576240
554003766 397369252 5928613 42698377
212458793 231238666 141885608 414416941
850159755 938680933 263281720 947877614
812165869 944195395 838881746 404757012
421495947 224029961 204693242 149780858
767387451 774502149 601920550 856189872
636027258 126058148 604138761 633775848
172579704 211935011 403754442 211730851
9568900 275432628 413386774 301611706
116535628 394531619 419664540 69268221
599370161 330347482 204731804 865550568
879517787 26134816 7099860 87247545
273582153 848121246 808407798 69888818
651446364 833725389 624342534 890485735
618126523 948149584 711288390 722435525
771739642 345132725 542328965 340798683
664142281 513095916 683813511 138948307
499155465 329211678 450464191 721168681
180615512 64828573 688453421 66102502
270319197 391235232 189743877 148701702
946570504 11792345 22048686 19588473
90806739 86995741 257266793 564930735
177923049 596012377 622609005 603455584
996699759 361205196 581183856 60911204
88837256 522000295 82183200 306979257
631824386 546736991 147935708 673502930
97721541 829165104 244343777 828769593
181213128 937910216 654362454 226514217
867488305 528927653 225681367 377902690
204815967 767231783 26414187 1538071
207202966 115332563 113524218 563940261
427866312 892652609 734005972 945475129
463600623 995467121 958917752 582014526
926766986 196024779 715930455 161277795
391017477 276029657 289887019 43065855
884431983 553552906 711879230 850135903
458332971 686244908 114498332 740923804
231967922 544024530 46591722 177415834
757986490 120486501 118612408 2914609
986724531 960660963 186007214 866607314
286468502 842554795 124481494 746495224
982848542 986735529 74860091 955555860
911772743 614341193 18685447 455200632
218214084 268903959 192422648 320459317
281610047 213506871 102604997 402278093
696471793 100931755 538848488 663747979
619769962 485519427 175055219 719655407
260929055 176500799 688848383 873721778
311156792 204842628 532136721 951863874
421560747 1921601 359215626 217302034
650759402 102564882 754427413 492248318
533520739 35324610 362869258 68285401
769776619 87598755 365206055 777418586
799666865 232944988 498840920 468547242
901325994 235834922 956189245 906649861
332394872 268979745 33485402 365139989
238267286 383688679 265137990 112906053
285517528 271132462 366670941 76679077
417450652 700784551 931510688 950254131
289296712 255955169 68953766 385794361
397098297 335587458 222764972 44549281
113976711 577946045 888946439 419130820
533120843 933614288 248813472 284451412
200859023 300955919 411855295 86329771
507780800 15024095 165679155 311515958
939131367 2765014 45963797 12139830
558452832 363831808 18208786 59506582
489193805 133229023 14316334 363260846
924663624 714009743 26075239 335251409
642339460 222327740 131770951 3561857
617340381 525778621 840802288 16078725
449483697 160053186 334065395 56397730
509058944 65325085 608137140 817478846
895122525 26269598 68671836 9936049
576290419 86717857 961624743 375366996
646626545 916182559 280160369 157030542
526379569 534834138 260854321 677931987
683136439 455187911 60213468 801462197
65119087 428043636 225056292 281780993
886520268 424971936 212695541 475812270
258214355 505784349 380581470 855419841
100923104 685619098 32658295 180799511
146763575 468179672 241161492 143895269
138803406 163847038 892845803 804503768
598368347 405868183 29197138 966566347
407249863 246492640 20076702 326180803
542247554 735053629 524658845 198039987
585483616 293369388 82163586 38983418
36374213 997629228 794585844 171410730
106322913 353593183 68851022 471232890
367433328 511421968 69486429 51658283
471259889 473481151 802499745 252759230
131316501 411888228 403820325 52974954
182603665 113690172 308018546 395687625
849443385 988183213 824722538 337650886
316616593 46034979 511693248 125655188
707936511 320561630 57476701 914025173
798030980 157987829 356640731 687340475
61565731 334817371 377815821 225801085
207398430 943117133 612925564 236558888
955649816 331620238 436645652 276084309
31250053 446994574 906063090 615692298
700125161 85792261 140618057 73464529
441789841 619935611 99011052 839263511
65841857 366599373 256517927 311040851
487332224 301699492 188585640 22382652
401839948 733498043 823352986 41309038
887188436 3240738 748338381 361232460
842030876 115075127 620374097 422519915
222611117 320769193 713048780 743570925
147322276 663496436 36464656 152716640
246767981 547880284 500882122 704469628
972660359 7666590 13369974 6303085
214444535 779052815 513881147 492621518
455830479 520950184 600186608 423032744
201433667 888389925 374956256 535220167
857116863 177882990 523697061 441303101
663671671 276475446 57533733 2319158
374289119 932004436 108700668 585005792
827803500 625748200 42270910 504177405
93624248 552053423 733213388 621108956
440517994 855037907 53086706 651357408
488962231 127950748 499346124 883740912
120160367 980474056 748819339 150546253
178559574 7181052 42988838 771270544
380102691 785785183 305002371 529109770
723664104 21675850 191407399 63252655
992028367 76432693 662789173 268749782
646230823 33690941 262332135 57746109
467338503 388538205 408888989 735234318
941369166 18080101 35784891 4765850
229406331 315535592 906495873 548562219
249382423 28211733 442049148 280356704
746420702 925593138 488345483 839640699
734909191 978429823 283096926 3564075
394007094 203744176 136284026 265964712
439135603 297160607 400639503 863064302
590914414 758007002 379547675 271530924
188428929 583533092 182671290 45366697
285682042 664184512 26422830 23710624
814026769 178046017 5305590 2621632
229397654 760270220 389258966 621073175
735333974 671798878 444046271 148820892
779000993 101018356 38203161 81777498
544970238 965700859 636494101 852834824
343437370 254230934 442454506 959877205
82149755 764418964 37554611 115876678
544393490 163904190 890416368 401285967
290973008 106507319 79288182 523231499
655348251 193086574 80620329 70944854
263296066 369572320 683382394 683749235
994914122 507818583 62630043 434637267
476551882 502380387 33048732 988019014
279565940 431301441 239545644 49586983
506507450 390218458 290415298 812858809
970008410 157718492 677900961 194372152
690940000 132046139 666369777 510644099
249268009 850711634 801732386 98287986
742595165 564758684 857770885 834875288
871702211 925334995 52109855 150852954
858082560 384268147 149575218 608074090
359609873 388868102 114869671 136652362
312678075 5782042 654910642 26629249
925280269 419341969 172682731 482695046
171669081 179014295 706144618 943172021
888140615 877436651 78595813 155826936
139518418 885903591 73595993 900982013
333126539 521179409 913402726 232291341
118532254 139862664 259972273 481632817
877194055 520265907 21073807 581466246
591821821 402690158 900813127 104674909
303868456 664512463 779003987 252615109
731644658 188855321 14588444 64911585
97126490 955165124 820819212 126889189
702494186 682167336 130543952 484794541
752184165 880770229 693016464 674029164
488265657 651828075 463632716 396273567
304218678 325484660 583536708 786759969
316016195 515621792 703552873 464809155
273703751 709163855 11370663 5761739
834704123 935708242 596680219 632907438
338652566 474658342 100549963 86139137
916798574 3359223 42220677 37621534
493127683 182603951 392084852 932183529
314110398 154102594 652822934 878964089
167195898 366339168 946642551 519822398
175887854 536023563 104736152 183352439
191068557 597975403 108576742 102379306
757818562 422594466 797658644 21928343
599618133 242229542 22435273 135717060
122589592 275757082 832492575 769160766
567915925 922783261 529622715 979678121
658773223 155157363 335845934 850223495
919340856 589405283 675916706 815337177
261635450 43591085 37224962 657548511
211703373 136531326 641346743 10418566
490381725 681556163 825210 827236917
386280718 539347650 340434108 733937539
349372286 630123553 19457137 1047032
709706484 668770308 395007140 226516083
204211411 911081342 737191087 147516175
617551584 467356778 251502343 663589310
645878431 990073663 882552314 481495614
341872506 181457497 277166032 199503973
926231493 1616361 30623504 41528650
307504970 122307799 259350474 310836765
132528440 2413948 473663207 391394413
311337767 429522455 37401959 221737827
769242118 323966431 293668972 613122494
937063178 895960156 904853681 262123007
669714603 61049310 106499228 162736867
533310568 38862853 426216415 1610172
414173830 915761657 422492523 247572005
474767090 349474443 103336321 72422154
492652616 138307109 252070632 116969651
771004523 165426266 46587443 16981776
340204129 142227230 320214638 197354011
120915191 914783157 361954640 602347027
703613591 729273315 109557799 457555310
955283069 961919520 59118625 23678801
72568673 316808818 78829928 531792589
587846568 225944897 153343355 32865188
173694622 52550681 491066278 282688427
351630680 812844507 718554033 116970795
213212765 405582079 340122714 41082450
10587709 511710996 461389047 16312256
827256603 894419331 615132042 663192046
733701882 197136030 64538782 4623314
327709345 207100297 236721394 228468972
791330909 170364047 594856418 443448641
292779546 907344401 405952924 393923144
202093663 472417090 585912893 739576369
961014046 739575379 601547995 697862602
630777826 354940210 9518326 4763646
789270119 81417455 919186780 210125661
641972253 328049549 879704752 150273461
683016440 265659683 662665081 388658811
621436750 963053750 225832729 189676786
997714989 766861341 83517197 151906488
801413745 170451649 188163323 839971298
660848444 243643287 1763669 93744608
833997805 246982054 834177075 84843081
739753140 26238820 36279537 197728511
323962334 841895153 926210545 907931990
138893976 894102967 848230011 118773061
127785379 730390383 67039945 74784301
41152294 79197420 924219918 955430383
77144518 599109884 242162655 81582951
674418525 273589525 551999967 499991998
433358509 313256449 785929110 467455947
548141442 156428024 348646917 946783632
305000868 115791867 513674282 65532991
382031194 530048228 132282492 955638101
537655105 5830869 231787706 224726328
953898271 13045231 30658340 2398166
938658241 58767307 1767890 806570
542748829 604187072 637848963 215215151
10845928 267235259 461171027 260747794
799995915 745069748 304682430 150251922
847226551 502524591 674135454 976113426
953230291 929952978 355423557 761393196
301071536 672478361 9064079 17386032
522740900 91911144 212695251 172652713
175430905 35898284 615668884 173001935
84959453 443621360 358338570 113080625
245417557 194061472 230671446 329849533
465761719 111573655 4840376 417824258
17087477 987981956 239458091 755472491
771714375 348743392 863988131 15554117
292305703 671801191 388491920 647401201
945140449 16175785 34007208 4676566
876139765 531763790 926280158 665816309
544889420 392957113 574775400 487378082
223304140 561662308 553477481 661556086
965852325 11703603 15535775 6908305
943602107 239662118 279515979 537219811
763900580 195356257 484900415 555842763
278248824 909168835 388323152 424259204
231808964 372236370 4182344 391772330
63932304 602076060 117282191 216709453
724273410 283559035 63060715 929106855
585197640 156800202 973640031 284362142
190828711 603121035 842701155 363349114
489488444 968191109 267889023 274431439
152739822 373732390 554857578 918670225
994336449 1687003 1204591 2771965
148388942 880556029 681938218 289116826
790955792 777190620 483481280 948372330
899794764 316384678 192065380 591755193
798732625 943356219 26612719 231298452
7956864 948430066 880890664 162722421
796226830 533547696 433390075 236835414
257627838 707565690 489969366 544837121
788503850 146300658 52600136 12595364
305761266 234174865 400054649 60009228
800285373 1173170 151469116 47072349
65070123 125550042 273479486 535900357
607817294 499900865 276234090 616047766
334227353 302699874 17078904 345993877
214890598 88541135 145937057 550631218
611471647 520332532 796438234 71757602
310617571 125881257 128408177 435093003
468656091 96885587 72205647 362252683
586170687 539148000 112695497 761985831
180390039 37330723 215546180 566733066
937277294 32938685 17727738 12056291
582048470 377719836 285862588 754369121
137068765 532951618 598513327 731466305
955018215 129657362 344716686 570607752
613940474 351577752 3787908 30693874
830156700 557205032 948739706 663898584
523675330 393733139 349131228 733460318
625028601 236489715 237226390 901255309
28698826 812222899 118322674 40755609
812093097 190251444 787646576 210008898
869227987 531816974 419493206 179461848
741258494 472324097 160402416 626015008
226958237 844608450 531684215 396749113
563358262 895764867 219973642 320903244
941518602 605862380 185677485 266941548
193717760 135797839 632764352 37720057
676013698 262074127 51021730 10890453
513736357 144478549 460787623 880997486
452584648 221945688 514885634 810584045
290639943 602651949 55804888 50903228
163950421 50791287 676832674 108425626
845251645 93854351 56238634 4655378
41329819 874001649 961170923 123497624
312054460 704482363 12993202 970469990
394622718 295661851 232678000 77037439
867417958 447554923 403118305 281908829
860759192 143599714 257387536 738253573
513345775 133337726 87663052 265653455
165604076 83067999 666363530 84964403
835499103 835497090 929870639 399133190
411010572 25562158 193196651 370230627
841197050 681665765 369788376 107348824
393548211 409669237 97898161 98884399
279337851 381539532 89344664 249777961
444031879 441240841 113420657 1306631
395321499 266295734 3931475 334451300
22967417 810539015 93155877 73337699
916045708 93267198 97860729 892826380
773385612 854859620 785831009 585923781
165324920 113625957 153156874 567892257
796266127 274765715 713327521 215640652
518710692 402453459 19350311 59485546
519212221 155798946 269637401 55351440
113396626 794844924 818954582 272803883
447266651 328236421 42545242 181951694
470653265 897281653 154079965 477985132
893364753 147682016 776480896 182472350
126304750 846715017 873670351 153309897
707440497 500023932 528012263 264523323
699357793 63330821 852850125 384461276
649417062 523663376 82343784 744575793
976121663 442139311 407805407 173933634
616810330 298481197 153161572 931546916
636785723 598532213 56781430 707900649
907892657 706583370 322020226 63503762
18672391 340976292 299173583 341177742
204171524 454173365 970576497 371078629
818145835 170204470 173474071 838175639
57179295 577725086 285107228 79988399
150459500 439686172 163808435 246045901
1 5 7 601189162 409508083 193368045 795934725
2
1 14 12 123412686 588116744 184199948 104270630
2
1 7 4 214515150 705411523 31123812 48949523
2
1 1 19 742359732 162467918 56144454 39027904
2
1 10 17 312250109 405686814 907765962 374297130
2
1 14 19 600618232 865449540 620001469 913930781
2
1 8 13 991298692 138724927 481126330 388850066
2
1 16 13 267822645 93920969 579462792 58793602
2
1 4 3 588669487 501391461 247305175 662633892
2
1 4 18 176336883 640338965 830825259 352498908
2
1 9 2 728120996 644919260 650128581 976831185
2
1 3 3 565935746 603267952 596197146 234599171
2
1 14 20 818416396 871712034 951857753 358013839
2
1 1 5 599909957 265308408 927034930 207746720
2
1 6 1 766493196 114496256 59394116 59616440
2
1 6 7 387288741 627511087 749639394 235560793
2
1 18 4 126273869 56113810 683885762 133726567
2
1 20 10 172478189 368283027 82147303 377091489
2
1 1 4 128109211 691974339 7086376 172830082
2
1 1 8 287391627 746195595 448892174 517520619
2
1 17 6 647414178 576174885 562230784 214180168
2
1 16 3 124496031 691452806 319451410 864599768
2
1 10 13 758582483 63843516 116048456 61525553
2
1 10 2 187300643 603905669 155692571 53101125
2
1 11 1 801311672 13530872 23568707 161588757
2
1 19 15 464192724 125870534 369880838 40055912
2
1 8 7 716187383 144127475 61535965 78149185
2
1 12 2 640571877 27979123 266363614 65085394
2
1 8 9 757942212 174056365 252151625 815849813
2
1 14 7 437945190 531843905 9211832 20999081
2
1 17 11 364838312 712527858 289370648 633263197
2
1 9 17 217155414 377141374 238735586 166967634
2
1 14 12 562175531 258603377 128430590 50790510
2
1 20 16 518558224 243734280 78346761 159360743
2
1 17 13 37446822 480486682 86977841 395088663
2
1 15 1 33451715 349560140 325186369 291801784
2
1 12 18 548805470 336800867 791799133 322594545
2
1 7 20 617030206 705238032 186136742 491595035
2
1 3 20 775868096 450092238 486433223 287606458
2
1 4 16 150797497 305420132 849311428 694470958
2
1 2 16 376028227 365479416 440154743 818337629
2
1 8 18 453208216 596742125 435220592 514829082
2
1 10 11 194251328 692835587 67027188 45885905
2
1 16 17 466047617 727820715 514076851 292054832
2
1 13 18 120402541 400309379 558406297 920881798
2
1 15 12 62085691 441752154 655332677 840829493
2
1 16 8 775444865 731912463 529889094 962753600
2
1 12 13 710424668 611851089 218978490 458745768
2
1 2 20 388826603 962844479 226754506 421574427
2
1 1 2 396726161 126616209 357766153 118891485
2
1 11 17 76599845 360766995 519709865 42923303
2
1 1 19 187254206 534643591 93228062 184874149
2
1 14 7 572517774 23388037 386387943 17706254
2
1 10 7 131123474 466973730 36751184 365151620
2
1 1 15 653800510 202575784 96794830 46828884
2
1 17 3 926379775 41591551 246177487 785851202
2
1 9 7 120217466 613811989 607100416 658870144
2
1 17 6 234371270 256284490 993068006 516276249
2
1 14 13 128652052 252643735 242223482 376480739
2
1 2 12 223499721 416149737 859374029 500976528
2
1 18 16 681619201 504325579 184094860 629960375
2
1 14 4 198090674 245555314 39398183 516955837
2
1 4 3 88621086 913116618 931176736 67085575
2
1 5 4 851638591 617270434 9510007 521580983
2
1 7 14 521545630 981819631 248779940 247854814
2
1 19 5 434690990 497330105 62116280 5862633
2
1 20 1 122239464 427827350 581285550 868647651
2
1 10 5 415977203 268984808 211041563 103996434
2
1 11 13 810053084 165690864 8549638 15706422
2
1 18 19 243463812 323552829 294125144 138858223
2
1 20 17 748600971 996642162 144704779 110052103
2
1 8 18 212365724 868854570 548932460 369847261
2
1 16 5 238302803 127716759 239702438 394278008
2
1 20 15 286760176 231565357 620800177 860874305
2
1 10 19 756940339 352851601 435296752 454911323
2
1 19 19 813092405 453156175 328772347 404979088
2
1 19 10 282047671 215712531 128165163 374074643
2
1 12 16 533888112 531189979 437907301 497014623
2
1 14 15 803062230 94104842 559781 102273155
2
1 2 10 725043569 286668758 562407938 425879750
2
1 15 18 730925941 694602567 459980643 114490864
2
1 2 19 64790520 61886254 424994447 448328787
2
1 15 20 674434593 172740076 85076173 67749166
2
1 20 20 962905149 27589454 155385654 854119758
2
1 3 6 257504420 656719257 62047997 23728334
2
1 18 10 431473491 299869889 676913005 591743630
2
1 2 18 408501754 647242418 822509061 121746782
2
1 2 2 839526448 490476664 253760451 416236452
2
1 10 20 815355198 20317291 116965572 47361947
2
1 8 8 161672 623518274 677962250 698357819
2
1 16 13 166501059 112507868 646209419 74781662
2
1 17 18 756129371 351268849 307719916 584881879
2
1 12 17 723768545 347617571 565340275 363273624
2
1 19 19 456471872 92906208 826833266 623788669
2
1 6 16 55377833 100012813 575768547 268840815
2
1 12 20 907644005 63588009 8976692 19791302
2
1 16 9 551640906 293292468 47656102 107410532
2
1 1 6 724098843 234101625 2034659 39764881
2
1 18 20 786222920 203175375 971807229 38794491
2
1 12 9 373012379 703942460 379602778 543442398
2
1 12 9 563296351 373937417 353466062 709300185
2
1 13 14 521979545 794784340 787148252 896087885
2
1 12 2 419845188 817655291 205590048 556909488
2
1 1 7 216830146 731414076 417877410 633878383
2
1 9 5 546564480 386325175 853749499 213360861
2
1 20 11 689469410 236289278 362869598 711371729
2
1 18 16 164550858 57605218 653554843 124289089
2
1 11 15 133900424 750520700 35230591 80348293
2
1 14 19 961270599 883733047 112197731 42798638
2
1 13 2 450826950 527289443 202854687 819028935
2
1 14 20 951384329 26656195 612427571 409531920
2
1 3 3 255512043 441257762 320764297 982465913
2
1 15 5 627749112 100615278 151284584 120351034
2
1 4 5 905470644 366475969 642707173 85346229
2
1 17 7 192622623 552718719 638193658 616465015
2
1 7 13 691443189 920462121 448448715 939645997
2
1 7 1 163896923 34745005 286996538 514361542
2
1 18 19 70623430 707756316 150181485 71438777
2
1 1 14 402824224 229071352 736753510 631350929
2
1 10 19 851615597 396207545 642926044 109250829
2
1 12 14 872789009 14944568 55107777 57158654
2
1 13 9 621002710 205172124 18983989 154841185
2
1 9 15 652287323 862867051 976998590 507847058
2
1 10 19 648184053 646110987 490267289 215437686
2
1 14 7 270728543 186020869 914036914 629213689
2
1 1 16 757821645 520377092 386168383 335632895
2
1 8 17 916016979 658420625 51895534 373666877
2
1 17 14 86161404 698927398 233015542 981895671
2
1 9 9 834641346 462720445 266193626 436444598
2
1 4 14 310923637 178799888 833680537 676595953
2
1 2 4 836750673 33267073 46697564 83284698
2
1 4 12 890655074 564545932 337273705 207525304
2
1 12 1 823460389 11289103 136429545 28820971
2
1 9 14 173738969 467533172 94797589 263930278
2
1 14 18 789092541 467223301 439294161 304390012
2
1 5 19 566676221 290240818 302291065 840791911
2
1 8 1 275405355 105850672 829659175 789084813
2
1 19 17 564803673 340632648 42041633 52522054
2
1 19 11 242376642 486425356 574327607 696870410
2
1 19 4 73650176 804075953 118200433 4073446
2
1 17 15 946619813 857894361 196515944 998969904
2
1 7 12 156754925 746541465 76921004 19782614
2
1 2 4 152297489 952996955 538154028 356551543
2
1 3 13 830310203 176528547 119144616 874016649
2
1 15 20 652729744 585157316 620681051 141431904
2
1 18 9 566204501 358923663 24622561 50249283
2
1 19 16 461046555 444741146 91994699 2217608
2
1 17 6 887628784 728280057 35907574 348183600
2
1 3 10 240378520 82965356 812098135 864558004
2
1 8 5 860027073 12932033 8671341 118369561
2
1 16 7 198920048 432912274 752135850 616031843
2
1 10 19 706632937 555373854 256790682 481202542
2
1 20 12 656768573 228071311 97990690 17169434
2
1 14 19 872066998 106038782 706207407 315686828
2
1 13 5 160398279 724579446 79367441 35654842
2
1 6 17 46735148 511167249 111514321 330583290
2
1 15 20 264327967 539230863 58720601 137720577
2
1 19 13 46995076 402028482 206181422 344795028
2
1 11 1 205879592 463388394 275429405 55302617
2
1 16 13 51806913 524955096 347354956 75883043
2
1 11 14 312105517 8099020 459735630 220059841
2
1 5 4 280700732 430551194 149225987 139522095
2
1 7 3 91236597 317354658 214264685 377144068
2
1 1 8 888779909 746923175 232702568 131594363
2
1 12 9 125006018 990218770 543658168 341117059
2
1 14 1 60761986 241412795 321195205 376630022
2
1 20 20 139357744 197364627 253354442 409923195
2
1 11 17 993064965 667964688 310852305 28118057
2
1 7 2 869678827 213734668 367476187 549110333
2
1 14 16 619009620 988488632 52181448 340320315
2
1 5 20 426600059 446064276 243497643 883838037
2
1 13 6 179815768 774753094 233016544 812414609
2
1 12 10 618703447 740603208 436812035 203881325
2
1 3 13 306078082 390420337 72068666 231432923
2
1 4 10 89921514 113921755 2413689 793743050
2
1 8 10 11219823 98140845 689800632 200838708
2
1 14 12 535025260 874082186 65373947 525518622
2
1 6 3 407655895 588526627 1581328 2236158
2
1 5 1 555948449 980460413 130192044 333399109
2
1 4 10 600800844 24533403 361721363 12944398
2
1 5 6 103049188 374905176 292788346 229257298
2
1 2 6 192061685 373334617 173641980 260961726
2
1 1 12 784640326 392046650 655700097 167612942
2
1 20 13 31928048 544973962 34839298 388258700
2
1 16 18 941009639 10079534 468283801 580627041
2
1 10 3 942836682 34764902 1924909 20473515
2
1 11 20 422148285 781617920 201837950 594395860
2
1 5 4 737196235 310740194 531263807 420799779
2
1 5 8 539214350 811552316 520390202 128843147
2
1 15 10 429574934 949804142 139533083 481087856
2
1 9 19 663379553 558173609 622741468 155705385
2
1 3 11 573655717 356026556 346577776 723739966
2
1 11 16 983194434 929837217 138399503 948568868
2
1 2 20 145612264 595446899 786253311 472687541
2
1 4 6 671907496 212769660 230397251 884925608
2
1 3 4 42695421 402572597 156975417 397756573
2
1 6 5 984074738 12659232 184492 3081546
2
1 18 10 632950343 388192673 190136440 788720559
2
1 15 11 635179973 796647049 447589501 120583492
2
1 13 5 265033003 299074658 244884970 191007377
2
