70 600 17 49
4 6
23 15
40 22
46 4
11 13
63 66
34 6
65 53
53 51
27 10
20 57
60 57
62 41
18 41
53 22
47 37
6 11
64 58
32 39
61 55
64 65
50 27
1 57
9 53
4 68
45 63
67 48
46 14
19 28
47 7
6 65
17 69
52 49
50 54
45 43
49 36
11 61
22 19
55 1
7 1
68 51
5 6
28 50
32 46
19 8
64 25
2 11
35 65
59 26
61 45
10 39
10 20
41 32
50 25
44 56
37 53
48 42
59 18
33 20
5 52
39 69
6 41
9 52
47 9
8 37
53 17
17 62
49 57
35 28
24 8
26 2
61 15
43 61
32 6
10 37
57 48
35 4
30 43
67 19
51 16
55 45
33 2
36 23
70 13
62 35
32 29
37 34
44 21
24 5
38 45
53 36
35 17
51 64
1 48
12 63
63 9
22 15
59 21
27 51
68 70
9 46
34 64
66 69
69 34
44 63
69 8
10 62
13 22
39 37
15 31
68 66
7 68
28 45
60 37
57 11
12 20
4 8
18 14
53 61
7 63
10 28
54 23
61 34
59 5
65 45
10 4
52 28
13 9
15 3
58 1
13 69
20 28
18 49
42 12
52 60
17 61
17 12
25 19
46 13
36 52
57 45
55 38
2 67
59 16
11 58
16 35
68 47
63 16
26 46
39 19
35 55
67 34
11 54
58 46
35 57
32 19
36 34
27 36
61 50
23 19
14 21
7 18
48 44
63 28
62 39
43 21
46 66
4 45
41 50
10 9
60 36
44 50
27 67
10 53
29 17
70 18
60 5
45 52
55 57
64 28
19 51
23 34
37 5
13 68
6 8
70 61
70 38
69 9
20 27
37 20
44 27
36 19
8 20
17 13
59 48
5 11
23 41
16 48
50 46
11 67
66 10
58 7
60 56
15 9
25 52
40 10
20 5
28 39
37 57
51 25
46 67
48 68
57 17
50 68
25 57
19 12
63 8
17 46
55 32
15 25
70 51
11 62
17 68
7 36
68 64
64 60
61 19
42 39
29 51
70 57
26 12
43 68
47 54
60 69
45 7
66 44
12 2
9 22
7 3
33 68
18 4
48 58
67 47
44 34
58 27
56 30
37 32
25 26
30 69
44 25
54 56
39 5
19 45
19 29
54 51
26 13
54 4
70 62
50 43
26 50
69 11
43 46
3 2
56 58
39 40
55 7
44 3
51 62
31 46
54 69
58 49
14 57
41 63
29 66
54 40
16 60
50 30
4 14
17 40
62 59
16 45
69 3
36 12
2 6
17 42
11 30
4 39
20 53
10 23
18 39
64 33
53 41
34 11
22 25
69 37
12 10
52 47
21 53
64 37
24 18
47 40
27 8
35 36
42 64
5 35
26 57
17 59
9 39
26 19
28 68
25 49
62 30
15 16
47 63
45 30
43 9
65 14
61 39
9 7
36 62
43 63
1 9
53 63
38 68
20 26
2 23
60 58
64 44
66 70
58 9
11 48
60 19
23 13
56 65
5 56
3 58
48 52
67 9
7 10
31 66
68 36
36 39
14 58
28 15
18 35
43 53
17 65
7 2
1 12
58 15
11 47
66 19
56 14
21 37
64 2
42 41
52 67
40 9
44 53
52 2
59 58
4 1
11 3
15 21
49 22
51 46
35 21
4 67
57 9
69 28
24 30
1 46
16 56
40 67
55 2
40 65
16 54
28 7
17 20
52 63
60 27
5 70
66 65
61 20
24 3
7 40
58 47
16 32
70 56
51 8
34 68
27 15
60 67
12 61
60 30
35 51
61 58
53 68
39 53
56 17
51 1
60 62
56 40
19 37
46 16
9 35
24 32
38 58
59 27
17 23
19 20
23 14
29 3
8 14
31 58
14 33
2 22
60 61
15 35
6 23
11 29
66 48
28 67
17 44
31 35
5 53
60 33
68 67
46 28
66 2
13 4
8 2
6 22
57 58
48 8
60 6
63 21
52 10
15 42
38 18
52 34
19 53
32 43
56 3
25 12
32 17
6 21
36 65
26 29
50 42
49 21
65 28
3 10
41 46
52 38
26 37
41 52
11 65
63 55
12 68
5 47
17 19
50 8
2 40
29 67
9 8
54 12
18 36
4 25
6 70
62 68
54 15
66 1
4 70
30 34
40 32
3 68
40 11
34 46
1 21
57 4
45 58
1 50
57 62
59 53
7 54
65 10
65 49
41 25
68 26
48 36
44 9
16 30
66 28
21 65
20 9
59 38
63 65
59 69
43 29
51 20
9 11
68 56
46 69
23 52
11 27
8 31
33 27
52 33
6 44
27 64
42 69
35 7
52 15
38 2
37 36
69 25
46 8
23 68
1 53
48 24
21 56
66 53
24 47
15 30
23 4
51 57
22 32
13 59
45 62
24 44
16 11
63 50
32 56
53 24
48 32
69 68
68 55
14 34
40 29
44 32
20 52
50 64
58 32
29 46
49 27
1 47
39 47
56 46
13 54
42 27
17 11
54 29
54 32
10 33
37 67
42 56
34 33
12 35
21 50
11 45
62 4
26 17
4 42
25 58
32 50
38 69
53 69
51 56
5 28
30 25
49 16
24 64
3 27
47 27
26 15
65 60
50 36
46 40
25 29
39 41
68 10
65 58
26 23
30 49
70 55
32 26
41 38
27 21
15 14
49 60
40 31
1 56
30 7
44 67
47 4
16 58
25 40
26 51
6 51
