20 120 1 2
1 3
1 6
1 8
1 9
1 10
1 12
1 15
1 17
1 19
2 3
2 4
2 5
2 6
2 7
2 8
2 11
2 14
2 15
2 16
2 17
2 19
2 20
3 5
3 6
3 7
3 8
3 14
3 16
3 17
3 18
3 20
4 5
4 8
4 9
4 10
4 11
4 12
4 13
4 15
4 16
4 17
4 18
4 19
5 6
5 8
5 11
5 12
5 13
5 15
5 16
5 18
5 20
6 7
6 8
6 11
6 12
6 13
6 16
6 17
6 18
6 19
6 20
7 8
7 11
7 12
7 13
7 15
7 19
7 20
8 11
8 12
8 13
8 14
8 15
8 16
8 18
9 10
9 12
9 16
9 20
10 11
10 12
10 13
10 14
10 15
10 16
10 17
11 12
11 13
11 14
11 17
11 18
11 19
11 20
12 13
12 14
12 16
12 17
12 18
12 19
13 17
13 19
13 20
14 16
14 18
14 19
14 20
15 16
15 18
15 19
16 17
16 18
16 19
16 20
17 18
17 19
17 20
18 19
18 20
19 20