100 600 1 2
19 95
37 4
33 58
93 26
61 57
73 58
82 17
75 82
28 23
23 77
24 60
34 88
62 72
64 71
62 12
79 32
58 15
35 90
24 79
67 84
36 92
93 17
8 20
50 87
42 24
64 65
83 49
53 97
72 68
19 33
31 97
16 88
12 50
29 87
29 48
23 64
39 15
32 46
34 33
33 76
57 48
92 91
39 19
16 58
3 46
54 18
34 17
67 14
4 47
61 26
62 99
40 45
97 26
78 81
53 86
28 44
28 75
92 67
93 7
24 47
52 29
64 37
46 82
51 1
81 63
26 42
14 17
39 10
94 68
90 46
53 69
42 32
43 33
98 87
39 73
85 42
2 100
79 99
99 13
43 76
55 56
44 45
17 90
12 58
87 64
26 28
47 20
12 45
58 2
17 42
44 70
41 22
68 74
2 66
86 96
93 40
4 89
84 20
78 95
78 64
10 55
92 57
75 55
53 32
57 21
74 100
91 14
39 26
76 25
73 20
16 76
8 52
48 85
46 77
49 8
31 92
16 5
46 20
89 54
40 14
53 30
79 77
40 18
54 67
42 27
38 57
54 46
8 1
82 6
77 82
65 60
73 80
16 71
99 4
24 90
17 29
20 96
5 11
65 11
29 6
37 66
62 90
63 22
43 97
27 19
78 91
30 51
22 46
1 96
9 18
24 80
65 81
42 81
91 22
86 79
40 99
20 54
20 62
50 46
33 28
36 62
30 9
7 2
28 60
97 89
29 73
20 93
5 14
73 95
35 10
25 26
8 44
80 28
25 38
56 13
51 37
21 58
38 1
17 87
41 45
59 60
89 63
25 13
9 12
74 85
37 81
28 16
60 85
45 85
22 52
97 73
89 69
82 78
69 50
64 9
46 74
21 86
88 45
50 48
8 23
32 45
55 60
60 67
44 56
3 18
60 51
42 100
19 75
77 88
76 93
96 21
66 68
58 54
13 59
1 20
81 85
16 87
53 39
83 7
8 94
57 1
75 70
63 50
14 10
22 79
78 79
84 42
61 69
21 29
8 16
56 12
6 90
19 66
84 75
66 76
50 41
97 64
42 10
74 64
41 3
94 76
44 83
3 84
84 10
51 91
74 9
81 92
74 16
18 91
91 20
31 40
35 25
62 85
69 5
19 32
13 22
68 96
83 18
39 56
26 19
99 51
42 76
88 24
15 22
48 68
82 39
60 43
24 28
15 79
59 98
48 97
5 74
15 4
76 100
72 17
76 11
93 42
32 92
61 13
31 21
8 6
100 7
99 11
70 14
41 28
77 67
14 43
22 89
43 45
58 70
55 50
63 87
41 24
51 23
96 10
80 95
68 79
58 37
44 50
17 58
38 93
24 51
92 29
42 1
50 97
50 13
35 42
36 85
17 31
95 96
77 62
26 86
51 69
36 19
78 73
63 2
76 49
99 19
30 92
19 79
88 68
59 77
8 53
25 85
66 50
70 68
71 5
86 48
30 48
49 51
75 78
43 93
56 82
12 47
4 24
24 62
53 84
66 77
20 83
78 41
3 100
98 88
100 27
88 52
83 88
3 57
65 97
78 12
18 33
35 94
46 87
77 63
15 96
46 45
36 48
44 33
87 95
11 26
47 45
13 1
53 29
49 53
49 78
16 66
11 3
11 56
41 87
19 56
34 16
15 95
54 53
31 88
61 95
18 24
65 34
41 27
83 28
38 53
35 72
20 86
45 86
33 50
38 74
66 20
13 79
15 52
44 90
91 61
13 55
46 53
82 33
4 16
13 94
17 39
85 61
76 17
10 13
85 54
54 51
57 97
40 47
9 52
1 7
56 34
39 60
49 3
53 20
2 69
10 86
54 90
50 95
100 22
84 56
2 79
26 54
85 33
88 75
92 88
78 96
8 31
16 17
16 96
2 21
38 51
15 54
36 66
76 71
21 45
45 74
23 22
27 59
54 66
34 46
6 63
93 13
93 9
81 60
80 93
36 46
47 71
11 22
93 83
18 37
56 93
58 34
51 12
52 36
50 1
21 94
9 53
53 65
87 84
57 74
29 55
97 91
28 89
25 46
26 32
90 83
18 92
46 69
80 54
77 29
55 97
75 63
1 27
79 87
63 88
13 43
42 9
34 22
97 58
67 74
42 8
9 59
99 54
27 78
8 55
59 62
3 33
76 3
11 55
42 73
94 54
16 35
14 1
56 10
10 74
36 51
9 32
97 87
61 56
41 19
69 43
3 45
46 14
51 39
86 44
92 1
30 5
66 63
63 53
13 96
96 22
27 45
60 87
52 1
95 60
65 40
73 67
30 11
10 21
63 91
77 16
28 95
47 90
86 95
63 64
39 23
2 90
75 59
62 69
71 26
92 90
5 53
11 20
44 39
35 71
33 64
13 32
5 50
26 68
13 16
42 15
57 16
25 19
84 95
42 88
86 46
92 96
65 35
86 51
58 71
14 22
2 19
72 27
38 84
42 31
50 98
46 75
16 81
21 12
51 62
60 42
9 76
29 94
27 38
64 92
59 17
62 30
43 99
81 15
86 78
41 1
59 14
75 66
100 86
62 88
53 40
25 69
65 28
95 30
15 76
96 100
53 89
1 63
2 16
49 28
82 48
14 41
7 27
66 52
28 48
86 64
91 39
31 6
66 79
57 18
67 9
33 68
25 33
47 58
98 39
50 3
28 29
3 13
93 98
15 35
36 97
92 53
