40 338 1 2
1 3
2 4
1 6
2 7
1 9
2 10
1 12
2 13
1 15
2 16
1 18
2 19
1 21
2 22
1 24
2 25
1 27
2 28
1 30
2 31
1 33
2 34
1 36
2 37
1 39
2 40
3 5
3 8
3 11
3 14
3 17
3 20
3 23
3 26
3 29
3 32
3 35
3 38
4 5
4 8
4 11
4 14
4 17
4 20
4 23
4 26
4 29
4 32
4 35
4 38
5 6
5 7
5 9
5 10
5 12
5 13
5 15
5 16
5 18
5 19
5 21
5 22
5 24
5 25
5 27
5 28
5 30
5 31
5 33
5 34
5 36
5 37
5 39
5 40
6 8
6 11
6 14
6 17
6 20
6 23
6 26
6 29
6 32
6 35
6 38
7 8
7 11
7 14
7 17
7 20
7 23
7 26
7 29
7 32
7 35
7 38
8 9
8 10
8 12
8 13
8 15
8 16
8 18
8 19
8 21
8 22
8 24
8 25
8 27
8 28
8 30
8 31
8 33
8 34
8 36
8 37
8 39
8 40
9 11
9 14
9 17
9 20
9 23
9 26
9 29
9 32
9 35
9 38
10 11
10 14
10 17
10 20
10 23
10 26
10 29
10 32
10 35
10 38
11 12
11 13
11 15
11 16
11 18
11 19
11 21
11 22
11 24
11 25
11 27
11 28
11 30
11 31
11 33
11 34
11 36
11 37
11 39
11 40
12 14
12 17
12 20
12 23
12 26
12 29
12 32
12 35
12 38
13 14
13 17
13 20
13 23
13 26
13 29
13 32
13 35
13 38
14 15
14 16
14 18
14 19
14 21
14 22
14 24
14 25
14 27
14 28
14 30
14 31
14 33
14 34
14 36
14 37
14 39
14 40
15 17
15 20
15 23
15 26
15 29
15 32
15 35
15 38
16 17
16 20
16 23
16 26
16 29
16 32
16 35
16 38
17 18
17 19
17 21
17 22
17 24
17 25
17 27
17 28
17 30
17 31
17 33
17 34
17 36
17 37
17 39
17 40
18 20
18 23
18 26
18 29
18 32
18 35
18 38
19 20
19 23
19 26
19 29
19 32
19 35
19 38
20 21
20 22
20 24
20 25
20 27
20 28
20 30
20 31
20 33
20 34
20 36
20 37
20 39
20 40
21 23
21 26
21 29
21 32
21 35
21 38
22 23
22 26
22 29
22 32
22 35
22 38
23 24
23 25
23 27
23 28
23 30
23 31
23 33
23 34
23 36
23 37
23 39
23 40
24 26
24 29
24 32
24 35
24 38
25 26
25 29
25 32
25 35
25 38
26 27
26 28
26 30
26 31
26 33
26 34
26 36
26 37
26 39
26 40
27 29
27 32
27 35
27 38
28 29
28 32
28 35
28 38
29 30
29 31
29 33
29 34
29 36
29 37
29 39
29 40
30 32
30 35
30 38
31 32
31 35
31 38
32 33
32 34
32 36
32 37
32 39
32 40
33 35
33 38
34 35
34 38
35 36
35 37
35 39
35 40
36 38
37 38
38 39
38 40
