40 170 1 2
1 10
1 11
1 16
1 30
1 31
1 33
1 34
1 36
2 4
2 6
2 9
2 12
2 13
2 14
2 15
2 16
2 19
2 20
2 22
2 25
2 26
2 28
2 30
2 33
3 5
3 8
3 15
3 16
3 20
3 21
3 28
3 32
3 35
3 37
3 39
3 40
4 14
4 17
4 19
4 22
4 25
4 27
4 30
4 37
5 13
5 29
5 35
5 36
5 40
6 14
6 24
6 31
6 35
6 40
7 8
7 19
7 20
7 28
7 32
7 40
8 12
8 14
8 23
8 26
8 30
8 32
9 15
9 20
9 24
9 26
9 27
9 28
9 31
9 34
9 38
10 24
10 26
10 30
10 37
10 39
11 16
11 26
11 30
11 40
12 17
12 22
12 23
12 26
12 27
12 28
12 29
12 30
12 35
12 36
13 16
13 22
13 24
13 25
14 19
14 31
14 36
14 37
15 26
15 30
15 35
15 39
16 17
16 21
16 25
16 29
16 30
16 38
17 18
17 21
17 27
17 34
17 36
17 40
18 20
18 32
19 20
19 26
19 38
20 22
20 26
20 28
20 32
20 33
20 38
20 39
21 23
21 29
22 23
22 31
22 33
22 38
23 24
23 31
23 37
23 38
24 28
24 32
24 34
25 27
25 34
25 37
25 40
26 27
26 32
26 36
26 40
27 37
27 38
28 32
28 39
29 31
29 37
30 35
30 37
30 39
32 33
32 38
32 39
33 34
33 40
34 36
34 39
36 37
36 40
38 39
