2270
168450.27 -272663.36
243454.78 84669.10
183539.65 -253525.34
194166.19 273095.25
134879.76 23538.65
145002.88 124691.86
-37042.60 111297.57
113906.18 -46022.08
288815.47 -192218.50
-124350.07 233343.69
287694.39 -134602.21
14647.48 314219.03
-217227.13 -17793.34
271227.27 24310.38
110811.32 52571.57
181728.50 -125316.24
-297881.73 188698.27
-10612.48 124358.82
-300361.26 -11427.09
-66268.60 -77582.39
-77578.14 -256537.87
94951.63 72006.13
269368.98 288156.83
-3228.30 7039.45
-11650.90 -95664.91
-227907.97 242434.48
209859.65 221345.33
92167.81 -104446.15
-142034.92 -13368.23
34690.08 177511.05
-56561.82 -55886.97
-180046.35 -130808.41
-29762.35 -189828.40
201496.14 41619.91
-101509.09 232937.18
15948.95 244033.38
40880.42 -99467.84
-40893.89 8126.82
-151601.12 -305797.95
74573.64 -36650.61
-303542.44 -167393.51
8113.33 -123452.44
297959.47 256501.80
299693.18 182583.45
-72680.04 -27913.56
-68375.36 -89376.31
184715.15 179210.34
243623.45 308574.76
24601.32 -129365.70
210368.36 303292.58
67004.04 300534.87
98024.72 -297555.88
-262755.57 263256.64
132445.01 -211843.70
-15695.63 272193.30
-101229.74 -291253.32
24929.47 213550.65
-163512.39 140583.77
237488.70 63869.17
211914.96 296694.50
190965.72 68390.79
235449.78 113333.55
-31071.89 -114452.96
-251804.81 142571.68
-191955.74 44769.27
-272057.17 -298155.28
111162.82 -12583.05
37082.82 242896.35
-27169.37 -212466.98
-270895.72 -75846.98
-132845.74 -164025.87
-295140.06 -261232.75
-292573.18 -31357.80
-52063.41 260495.72
-54485.20 -5623.13
-75442.09 91472.63
95706.60 -316135.96
120348.04 -66351.97
25578.88 40940.32
144910.84 140164.83
-289270.61 -93502.25
-201945.77 243128.35
-220105.08 -126286.22
3571.02 222102.45
-43992.62 179017.60
149154.50 125299.37
-280394.26 86828.61
149708.74 176803.07
125902.39 308537.20
75713.11 240918.78
31157.68 -180741.80
204072.40 132621.76
-311801.81 -114414.70
121915.77 -72780.60
-154310.54 299848.69
-57810.90 -213698.95
251355.84 -278302.18
268988.96 -72648.79
-33088.04 288681.56
265539.38 183084.80
263609.45 -73766.65
-51390.24 -173369.05
-275841.35 -152085.73
-157131.21 -33789.12
-313279.97 -313314.89
287475.57 34424.33
-160876.51 -88513.26
303393.51 193192.61
-27394.93 284472.17
-228724.88 -224906.05
216527.09 -54646.49
-191889.09 66968.60
-12617.36 -13649.85
-207800.37 -83901.19
-45122.52 -22385.39
-283338.99 102955.41
224665.33 27880.33
194755.20 247859.18
-111479.26 -174309.65
292228.72 5950.09
-278011.46 -95327.85
219534.06 -252067.92
36705.32 179604.58
125468.33 -153272.43
-35300.91 -216099.07
137434.56 60227.45
168297.82 57320.30
8129.34 -7602.20
197191.85 -81622.91
157162.56 171928.14
109898.57 254275.07
-125107.88 -178547.46
261591.34 -131849.94
139847.11 58936.71
304560.12 -85912.30
-305365.76 36492.94
-125558.20 7922.21
162721.38 166639.13
273461.52 32825.77
174267.76 43800.67
-56640.72 244154.74
-143905.88 107871.20
288224.79 -46084.23
54410.89 -111777.24
109076.66 -68711.18
296374.26 225839.50
-129427.14 199306.23
-120567.91 -167290.42
-85216.86 -49220.77
-124996.30 -252739.94
47818.56 -307225.61
286004.39 -241482.19
-23338.90 -166732.61
-126218.25 -192963.90
-58572.00 295975.36
-219855.47 103043.21
-181515.09 170493.09
285093.35 -314870.50
-265618.34 287029.01
273243.95 193760.72
252040.67 -118677.30
111388.99 -10615.56
240429.40 -29127.33
-162428.79 314758.79
-205947.89 254977.88
-238263.08 36264.94
270367.30 124600.57
-4764.55 -285544.08
-279996.15 -268882.91
98948.89 313988.91
-33343.35 294314.71
64546.03 266532.97
-140884.06 -317494.86
247625.64 -111245.37
171311.24 75109.53
186198.08 -38893.58
-258169.33 -133951.70
-292877.08 37345.65
127716.99 14861.30
131481.49 206544.14
-299280.66 51473.96
-179540.97 -169989.39
294724.25 -198528.36
152030.64 -128340.79
120932.78 172069.46
-165521.00 -227339.67
-221469.67 -188861.16
-47474.06 -129734.88
-123860.79 -242495.95
-10200.45 307213.46
196552.95 303867.72
263940.09 233898.12
155781.04 -93719.36
306230.37 318544.12
25512.59 -71482.46
-217311.39 -40143.52
106225.14 63837.87
-228452.34 309508.78
270760.45 226319.91
-74405.89 239863.47
152540.17 -28759.04
-219.42 -44817.73
-166881.37 -83530.34
253864.05 194204.17
13922.86 -42525.22
-242026.01 -173398.79
15801.87 104526.91
-173535.20 141681.15
-125947.65 -145841.65
-213690.36 267379.40
-213109.34 193053.54
183379.88 -48158.33
-226884.98 29438.69
-293205.81 -231936.39
-236531.70 109570.25
-314065.43 -129493.69
-147308.88 -114020.17
-209196.70 168175.15
204100.10 47912.63
238859.18 -300887.80
-59456.53 -222179.93
-91816.59 109985.76
257275.01 101248.41
24176.15 19845.10
-178632.00 233497.87
52116.05 152636.95
308421.09 39835.56
269135.64 4943.44
153061.15 -299834.92
202700.72 -276965.28
-15713.72 146231.23
141060.45 62438.11
-69542.49 -16318.15
-304559.21 -154065.61
12843.21 37350.89
247271.55 -264804.62
-111209.18 155782.54
96874.16 137225.33
-32958.33 -22074.94
-161293.47 -185053.95
55555.43 -152432.89
-248001.62 195712.01
27153.44 -218191.58
-43849.27 -121619.17
-146232.58 17355.37
-96547.85 -141259.32
297458.80 4761.23
126688.56 135301.24
-42370.88 91722.51
-281652.91 -250923.58
-292046.64 287233.86
-240565.69 168449.19
235460.71 279206.76
-4141.17 -301563.38
-115695.87 -145807.07
-131759.30 -131767.20
318492.56 253855.27
308382.99 283588.68
279381.62 -80692.78
111657.72 -179038.69
-276811.28 103105.50
-37786.92 272896.31
317066.89 293531.06
226123.11 -109901.49
255732.41 -95081.35
253914.63 162837.89
108015.34 72060.43
-116393.65 -282262.58
177178.06 -226075.84
179594.69 -170783.55
41347.73 -140135.91
-31115.81 49306.38
79922.53 275034.90
-261021.00 -239886.30
274421.14 -19315.30
123762.23 -135675.65
97550.56 241937.01
-294274.21 298672.96
231464.56 -80598.58
-14962.30 -188077.08
8746.12 -75882.14
-129518.04 17172.43
-157285.55 -229958.69
133541.51 179049.79
-108038.28 1649.73
84466.75 300584.82
119163.22 33208.97
-212980.17 199356.85
189888.12 -81033.29
-94953.00 314959.09
-25149.29 -302114.43
-125090.70 106909.07
-276377.64 280725.83
-74958.90 150264.79
-179190.45 243850.72
151500.13 257495.28
75864.32 209278.61
-83032.78 222679.13
-17892.16 100988.13
-98138.62 -33236.48
269644.77 24466.27
-152016.48 71919.92
-200801.51 279185.76
105623.19 -138312.37
-75974.23 149878.73
-247556.00 72739.63
-25474.59 163614.27
43331.23 -167505.68
-105249.62 -25551.21
-235727.41 -297076.17
-127394.61 -40234.90
-58766.34 -62131.83
65875.32 287490.54
126561.73 -100759.38
103241.17 76072.64
-152023.94 -103531.53
-246466.38 41014.51
24854.32 107035.14
27134.82 -317337.15
-66933.77 -83489.96
168442.64 -43462.90
210651.40 263154.79
152093.17 204410.23
175365.14 -260879.84
-291311.68 -254016.24
-119844.47 98548.96
166812.27 199216.81
19795.29 -18521.13
-126291.74 -30407.51
23187.52 -71992.75
-280346.78 -23288.79
106768.88 106160.22
161225.51 268357.12
302638.51 267713.07
-202991.05 15835.51
-300517.54 299754.85
-251777.28 -148371.58
-4356.12 -120976.98
137468.26 -305619.47
165628.64 238822.36
-24277.41 100738.94
-97163.67 -110438.87
-15493.61 -18359.41
189783.04 59093.97
90137.77 -78865.27
-106767.24 -135665.02
89847.67 296587.79
-224269.31 232697.18
-151672.63 13317.90
86609.69 182756.36
59611.08 82431.23
233492.79 -61348.06
265736.19 -198336.62
186760.96 -197954.02
164888.49 118982.70
-72197.21 163022.40
141744.62 -55793.76
241406.78 43324.50
-8796.00 -5646.18
274836.05 304142.62
-153240.31 -216271.36
-120874.44 -300792.00
-184050.84 -109848.70
-36414.55 -156671.04
115122.95 182570.62
-86400.65 -224405.19
-45122.29 100943.08
-55975.88 277826.75
-225362.99 61813.26
238155.00 194852.51
292633.55 68473.93
-232286.01 248256.40
96251.62 132025.76
-50107.84 -303164.06
99646.06 -169168.49
-120739.09 246791.27
-286082.59 -89082.08
229137.04 206094.25
-228228.05 -305934.92
241947.32 185263.87
104894.73 34013.26
-194738.46 297524.84
288797.53 140658.94
100779.84 -206458.57
-192110.03 -187230.74
-155123.94 92530.80
250025.93 152978.15
188200.29 275071.74
52402.16 37790.86
-159601.43 23909.39
219387.48 -255270.96
-237282.01 37233.60
-221880.10 316644.58
-263931.82 -316805.73
-57763.32 -278767.93
-136351.04 237758.34
160293.30 81763.40
89506.56 -44729.36
-195376.65 118284.50
-19100.96 106098.43
51745.47 292037.16
-234685.70 -157771.15
11059.63 221398.49
-82755.99 -133307.83
-143567.95 229315.83
-237959.92 14042.68
-245020.34 -289552.09
166996.49 189202.04
-164083.17 287683.66
-275513.41 256560.01
-35628.68 177804.28
57527.68 -262940.40
-209910.09 -83005.89
-245354.67 43480.33
-102627.25 -173345.67
-287346.34 191120.49
298760.64 -106324.80
164885.66 22388.47
-74811.27 303045.13
-204956.16 163979.70
31848.63 69288.89
-8908.60 282752.08
-17500.67 -103145.44
-107673.63 52493.87
198248.07 84428.09
-79329.11 -68210.42
200792.15 -19853.94
220957.74 -159512.44
-8237.36 65537.42
221037.33 -139952.04
20674.68 -189030.25
211809.20 192375.88
32727.11 230249.56
83385.15 -198466.68
109247.78 133852.09
-286408.70 -225208.94
200439.76 -87729.34
-50172.23 44209.94
258242.76 280336.87
-142920.26 53841.34
-196097.22 186541.71
24850.99 91538.74
11303.15 -224508.41
1343.17 90325.79
-16910.02 99141.06
-283194.59 312486.51
-88016.80 -259865.13
287610.72 100218.88
126758.28 -249368.13
-32330.86 -81993.67
-304221.36 7066.29
-187105.27 266137.26
-198859.14 -6150.28
34231.36 106922.59
-46538.18 -227640.70
-138849.99 -106719.71
59305.71 58115.68
-270953.57 -10245.12
70130.84 23020.19
152776.09 138999.09
140675.92 31233.49
-195638.32 -92493.31
-206200.84 -160440.99
282461.59 -295236.29
-42470.21 160629.82
114054.16 111323.21
-317372.58 -84820.12
-22634.36 -123539.13
-224009.05 -128058.86
120063.54 -81587.52
287299.80 131760.22
89797.93 -48610.44
173245.24 65080.52
307939.59 294984.41
-286004.92 -151485.26
-310392.82 -64795.15
-243295.66 -158531.35
274977.88 282688.23
-104763.59 -284477.20
289173.76 -198439.13
212330.70 -55776.62
105180.07 -311792.02
-246355.21 -153796.85
86356.19 164278.25
281584.68 418.88
-7908.08 -248954.53
167463.24 -299843.35
316144.39 -86041.71
216287.94 -32381.39
-136841.62 219088.46
-230335.86 -8286.87
-25941.27 187390.49
310770.78 -309990.93
208276.03 -102466.24
112119.16 -162470.68
-237119.61 -149655.06
108108.53 291106.47
-215321.88 238318.54
312565.54 -14129.58
187942.02 -72581.97
310176.99 -289416.27
210684.54 132071.06
100252.30 -201165.26
-100863.35 -13233.63
232003.05 -108960.78
-20438.98 -211293.01
18968.92 269053.95
-137162.76 19675.72
-159534.40 102840.36
-14104.29 249233.67
82859.18 182119.87
14296.49 257517.96
49513.71 237376.12
118058.34 -129197.75
278719.95 66474.91
-226309.18 -319475.47
10546.43 -137647.90
279110.08 -262231.29
96256.62 268456.16
-67429.14 269750.38
230585.53 240336.74
-236016.72 35856.99
273922.96 159146.13
-287392.56 13815.44
-170664.11 -44580.93
154781.75 -223478.24
37191.15 111040.24
249248.93 -270426.71
-37986.88 38352.67
-92724.90 188132.70
25483.73 -168435.56
-12343.66 237806.61
150570.71 31504.63
-192437.69 -245910.55
-305176.36 178229.92
-78671.97 -71462.62
-154560.86 135803.91
-296108.90 -203244.91
273354.97 -286295.42
-164186.63 -114919.01
-17363.76 216134.10
47841.06 228091.76
-122593.51 257491.62
306701.91 -187178.30
-200656.82 279282.86
197329.38 -64491.99
144089.61 -267647.02
114664.96 146230.42
292934.40 31936.39
226916.13 -52013.77
171501.44 -141438.62
216104.19 27779.07
65989.90 4841.59
-270561.77 -51866.02
193089.13 -178558.88
-82590.74 -294080.02
-26199.86 -79473.99
37146.82 213721.17
129875.05 37870.16
-221250.18 -257129.81
-239392.95 -316014.72
314852.93 -253142.22
207879.98 121014.04
146361.94 -168331.72
103631.17 299954.19
237557.43 45776.29
11802.81 -153416.31
-50489.78 -256837.15
261707.87 115587.89
-91485.44 180357.10
-212528.31 8274.98
204807.66 274914.55
-67760.93 105210.81
-299862.08 260066.40
100727.78 37335.55
-283229.33 -223531.47
18276.46 -78078.35
280505.55 -97681.26
68785.47 -245956.41
92592.69 -297947.71
-231883.20 155838.24
217796.00 193631.94
238326.63 -15458.91
2503.25 15907.95
-286977.77 22761.29
-50852.84 -56519.24
157853.25 94762.61
218995.37 219483.08
99052.69 151877.38
273387.87 -313831.56
29588.10 -317489.80
-266616.52 222187.89
2583.33 164890.81
-26475.58 208720.08
109777.84 236327.06
-242123.06 -63331.66
22029.57 240541.30
-125338.16 -274606.07
-260441.10 -186586.90
221499.86 -256220.28
-313285.83 301511.25
-177029.64 -32043.62
-105077.26 -11169.89
-154728.98 -275372.68
-50347.94 82314.24
167975.06 204278.14
6712.17 -76270.73
232230.70 101814.77
78932.59 154168.42
-291619.84 -160076.29
112914.23 10640.77
119634.45 254670.74
17741.75 105559.65
230502.17 193201.64
-124044.15 -191246.62
185280.69 -138364.15
-300207.82 -27178.02
-251673.95 146798.98
86391.57 87940.72
-34568.67 -127816.26
225889.97 -128414.74
91391.11 -304368.38
-251996.41 269292.43
291636.09 -197753.13
-42445.68 -62694.80
-230681.09 -78631.69
-230766.85 177239.46
275628.24 61961.10
60491.85 -173123.34
-276952.99 -151410.09
-236882.85 88862.05
218344.42 66071.20
139142.98 72260.72
-76097.71 -94591.74
24410.49 -110695.15
179751.55 -173065.13
-101202.23 310255.86
173614.65 -59001.79
-289239.91 161485.86
96542.35 -190086.61
-74921.51 -282531.36
-3989.36 122761.69
82967.09 -170646.63
-140397.07 121165.23
149381.63 -3675.98
289584.55 16052.74
-107840.59 -293590.41
-23414.75 12054.64
56274.28 -117833.59
-1947.12 -131665.55
-304907.19 -199903.89
-62144.08 -151125.68
42882.42 -6089.04
-55708.29 30951.13
302507.00 -187219.43
-92740.27 -140552.81
206602.50 -298041.04
-226667.17 -5722.62
-224571.20 -203822.41
-242247.40 -146880.15
112613.60 164271.33
10179.65 -36121.21
-62477.58 -216395.54
-4988.56 19403.61
171787.03 -16745.41
-85257.14 -205411.98
-6285.29 316603.61
-184061.51 -252784.91
-118456.64 -244141.70
124764.97 -222050.20
-205839.45 54759.75
75510.05 34106.20
138598.42 17023.30
180761.40 -38002.42
270189.22 -175946.48
-257731.77 -181171.03
94869.36 -119416.18
37346.37 -249572.84
-20516.08 266788.18
-33098.02 164506.85
283341.70 -96815.32
-1717.77 75524.40
247659.01 67023.26
-1652.22 -296008.77
-275408.05 -252387.71
-125089.51 -200358.68
-157629.41 -289403.78
130154.41 -127428.60
-51479.31 -87015.17
-306297.01 -277055.79
92146.87 -22356.76
-268936.55 178533.02
-318832.64 287233.65
186979.64 178224.16
79518.31 -299159.49
-22535.59 148438.71
282338.85 -2010.19
-68386.94 107750.07
-184423.62 194596.53
-182661.10 94680.59
256278.32 22939.22
15318.23 -180878.97
48762.63 -165830.10
-15054.83 5104.30
145674.02 -55842.93
-133734.00 -196011.63
-100856.17 90894.78
34629.41 -74476.95
-32220.38 -6270.35
-168419.09 -254179.80
185743.66 -258007.75
211453.35 -49403.91
48963.35 -255137.33
-42069.17 305653.16
-66999.05 -21706.49
210865.62 -116590.93
238938.13 287580.34
-87702.35 159738.93
259674.25 267197.83
274990.36 102719.67
78700.82 -51559.57
188153.70 156148.44
96929.34 -87743.97
-251141.00 39945.40
-179569.77 123332.63
147297.30 113577.70
79128.71 259316.66
258580.36 161683.68
-221972.70 43085.63
154951.53 -317722.53
58274.38 -173473.75
83412.36 -155126.47
-306861.44 95992.61
-44474.59 -279345.73
284309.18 -135867.66
-50948.16 150233.71
-18395.95 -58209.97
145045.77 38602.91
-104862.63 -88872.91
42105.08 30303.78
-113879.82 275927.84
78551.14 -317342.51
-144869.69 226349.24
295166.82 74301.63
59214.83 -26927.46
-120048.81 -266049.63
-218838.35 -82992.94
-2176.46 285737.70
271503.57 60868.39
-268300.43 111171.74
-8104.24 100326.57
139065.57 106283.47
-224353.57 192125.09
-61563.66 -307960.50
204635.18 19709.71
298705.67 169901.18
261077.60 43897.79
-125185.44 215997.80
-156824.51 210195.34
55520.36 -182847.47
-62545.09 -181035.37
196708.72 -6590.43
120670.05 -11638.92
92408.66 -268686.33
-37582.65 4880.32
76847.29 -304448.72
-307217.49 -96155.87
-89880.00 -237973.80
318169.02 44449.20
211071.35 160460.79
-247173.84 -192248.15
-16111.31 -164519.06
42414.55 83581.03
156970.73 176323.09
-260295.75 -258104.51
-243710.64 140998.04
156850.00 -50999.82
244164.83 -131549.15
-165988.12 6471.06
-204172.97 -105817.23
-200139.18 -298063.88
113111.93 -145680.70
267408.50 -160261.42
294027.03 34934.16
-196879.72 -234709.50
-114755.62 -184773.62
156318.38 3740.45
155683.66 -95992.30
-4613.49 7386.88
-178487.10 196587.17
248804.09 -297956.10
160150.26 -210966.33
228695.60 148890.38
-125134.53 273681.67
-305516.10 -21101.81
-79110.65 28158.53
-21485.40 -244100.16
-243157.25 -169545.39
157517.31 -124381.65
-224084.77 212176.83
668.22 70230.77
-136687.10 -291427.01
-141234.22 102523.78
-50501.94 -288087.18
-200514.99 155263.12
254488.00 289142.71
217010.19 -312343.33
213400.21 -247884.58
-303421.71 139750.11
-130211.45 -300757.92
-74236.93 -244975.27
8053.52 -179637.23
50085.06 -253314.85
-41863.24 -138959.02
204599.77 47543.93
-126788.13 7848.42
-153098.49 144017.40
-317885.70 2460.44
90879.61 266202.90
228739.25 -119426.82
203674.61 281005.99
-319503.52 94350.78
63423.63 219243.73
172086.37 164935.80
106524.12 -165338.86
252172.97 168307.05
87286.48 123305.52
302061.04 298781.88
180235.80 14507.87
305941.19 168425.10
-57560.33 35973.47
257980.05 197560.53
-212272.52 225555.01
-50332.52 257436.67
173483.15 -256630.25
221934.39 221492.73
195205.57 -55046.42
-291069.95 203863.68
-49213.05 226855.23
-204784.89 -142291.86
-30890.09 238585.23
-159972.60 273398.99
86668.01 -82978.21
-299073.20 -314960.97
64169.31 -144245.42
-85623.74 241163.28
180462.66 -25895.76
-245616.26 1337.34
243531.11 -51194.95
226970.70 71195.36
99815.58 -58554.13
-40232.36 19478.96
77057.77 -131877.41
237673.03 -89562.26
156993.01 -233280.70
-215780.20 -134702.21
266360.81 311128.11
-106263.90 -114644.61
223037.74 282948.87
198566.02 -184468.80
173855.64 -216086.25
309632.23 115212.96
-100219.05 -160477.38
70612.25 -233216.24
-148072.19 -13475.61
181270.22 126990.75
309538.36 274220.57
-262703.34 -223225.69
-312675.29 -256164.42
-261010.44 -20142.23
-194302.83 -311764.39
241252.85 -249974.53
-300110.95 186106.03
115257.56 277172.85
49597.07 -99703.25
-251183.77 -295015.65
-208578.17 94785.26
-138019.74 85535.37
30292.09 -31984.11
-183282.26 -153986.45
265977.12 3687.35
111797.78 57752.09
-43649.50 -198742.79
-34185.21 -75676.64
-158169.20 -77522.25
-291199.15 -237456.53
78294.69 11398.61
-250859.31 -187858.86
198447.19 -131847.92
11323.13 -74926.10
176982.62 -209131.68
195816.22 -78900.28
-149532.69 317332.19
285246.32 -254333.27
256324.55 182675.84
-115878.98 319368.11
-96701.49 118138.81
-184252.04 -280462.22
-153757.10 -102353.96
267928.36 -247971.34
89305.06 109952.94
-109950.64 -247716.41
82811.79 -70845.04
-53254.65 -287791.47
64033.99 -299412.29
-318688.93 84801.97
-235639.80 66360.32
-224883.95 212309.00
-307675.48 190085.11
14749.25 -228011.53
311573.23 262175.23
72903.64 69426.15
-29824.20 -44891.05
154269.26 -226096.47
83206.18 18149.15
56094.81 -282208.42
-110329.79 72798.51
-110559.40 160397.62
-192702.12 162669.12
21547.33 -208253.11
-216446.32 92901.51
104438.88 -228180.89
306618.62 -17563.37
-224786.07 18107.74
-242398.51 287564.22
163915.44 -301455.52
-84424.07 223826.39
106654.37 238346.40
-308603.04 10578.53
-123139.62 -37581.29
129034.83 -207323.14
120999.37 -281396.15
-36268.70 248517.87
-271577.26 317311.28
-19321.05 -279274.04
57591.95 -75873.92
-174771.99 109373.86
-17802.54 -97978.44
135476.33 266336.46
58459.65 166531.66
82907.63 -66982.81
113282.80 201307.02
-4681.26 -117342.88
183634.75 -191145.68
173057.49 -313749.90
147132.95 222261.65
162198.58 249501.56
-47714.79 -289579.55
-313152.43 -4284.65
55248.36 39335.47
297030.32 48085.95
-231400.82 50047.92
75136.89 155094.00
293935.85 312573.35
-168329.99 -59725.98
137586.25 188399.28
-43918.52 102985.81
85239.22 161594.45
-57403.78 -287925.98
59696.15 -184130.20
203636.44 106744.56
63138.97 18080.12
182896.96 -70068.25
138278.10 -286057.76
116882.87 -184887.74
-148280.11 198527.46
242226.15 -228086.94
256727.55 318092.65
310193.59 -224671.60
206227.62 -249226.48
52318.71 31881.06
184935.92 61980.84
183023.81 -152570.29
294762.36 67006.31
284861.08 28110.83
-158802.09 -266080.70
109834.97 212244.71
316251.35 85726.95
262683.05 -270381.86
304017.10 170703.08
-38624.63 237375.24
153014.46 -208443.46
-218113.02 -285548.46
-239580.70 -58431.73
-58906.82 110386.34
30680.44 -54141.24
-274210.15 68268.61
150055.47 -44113.05
109419.90 270448.96
270330.36 83509.55
-315937.37 -291322.20
44581.47 311459.51
168553.22 235957.61
289438.49 -167787.96
-46743.70 208425.03
-104015.85 -139623.00
-157372.00 140594.24
300583.45 187807.24
20745.93 218579.35
251838.77 -298470.17
158660.11 -73200.23
234168.30 43322.14
311669.65 259060.56
-214028.07 -179118.42
15590.84 -268656.37
146032.11 288520.27
178049.93 -149290.77
275669.17 -85436.64
-30232.09 129395.46
87457.39 116235.57
178009.99 -277408.82
44275.32 231464.33
-84005.56 -77950.26
-239175.15 230056.46
273097.74 -301048.05
-142565.03 250388.67
-269966.87 111545.52
-285997.32 -159714.85
94978.82 166822.79
-267331.87 82181.21
112290.48 295250.00
84166.91 269197.29
-167456.75 267216.91
-177933.26 5939.36
-302024.48 -46932.18
-148069.90 67069.95
173281.21 -18505.80
-30798.93 -195639.56
-237376.44 278902.29
189143.09 20106.53
220535.64 1871.30
-114960.21 -240900.13
303563.74 -257066.46
-313782.02 -73632.42
190548.17 -202829.04
263971.62 97528.19
-97683.74 -82208.02
-36255.17 218074.71
118994.88 316466.51
-224035.19 303482.32
119209.02 -56064.43
229515.32 -176984.12
-3415.67 36766.16
-308384.24 157980.44
-285476.18 -242290.90
-215025.17 177837.15
162545.78 294470.23
-198344.02 -102657.25
180332.68 55879.87
302927.22 -15853.68
-128385.51 190184.22
-289334.99 -292199.98
30417.79 193288.45
-76572.87 -151522.99
27882.16 -36342.80
176634.52 71307.29
-268852.31 201687.38
167303.21 261284.12
-167018.55 35364.95
187393.82 41178.84
201362.05 -163970.01
170697.91 58720.19
-199415.55 126070.81
-310094.30 -146757.05
43014.97 -114462.89
226859.57 94390.72
-35744.11 -270123.19
200220.50 20371.03
263315.68 238485.76
-61613.93 136431.07
127910.93 221662.00
-311565.00 19157.75
-181736.44 -209466.22
221109.49 38230.08
227863.60 -147250.60
14667.72 -295797.94
8064.67 -42427.90
177981.53 -69003.90
38864.09 -8845.81
-262215.36 189064.95
-96256.29 185614.61
20568.33 74611.66
30263.67 -151347.24
-148193.23 216396.29
-225857.23 -244006.33
-233112.95 -21643.91
86162.92 144718.38
308268.39 272090.85
-311092.58 -155910.81
96908.09 -2724.58
129841.62 100419.41
-192628.61 -170313.91
245142.27 268024.71
268388.51 149095.60
188255.98 -121905.76
48579.34 -259892.17
-126543.23 48520.96
-35272.55 274314.56
-250415.69 -151490.03
66490.48 43686.49
-230655.76 199448.89
298666.33 243392.02
-38833.64 63512.46
210691.71 -114162.85
310063.27 -37674.99
-128160.66 -218481.05
-315768.14 -118759.62
-53422.44 33150.13
225218.79 -289918.67
8271.24 -231328.40
-213882.39 243696.72
127858.65 -39826.28
-135588.54 170442.22
-272093.40 112065.66
241195.80 20799.11
248357.17 142184.59
123749.01 19575.92
189931.64 263855.80
-176859.30 18158.67
125893.40 115233.58
-262585.04 -131259.91
2639.40 38444.30
-97280.62 -102992.03
265566.21 260432.28
-194989.97 136966.81
270865.55 -5719.67
238332.76 -144117.98
-172435.96 -235636.32
-7337.31 -183197.05
-87165.86 -258331.11
-297978.03 -103624.56
190077.06 -135953.54
-197543.80 223943.05
60177.55 199821.31
-108370.08 -257915.91
-273156.29 305915.08
-190365.88 206685.17
192245.60 -222988.93
239807.98 -152950.83
-105066.04 -137062.19
-180845.06 32752.70
161919.52 -277295.90
178140.12 -212188.70
46286.94 185345.72
-58317.48 16588.52
-235524.51 -240000.72
-191051.01 -74505.98
112518.71 34974.14
-235715.82 -81037.41
-104003.41 -60040.95
29751.38 -189274.08
188242.37 149276.31
113379.66 11628.76
247847.34 303054.91
-180433.74 309344.86
126747.77 77150.68
244039.79 264189.06
-232833.57 223040.87
157778.33 94258.83
167576.96 72989.93
243717.63 284417.92
71696.43 -243932.66
-159792.40 -31332.00
25515.42 141355.36
97931.62 190541.79
-301622.77 52393.79
-259262.70 -264460.37
-266619.49 112532.84
-184977.03 -229089.94
99103.93 256480.74
307973.12 -51324.57
96731.99 43454.27
10194.52 -16191.08
130665.47 -5060.11
-144032.99 145466.02
86214.65 -72751.05
-151772.77 -311091.36
-296686.43 13704.00
318779.88 -256271.62
54108.94 -275814.23
123246.34 101117.38
-255735.62 139159.21
146092.37 113487.51
166430.92 -276909.43
267766.18 -62636.44
304432.75 188541.82
-35974.69 -98842.27
138258.92 -271511.71
-111392.37 -315556.09
-280251.97 162248.97
65570.22 -172149.66
-106705.46 -165262.99
60296.41 210378.60
55820.61 132746.12
258183.73 257529.44
235081.30 -5702.79
-312551.58 -309616.15
226862.50 -14343.15
233766.28 -299268.03
16073.97 137009.00
-18948.22 286552.75
191034.26 -173658.30
-93237.37 314327.66
181391.93 75350.27
-96699.62 227620.06
80574.19 40275.70
-18919.16 -154272.59
-295903.58 30128.04
-154120.36 72722.55
94103.71 -296767.29
243687.79 206760.50
84927.58 -233751.23
-298372.45 240294.95
-125872.16 -262483.78
-70060.07 -65286.34
269565.57 98246.50
295147.40 250216.91
-72605.22 167319.96
-28161.80 195927.48
227705.08 -22800.39
-55887.70 164874.57
-166627.30 98948.31
279550.51 166940.37
-80469.64 306645.86
-79091.31 -306523.53
-294515.74 314096.52
-119207.13 -278205.69
-277635.81 20473.87
-229526.16 13012.96
190548.32 111752.17
47942.56 236188.98
305570.37 230206.84
-222932.05 159330.59
-129488.44 272513.17
259497.37 209887.41
-106271.88 10884.15
-85197.98 276296.94
52711.14 99169.31
-182754.22 173766.57
267075.68 -289065.37
-60952.69 -201421.14
-158461.30 -318081.09
265896.69 -310858.76
-154672.55 -304270.15
-310253.16 297539.22
52336.62 128833.27
-53899.48 247539.04
157209.19 -55159.49
-182279.04 -9520.75
220106.12 -300449.92
-211047.20 127846.47
-269134.89 143481.93
-89125.22 -185083.81
-275711.40 124011.39
-250451.68 111243.80
66055.65 -5775.61
249274.97 75462.68
11687.05 -156996.69
188382.42 -307481.57
-157538.92 138438.36
47775.04 233099.51
-99887.67 -40548.31
-139191.09 145506.93
64905.65 203437.58
-26009.94 204018.22
240363.16 -209310.45
-243576.01 254906.92
-109410.36 -65305.41
294411.90 -275856.08
167562.81 -306281.86
286620.83 -95672.00
-184958.36 129879.46
38871.62 180395.82
-120695.43 -115586.03
309642.00 161629.72
-170116.52 172325.51
-260115.69 -64075.52
183623.34 84385.54
-227702.58 -315837.94
52963.22 -3768.47
-128711.94 -242450.96
76027.97 -18950.86
167826.76 136017.96
-229588.33 -91438.54
-98009.31 -260527.38
84664.83 202416.51
-237747.34 105016.62
-151868.65 222822.09
-317357.12 -68861.51
-80538.05 157203.50
-199763.86 -140187.51
18165.08 84829.44
23523.52 284707.43
205399.88 32331.22
112790.82 152743.63
-98839.95 58191.79
-119543.80 -96361.29
-310938.97 -295210.90
291699.81 308641.67
-267557.02 -267290.32
-172111.89 194497.89
187630.04 226467.81
300611.25 293983.07
38535.23 227006.89
-11801.93 -187301.34
120077.85 238808.19
290800.19 -295833.88
-179066.47 309632.22
205501.92 174583.92
-219173.03 211842.67
-24435.33 -245139.57
-297357.35 -240287.60
210044.67 271681.20
-200398.86 -268241.94
234670.30 -224563.55
-30943.60 122510.96
-139546.74 -255974.84
29597.12 286903.30
219441.85 -80722.91
-154448.81 37236.93
-35914.67 153716.16
-119317.97 -213791.84
149972.35 -157768.29
167109.67 121866.01
238764.88 275146.84
-182746.77 -126798.37
301624.64 -298321.16
-238337.38 -242749.23
-12447.01 19847.08
270731.68 -319709.25
276713.64 -220272.25
137064.82 -145008.98
215510.82 45810.38
44648.28 209593.32
-144609.86 -312796.21
281794.52 253434.51
136447.59 -56650.82
302393.89 -158396.39
56035.15 144025.10
-290808.22 -28390.55
125454.71 -169794.64
27518.16 -234439.07
-231648.75 208028.54
-149744.06 -63826.62
29907.00 -183512.51
-288884.95 15061.70
276772.99 -84922.98
97224.93 89670.79
-236567.83 35169.47
-227175.07 315843.06
-286221.18 -272995.07
313289.44 -108630.34
-246025.01 -102659.92
296570.68 160567.63
98239.51 128357.17
-235996.12 72552.94
-197497.90 68428.89
99021.86 253962.48
83036.66 -229465.76
289741.07 52102.71
154183.90 -157860.96
100163.23 -277183.44
84415.90 -81038.65
-275096.27 -230180.43
172226.66 198109.29
258887.90 -8086.25
-111555.40 253246.19
307921.51 205126.64
-568.43 241096.41
147655.99 -2978.91
-168784.32 211647.12
57802.83 253101.56
-124328.93 -205681.90
-96077.29 -240492.37
-192427.29 48651.89
-312769.44 -78139.34
-178302.37 -81393.85
247531.06 -65068.41
-76491.68 214558.92
40161.59 -305679.13
89422.38 121574.53
-42247.98 80543.28
170184.96 -118242.74
117937.62 -152597.19
280651.48 -164867.93
17258.49 121772.93
143330.54 -12405.53
117727.08 -273659.73
206198.75 -292765.40
196669.96 247058.28
258029.94 -219051.59
-60477.91 -44485.27
-208131.51 -136616.64
-317346.96 -141434.76
-82082.94 90932.25
47453.12 51941.58
-120979.08 -67631.90
16825.80 296229.19
119443.14 163249.89
-6226.15 197469.08
237386.81 -134798.11
74627.32 167634.47
275564.85 -203070.91
-170874.77 -227609.13
-22446.03 203610.86
-170311.88 -155313.82
-24485.31 59912.40
118868.68 292554.13
73900.54 -193772.90
267215.18 -161555.74
143124.57 259529.36
192290.32 256227.20
-93945.39 -126167.68
-75043.22 -51662.48
43913.41 22256.29
-241490.46 241696.90
-71187.68 -42026.23
79618.40 -95349.80
236635.14 215232.53
-283975.93 -96414.63
77143.92 -18294.49
300189.77 18497.99
147934.12 107468.88
-246738.27 -28295.21
86752.11 -123442.66
229719.18 -152370.67
172106.84 -286259.33
165138.90 130715.52
167767.46 -262473.21
-203850.72 -255186.28
-162197.54 -156933.72
53036.65 112932.19
29871.21 72264.28
240248.73 317401.04
169463.62 165642.76
33709.87 -171699.60
-217220.34 275635.30
144693.12 236024.61
38227.77 150036.17
147287.10 10985.95
-32059.51 -7438.10
-158948.51 -40584.91
104971.47 140770.42
184623.42 152110.01
-136715.27 -174686.95
-139617.42 -284783.50
149269.63 51037.98
74429.06 -177687.57
157481.97 -238353.29
-213223.60 60647.38
-228501.04 -74095.97
-316612.12 106803.81
269991.44 127595.21
205042.62 -172946.64
221736.97 -142991.68
-148289.57 -298086.64
-52122.29 -262045.10
103418.92 -169454.01
-137139.36 -148071.03
196830.25 126508.00
-157446.29 176333.05
58021.44 -296841.33
-37638.04 -180132.20
-100424.43 206532.78
216280.04 299235.05
-151178.95 34381.24
230129.41 68704.63
-117597.38 309751.17
-3972.19 219993.39
-182654.55 -168238.26
-101446.87 -270127.96
314885.54 93308.81
135299.08 253840.54
189511.38 -876.89
-2195.86 -80406.25
-243669.47 61679.31
-236238.37 35021.31
67517.53 129676.31
-109109.81 -272968.79
-143509.72 -211534.38
146309.33 -40212.51
148179.78 126152.29
147200.27 -120.07
-141997.03 -250769.74
304735.49 77501.19
-241936.24 -232744.97
-118848.82 116863.01
-229467.21 50201.67
-23854.16 -287875.92
-137262.98 -8482.06
63091.02 251762.74
-185196.42 113790.16
9620.46 235678.87
48186.08 -114114.12
-12556.67 314931.18
150810.94 88664.94
248897.89 -195296.33
-166368.94 196081.17
220831.58 -298716.40
-24676.02 -290955.52
-118463.75 -144823.69
97713.25 283655.20
-143757.36 -219208.09
-250590.51 285748.73
-69109.80 208720.55
25710.56 129998.73
-231857.94 205328.30
113855.94 -87910.20
108764.42 -171977.36
-16227.88 -164349.11
137643.97 -120071.17
298962.31 -312576.55
4860.41 191196.27
-175537.57 148060.10
-71248.81 287024.68
-155990.57 14758.15
309321.58 -240535.68
184927.09 45315.55
-259544.40 286896.15
-97796.08 -103841.89
-129326.43 273175.57
314796.75 -175195.23
-15455.56 -316785.82
-209133.91 -246951.66
299420.01 -39751.38
94553.36 -299357.06
-211582.65 195798.58
245888.26 -266693.68
304519.32 154975.05
-87312.32 -161591.15
75530.06 145818.13
287845.81 231683.15
-87229.55 303493.54
-240162.42 272610.85
232961.29 -196656.81
-299474.18 44421.58
286439.46 194770.18
133433.53 177914.05
70550.71 -171575.81
189439.31 130083.58
-98575.93 124305.44
6674.94 -12238.78
-234576.44 -31866.64
70828.37 236176.03
218973.40 126811.90
272632.32 285097.56
291188.08 -48210.94
-281725.76 164273.37
-228887.16 238384.17
-234585.42 -257673.27
-99030.41 -294479.21
-136422.70 89775.02
-307658.23 204169.78
235096.31 -217850.90
140374.51 -222384.89
-121164.55 299875.93
-135910.23 -230571.74
136170.72 222035.47
-5711.67 55385.74
251108.43 -279699.16
-184661.90 105363.80
89880.54 -44998.93
-199807.92 -230290.76
-61970.03 139481.24
15161.68 98938.97
-166736.20 -121396.67
227194.98 -199306.31
-49682.66 -292152.00
34104.06 279353.40
136006.74 -163675.94
-108886.47 -119917.79
184599.26 -154793.07
-212490.92 12725.83
152760.81 -20991.33
147855.18 -247310.81
-233190.73 269099.51
19352.07 24828.79
33744.08 20911.80
-156711.28 48272.44
31646.53 -87303.45
231343.20 -120701.86
-197973.46 199276.25
154093.64 -106404.66
223113.53 141048.35
212390.94 166462.52
5557.69 -255125.49
-98892.07 -22003.50
-305065.95 -91909.63
44948.42 42213.44
-223752.76 233725.90
2367.74 115553.52
-95977.12 -217540.72
315566.44 109419.10
-137975.06 197472.19
216591.89 156104.66
96897.22 -292382.36
-315469.15 -98150.98
110408.62 -39494.26
-277097.61 139112.24
-209842.84 -194827.87
-21620.79 173011.79
-34794.77 -245465.48
-246592.70 81544.48
168076.86 277434.86
-105448.30 203879.52
48733.71 -75660.54
-154257.44 132666.80
161642.99 267816.94
74511.20 -198866.47
-307839.50 -277185.21
-263485.46 -208189.86
18663.87 -119878.15
-121796.75 -220551.24
56173.00 -138980.72
-96571.61 -91205.59
6671.87 92541.92
190304.10 240088.29
318850.43 -34612.56
-310941.67 274697.65
15668.60 169306.06
-252746.28 163798.98
-86139.47 233664.94
-117035.65 100268.94
116948.70 130836.95
183459.95 -53849.46
114901.09 190491.76
-247185.87 -296625.40
-40938.70 72898.34
-71333.86 -35877.19
-220640.48 196578.67
-223606.43 255182.19
89016.45 -149306.38
118107.40 -3354.28
41049.73 -297663.28
-309585.01 -180311.66
-258598.38 296851.43
-285693.79 -81721.27
58477.06 -306497.43
-121241.90 87377.07
51630.81 -164083.08
67331.92 -162511.63
-98129.70 -164569.96
224420.55 -40643.69
-174559.85 149103.31
-273584.25 39798.64
-238625.25 204915.02
159446.38 33248.12
226388.63 -158987.72
220348.85 -72674.86
-158824.43 203542.07
-228967.59 48896.61
211692.96 309076.37
-203968.91 -148567.77
-235434.98 -261480.28
-17357.26 -222368.63
146430.57 13293.42
-185372.97 21508.83
206259.14 7820.79
71405.92 318562.01
161798.46 -282365.77
-293632.10 240222.99
166391.51 26455.77
37129.50 -167156.50
192532.80 26172.65
-61902.59 -303049.30
284868.74 -66243.59
-16294.49 151830.45
306592.56 31744.93
-17203.26 -116668.62
-187774.74 29584.94
-192073.63 16867.37
-185599.62 -97538.24
-264965.91 -299881.74
-314807.44 -3507.17
300661.94 288868.24
176902.12 315563.93
314146.19 176153.31
211631.24 103015.64
58641.06 148526.04
10964.15 32019.50
67025.14 277493.98
133674.87 -196477.67
-53048.09 -134413.47
-241474.46 149658.10
311563.74 74124.53
-301090.58 -315997.74
176925.79 132968.77
61667.68 -54738.19
231196.40 -64055.21
212406.85 -153503.16
315700.73 103356.50
83076.67 193498.81
68092.94 -64127.33
169182.06 32188.92
182913.95 184558.03
-120523.95 187302.66
-41326.73 -275328.74
-287754.96 114699.67
100380.36 -166021.21
-42591.82 -182597.45
68078.82 248966.38
90545.53 -207208.10
-220236.82 -232939.73
152258.05 316418.66
-198364.82 70939.38
259581.45 294595.99
-84889.92 280323.77
133194.62 -165108.09
-176132.76 -102630.42
228312.52 -126144.67
-306630.60 -190646.74
293849.00 -179544.23
88834.07 -50714.77
-276781.25 -50688.07
-19684.73 272411.76
298334.30 -95522.91
-102123.34 2077.72
230140.57 98915.13
-2210.56 233693.73
-240827.89 -47981.61
-309724.48 256571.20
259578.21 151454.12
-192131.13 -228798.90
85651.01 123241.95
-194968.33 31791.62
-302556.01 -233589.63
-120672.71 -310772.64
199726.87 -164997.62
-235633.55 -200838.96
153264.11 48391.77
-135149.40 86297.09
-233847.86 185714.44
-124187.02 164174.35
-280318.84 -162802.05
233431.22 -81864.88
-233091.15 257581.62
128847.21 19099.86
319010.95 248509.80
62487.28 228404.82
253386.15 -235713.28
276507.65 -97852.77
128788.84 -7136.94
-200188.00 40442.53
177453.12 59876.76
271170.84 -103181.14
-93116.53 -266864.48
220980.93 -51747.06
-269790.39 163027.92
-265913.38 298690.98
302246.51 -28455.26
-63105.51 153735.73
191811.09 -89963.34
185967.61 99436.77
-185586.65 3376.84
-252575.10 252039.56
-218761.40 -142878.17
-51903.38 123669.64
-261080.52 121287.67
-47582.50 -259474.96
20109.66 222137.42
-75064.61 -278116.61
1581.68 -178604.63
302158.88 -243865.87
-301138.35 147071.62
289583.61 -37273.60
45034.73 258426.98
-101956.60 -227247.27
-220684.81 -302874.46
247444.16 -112448.15
286224.23 284499.44
-46027.37 89913.03
26857.27 -29370.09
22385.47 -139099.83
99926.56 39268.61
212645.10 -142850.43
234087.93 -179586.97
256113.29 81858.86
-250782.22 -267102.52
162324.91 -81179.46
-272711.76 68694.83
-222072.41 -56142.69
-136185.14 25759.41
149406.25 160543.66
-298300.54 88785.20
-19418.98 -207477.07
-174759.68 -289540.01
172520.20 101678.14
-186181.84 230330.39
-62841.09 -174205.40
-18331.18 214731.98
182748.68 97357.40
-49949.85 169758.25
-170832.91 151557.59
-171408.74 285367.82
-297744.42 88165.85
-140401.00 206159.08
251543.31 -178600.80
119292.31 -229404.11
-271448.96 -135603.00
194033.99 308479.66
-182064.62 195561.71
305457.57 -218925.08
-65181.26 153014.80
157668.97 -34909.78
-262312.25 -154089.67
276662.92 140554.21
281729.78 -296049.18
120754.73 -278202.53
-301220.10 -113827.19
29542.62 210650.94
-33747.09 -217669.18
-2669.28 -30508.11
84241.63 139126.91
303842.45 26152.02
-9282.11 58432.95
-179320.32 -12490.69
-265223.04 -136604.38
-44584.33 -122811.64
-269659.93 185299.17
102133.62 -288427.26
266227.26 -119355.14
-255818.57 38597.72
310148.60 -281909.40
59957.60 -262263.65
134177.49 -94324.94
-123473.34 -215325.65
77542.95 167190.61
184413.86 134225.24
181188.28 235486.94
-81266.47 -97900.65
259128.85 -166139.77
-122645.62 -141225.88
-1312.68 -310992.73
62485.03 206071.32
-76840.96 -233318.82
225437.10 -303519.33
112394.07 285695.19
-83705.48 -309757.94
59061.21 -258505.98
313048.28 210684.47
202021.16 265133.61
91237.17 -35854.48
276277.12 -282264.24
-199458.02 310709.21
270294.35 307409.69
316305.55 12098.87
-228952.15 -182194.41
-210538.04 -294310.22
-82631.81 -264179.26
51626.02 238771.18
-127483.79 -237798.48
140193.21 70761.22
-64134.96 -239092.00
-124803.34 -151610.34
-235284.10 74699.60
-255943.83 -14101.35
117791.41 62833.46
-92059.45 246220.73
151677.67 214372.36
156880.65 291293.84
27321.56 -53518.39
-270841.76 -207492.23
94652.28 199637.02
-89818.04 -266373.74
-10280.69 124093.82
216080.55 277315.42
247640.38 -315207.18
191799.34 230073.89
-130421.50 163489.00
-95465.27 12251.49
-73106.38 -312181.53
202125.74 -180795.34
304904.35 -286322.70
-240073.33 52624.34
-237237.41 -189258.88
-128308.03 -15900.26
187455.52 -279475.01
294040.09 -72491.55
-178843.45 -284837.07
261246.80 -145170.10
-195705.49 198382.37
286871.19 -201536.24
152657.39 35772.00
17450.53 265087.91
-14521.64 78838.72
-4874.86 83875.75
-221273.41 198859.63
55219.08 -12756.10
275707.15 201511.64
232349.73 -57769.69
202451.51 52445.69
196191.59 -291435.62
-75498.16 -41561.25
-147118.60 128496.76
72404.49 -78746.30
-125498.24 -310055.15
-75896.01 312896.79
286533.13 152513.41
315135.67 141601.59
-265201.26 -76957.16
261623.44 -105273.35
-281017.14 -289955.86
45518.64 -168696.59
-38140.25 -185751.02
185227.49 -46309.75
59695.79 -277248.92
97001.23 -242174.09
181460.56 81636.70
249427.66 -287212.02
133735.58 17421.89
-144094.37 -311224.55
266216.85 35973.20
-108379.16 85744.17
313456.85 -236014.06
110382.91 -279929.53
-75127.41 -153702.02
-17381.83 -101570.27
-79911.63 54361.92
-256262.35 -28930.04
-188946.83 -136148.44
134337.55 -120078.59
-230388.04 -191145.63
237166.65 -292434.51
-294419.50 138538.85
54257.12 -314226.00
241514.12 -166222.65
-247985.18 -59349.90
144951.88 49680.15
-9035.15 240045.51
-173113.26 -181084.59
255741.13 98185.50
-10163.67 309123.32
269236.87 32899.21
291681.23 -253432.98
62409.49 255861.06
301055.52 -222676.59
-34408.99 271324.00
84475.52 246000.11
257659.04 -146095.42
-234347.44 -225937.49
-296465.42 -91258.46
26484.91 158815.36
145361.87 -158971.21
-135497.99 199882.61
66230.99 -103695.53
32802.53 298978.85
-295755.23 -303927.60
215139.69 155463.96
44439.37 52011.25
51587.20 -201849.76
66028.40 -196902.98
-59618.91 110397.07
310468.30 -208088.39
44176.55 42653.71
303748.28 -101223.92
-125242.33 50046.21
21440.53 224977.86
-298719.41 98848.07
189626.48 273954.54
-174674.44 70846.10
253608.35 -38617.92
226812.46 -294789.92
165407.66 277475.90
-20827.01 -64345.35
-41737.99 234929.90
225461.96 42315.62
66153.82 57097.47
61980.88 -47579.10
-231215.23 279230.58
-37277.26 208086.36
21012.72 45591.52
-317612.44 -114326.96
-222403.62 159065.84
-54365.45 25069.30
-135259.63 103336.99
-96528.38 2925.72
-233518.31 64723.70
-111654.66 194189.73
286090.70 -142953.46
-251155.30 -183724.21
-58970.41 -153423.49
-126338.69 214855.90
-121970.90 237740.18
-270317.92 159301.28
187190.41 -118763.89
117248.95 243552.10
11517.52 223191.85
280798.73 13040.81
102101.52 -113840.17
-66654.10 148321.32
-127085.01 -119562.46
-192967.45 107898.10
89151.17 213237.54
294048.86 68238.77
-135009.18 251607.76
-179397.72 -305266.68
-2569.16 -32242.46
-215535.76 -12297.45
26354.89 -80344.93
252086.58 -302730.36
257908.17 -94240.19
180780.74 -61186.18
51087.10 129363.85
-58112.54 41532.41
-260487.73 169648.77
-204162.43 -208331.08
-231912.77 235706.39
-211634.88 -115499.27
-287643.79 189650.99
-162138.63 163845.17
-206975.40 -167335.71
-288993.75 189451.78
-35791.89 217248.46
253837.13 -115515.66
215528.57 114607.05
173775.93 197340.94
-10787.99 -41195.28
-295319.95 154167.32
135625.49 45179.51
79381.64 -64495.18
283530.05 -86913.73
-238165.16 -225146.95
-27722.56 -60356.65
90098.35 -158249.80
-189467.40 -98859.70
218765.96 -9835.15
104077.20 -284931.04
-234961.57 -137372.53
-200558.14 217443.58
266366.88 270474.28
16166.49 313105.40
-29283.07 -219644.74
-224448.02 -62587.47
90870.23 -268305.85
18794.15 -221517.48
296479.28 -2523.38
-146515.31 176023.86
-115136.08 -211483.72
48423.05 298448.59
56272.15 177021.03
22230.88 -192174.59
-35009.86 262457.92
-65946.25 -45950.90
-50339.19 -71415.39
-67755.38 -106593.34
310040.75 -190635.63
-317018.97 -245923.98
-196478.22 -250629.77
-228764.03 -35739.63
-183892.46 63309.28
-136537.72 -23294.49
-245667.14 103198.00
247864.48 -184719.70
103544.35 175819.64
-245079.35 128813.21
68254.77 105072.60
-13885.21 -250128.14
20277.59 86090.71
264940.45 -315269.50
169179.76 225192.49
63680.41 275906.32
78507.47 251081.49
-121017.83 -174231.10
-11965.80 171210.58
308038.18 -21026.37
151159.31 -301674.78
-289304.05 54027.98
151902.51 229143.57
-142515.98 -37121.91
185896.22 -250582.29
-165821.57 -160446.81
32966.58 96949.56
182506.58 -277088.52
-34999.97 -66827.66
176375.84 -98249.76
-123275.85 307631.36
-225911.06 216042.13
77958.19 -190026.25
-19048.28 -10907.04
-101643.70 153796.88
168288.45 186066.13
-205658.30 109766.61
60993.63 242999.19
98840.87 189574.18
-211921.14 -276850.71
147252.23 -268017.16
-260590.35 262765.79
-264075.03 26657.47
-85920.81 -119283.15
-215434.57 -163752.11
97581.32 250449.10
250147.97 -163433.98
150118.58 76520.96
268402.04 -162265.80
-239179.12 -99216.13
-73852.08 -53611.67
-160073.47 -88626.84
-197846.51 104327.88
41081.09 -142558.59
159096.71 296181.78
98437.76 -146845.40
-218908.96 -32105.83
47385.67 -173942.28
106713.35 -227206.37
245465.90 -79545.85
196193.93 26462.22
-317658.48 236675.18
230389.46 121964.96
-307082.44 -308492.03
128184.56 130056.04
229009.04 -56486.52
-245710.98 164138.07
43098.48 241263.83
24913.73 52825.29
83434.85 89296.65
-104963.34 -36582.49
-6027.41 -33429.12
182748.16 -4794.87
128411.05 34037.08
-79363.97 -78094.19
318903.87 197094.70
-270972.34 286423.99
306206.75 -317090.52
-136687.18 -65140.82
-319695.72 82539.70
-200132.38 -99005.66
77583.45 -224578.81
234805.41 -2242.24
96143.05 72112.20
67724.21 -3645.92
-81432.04 -177435.66
-165758.29 208225.07
54367.95 -58541.74
-8500.06 -171615.56
-10212.81 -78051.38
275091.67 205670.25
-104314.36 -3164.68
75857.68 -134740.28
151870.01 -311398.19
-237506.13 -298385.06
-221323.11 214297.98
-310576.98 277182.94
-225993.67 3229.88
118051.48 -13195.41
221539.71 10720.16
146921.17 -21120.11
247760.68 -300227.77
-223481.71 265550.08
182857.98 -150331.26
47481.46 134317.75
211054.69 -182482.52
-235993.27 6396.82
-314335.37 141180.35
173138.67 -281816.31
-15715.20 284026.07
-279130.34 123284.95
-160747.32 -33921.74
145717.96 121089.63
31125.17 -6042.60
-293977.55 203410.03
-166320.27 -234998.66
182825.50 73395.21
-164070.97 117827.08
20738.68 251046.26
5348.05 87482.63
190746.04 -203813.94
-201989.67 166894.48
-143370.31 -21200.52
209318.48 231340.29
-6005.62 -316865.84
271760.51 106442.14
261371.82 -267546.62
-112478.63 -301247.22
306287.97 -299726.01
-166176.86 132474.62
-55908.54 -246164.97
-240271.44 -201225.12
210061.21 -319680.35
-118091.18 291508.37
218905.44 -117929.11
304671.79 -103438.47
180348.39 -75061.03
68153.61 -194025.70
12286.03 98177.64
310483.64 9679.45
-100146.54 255162.50
-153155.10 -159742.86
-271185.96 270914.86
-293414.19 163635.86
-188912.45 175698.08
53448.03 -303229.18
-621.96 79087.33
312274.79 85527.94
-1542.48 -100311.00
-123875.55 -52689.20
-99942.87 -108790.98
-315887.39 -280270.90
-297442.71 -47050.88
55364.03 145566.49
31600.09 299109.57
280141.72 126284.07
-151858.81 112338.31
-12807.24 -185886.63
-290619.41 142273.49
50119.04 -18426.18
-145972.33 -56293.75
-51794.12 -88518.82
17997.75 -2581.66
-131098.78 -85961.36
115757.77 -313566.57
251637.40 -93812.24
101830.57 183970.36
-120243.75 -302325.13
227456.33 -147422.38
-126679.86 244356.99
-239516.76 86030.63
283573.97 74924.60
-258698.04 -240610.23
-42052.44 10453.47
96447.77 -2169.53
107324.39 -297546.93
29283.96 126264.69
-71275.09 67417.98
-118462.83 225406.54
-124596.56 241694.40
-162567.22 -104892.96
-143582.49 298171.64
-161836.32 -183887.60
317462.40 -218516.50
66136.13 -292183.64
-84253.85 270899.89
-234375.89 -297590.78
-20035.35 -209759.43
-313211.57 113025.72
303849.30 -206342.06
-313520.19 315165.43
-141708.06 226522.26
-116257.21 278718.28
-182486.00 -90146.74
-120608.55 -220694.63
256244.08 -319775.73
-302262.95 318198.73
216218.73 108313.27
74092.35 -19712.89
-188786.55 74585.93
-190433.56 -166989.50
106785.42 275217.37
-317836.13 81315.75
118070.45 190574.00
-150243.97 156510.98
-301991.71 117098.40
250204.94 133099.29
-170742.80 125544.66
-299120.26 289661.78
-193328.84 95950.24
-304060.36 283161.25
-319565.69 42267.53
-176847.29 290478.44
-191741.80 -35689.39
160966.88 71997.96
-48041.36 224894.67
87381.06 -257304.57
-169592.49 -205328.10
183422.58 63275.57
-294776.14 240652.95
-222336.27 232150.05
22627.73 51536.32
-134819.14 -183232.96
295948.53 140081.21
-215430.43 -303435.42
