270
-8695.70 3517.65
9415.60 6090.96
6560.23 -5463.60
14047.46 1721.35
-13065.37 -437.12
9372.53 -12489.96
-18309.05 4982.56
6142.60 9606.86
18130.70 13171.22
19831.86 -2862.63
3076.15 19601.10
18361.37 15573.45
16863.06 2454.59
-17653.41 12583.58
-181.50 4728.49
-2177.04 16396.62
-8756.24 -11154.16
-18518.43 -13341.81
903.19 -16232.67
-1593.11 -2204.47
-6991.68 4597.19
12307.50 -5131.94
-17299.19 -15305.22
-11750.02 1935.36
5034.64 283.62
-12101.20 -17088.18
-3537.70 -12443.97
17246.27 -5073.21
-11176.03 -7704.65
-13155.41 -5815.67
15823.92 -8030.31
-15452.06 14324.45
12017.80 10349.27
-19262.38 -2722.93
-15701.85 4618.28
6065.29 -3371.68
15884.84 4977.37
1679.20 -6524.37
-17208.34 -13240.37
-18034.38 4787.19
-17169.06 -4964.82
-10221.86 4262.12
-2915.78 1722.31
4175.23 15691.09
-16106.98 15197.20
652.69 18813.60
5342.63 2402.12
3877.31 -12323.27
-13758.98 -16542.65
12926.47 -18500.46
-14385.28 18768.48
-986.11 8026.96
-19322.15 8632.41
15731.42 19390.26
3332.19 -14644.13
-18218.18 467.14
-10861.71 17857.45
16210.73 -10254.68
18810.64 8776.29
6140.61 -7327.32
-7809.05 -15912.75
7010.78 -12475.98
14744.45 -4793.31
-4696.52 -16240.63
16536.24 -6399.23
13787.07 12881.81
3716.74 -2104.62
-10756.79 11793.90
-17492.78 -6508.43
-17294.83 -1336.30
-4312.69 4663.54
-7809.86 -18720.74
-8426.36 19178.25
-12063.35 -2085.24
5505.54 5399.55
-19866.95 10675.17
13832.80 -18102.12
-839.98 11374.49
-19604.59 19562.52
-11681.85 19878.53
15516.52 16207.45
9065.65 14976.31
7472.34 3682.70
-1251.01 -2266.11
6490.10 -12515.68
843.75 -12648.03
1227.18 -1138.11
-12315.60 -10470.18
7753.19 -571.39
-4299.74 17324.99
-8962.83 -1730.08
13148.42 4504.40
18935.81 -18444.31
-19653.19 11415.12
8664.81 14648.03
-17585.74 3336.63
-14200.79 -3292.42
-5499.32 1340.73
15749.86 -12192.60
19520.23 5651.90
7743.87 -11458.59
18388.67 11509.31
-8683.76 12131.47
-7243.34 -2477.63
-14705.59 9037.86
-19756.87 6530.84
19275.99 4069.48
2175.84 -1036.52
-12383.49 5993.56
3810.82 -1296.70
15917.20 9645.87
-12916.00 11438.33
-19997.12 10532.58
15837.87 -4473.97
17414.92 -8049.33
13550.18 5353.15
-8617.81 4591.84
-6418.27 -12808.76
-12676.85 18650.03
1897.22 -12439.30
1815.99 -11566.47
12309.13 14086.39
-15915.25 9475.59
14207.69 -11141.23
-10006.34 8139.60
12793.94 -5706.34
8520.36 3731.92
-18181.21 11489.55
-19255.65 -16891.87
8816.19 -8909.60
11334.37 -12209.01
-7168.67 16642.11
12527.93 13565.83
14665.96 452.51
-19385.16 2599.61
19599.66 -8049.16
-15068.12 8049.44
12637.33 18547.94
-10667.57 11170.80
6235.59 18993.85
-13816.73 -9077.82
538.33 -10761.91
2841.36 6088.33
-3888.68 -19205.56
-19359.29 9869.16
-820.14 -8412.73
6377.33 -2991.93
19356.44 -10676.48
16292.23 3391.89
19881.62 -12653.88
12558.47 -1842.54
-19645.22 12997.08
-7738.72 -11688.36
-8028.92 8468.06
-11112.74 15831.98
-14746.59 -15827.42
-13695.38 7274.90
10287.40 -15404.29
-14751.52 -4106.49
-10546.46 -13342.59
-17691.73 -3757.15
-17330.66 10571.35
-18590.85 11283.86
5116.51 3202.35
-2203.51 12000.76
-2527.75 13930.35
14521.47 9506.13
-11343.36 -16997.04
11422.65 19652.43
11054.98 -17596.41
-13384.28 138.19
8253.28 -10798.94
10472.20 123.65
15282.80 -8581.09
-7891.73 2329.10
11338.63 -13616.86
-1633.37 17658.63
5030.36 -8403.41
5299.44 -7705.43
-7896.22 -11917.18
2157.35 7321.42
-14318.36 -3744.31
7870.50 10823.37
-1002.44 4275.27
30.69 2499.36
-19373.14 -11092.43
-3616.45 -9226.23
-17773.43 -11115.35
8805.80 2398.54
-1235.57 -9238.67
-10211.47 -15427.00
1257.02 -12722.46
11430.59 -455.83
2001.88 8219.16
-3086.94 -8278.33
-7689.25 3769.42
4491.69 7284.12
-7250.18 -19621.11
-16028.51 -13711.79
15867.10 -10882.95
5704.35 7284.25
-18568.17 6536.35
2059.74 -15586.69
-15834.09 -11973.07
-18581.58 17031.92
-6021.54 13679.83
-5345.71 -8194.65
-11298.59 6644.77
14118.25 -2666.59
-674.87 -16008.47
5118.12 -8754.14
-12270.83 67.86
-10084.34 -181.66
-3080.95 -17645.03
-15805.39 10083.92
13760.07 19835.57
6060.84 -5565.87
-15788.78 -16157.52
-2489.49 -12260.36
-18937.83 1431.77
18432.33 16950.43
4165.29 -18773.45
-6924.13 3206.56
13166.72 -8211.77
9046.93 -3546.48
-7253.44 12471.37
8782.97 -17455.89
10353.05 16781.12
-6453.36 -17146.16
-13567.12 -11762.81
19906.28 6385.03
17168.52 -11269.61
-11285.40 14381.33
9709.62 -617.22
-13396.65 17432.85
-10089.53 13905.26
19962.04 -14915.09
2566.57 -15542.12
-18582.20 7955.27
4140.15 -19986.40
8832.20 -7665.06
-11995.11 -2789.35
-3228.77 7299.62
-17827.37 -16284.57
-19497.73 4320.60
-467.91 -5917.96
-7528.84 -10624.69
-19418.22 -1888.70
-8713.66 7554.38
8664.88 -18289.68
-16793.01 -19831.73
-2299.80 -19749.24
16124.32 -5634.50
12424.20 4429.45
6049.88 5232.37
-18882.88 18626.79
-3906.11 -9593.67
843.10 11765.54
7954.75 -2811.15
-4819.60 674.26
5901.45 2148.86
4460.69 5943.29
13259.19 -16766.22
-11504.60 281.31
-18608.99 4382.10
-18179.91 -10619.57
11185.41 -7369.50
1424.96 -14725.15
7037.18 7722.55
-13018.65 -7806.86
