3270
-489168.02 -2619.76
351771.46 113163.20
517997.03 -25111.18
-71883.51 -239055.58
-348836.67 59689.09
448386.33 174621.09
438466.94 -152716.90
-393522.03 483533.12
60468.59 -212915.77
482106.01 217124.64
-188774.62 -334710.12
187723.26 209805.85
451245.68 -223565.78
-400863.03 -446820.81
403321.14 373038.28
-457429.94 -99634.85
-144882.40 347095.09
-79076.79 126603.03
-471706.71 57605.93
-447509.40 -70350.63
-215582.48 117236.35
-117582.31 206836.10
36136.97 421053.52
-54091.62 483157.47
-178531.19 -387169.47
-46160.89 -221972.69
281344.95 -356370.15
-31429.70 10334.43
124489.30 117131.62
139951.02 -245576.42
-294818.51 -143070.50
-169826.52 -479881.93
513355.88 -3103.25
-219815.12 -198841.47
498147.64 40415.53
-515379.25 43129.41
-460022.12 -380489.51
220704.43 232852.05
-180255.43 435476.30
-418780.06 -419049.89
165203.98 -457799.61
-270380.91 -72996.26
-120339.03 -202714.10
16175.13 -39263.94
14791.17 195743.60
-444603.79 -39066.88
-250812.94 -261454.87
-283687.34 -334204.88
317747.66 -413901.07
124829.41 -76275.46
54220.80 -82565.17
240858.26 -27586.87
-397381.12 -166631.53
-469096.34 -15169.26
-210166.23 379445.11
512003.32 -271221.18
-491976.16 157941.52
475673.75 70800.57
392587.39 -465851.20
-389547.28 -454398.11
-292268.60 314417.78
-245859.35 63976.64
-497149.35 -227340.49
-353102.23 235908.09
-401317.37 236318.44
121588.88 377607.68
-503073.35 331918.46
132760.32 431479.52
-385358.47 -229526.95
-197940.95 87882.94
-150999.49 508604.88
-343315.37 -259997.25
74031.93 -484363.29
-497702.13 35065.62
-38014.79 -213615.76
518216.47 361097.26
106595.08 -312917.14
-9848.90 -249041.71
-266191.73 240917.19
357519.96 -130301.91
496016.78 -83293.31
-185114.94 8767.94
381386.66 108465.22
-245196.76 -272469.09
-8638.85 274736.75
15146.75 -460111.96
-284603.03 96182.66
-341484.13 -385185.33
202675.10 -6149.09
-49349.22 308820.14
-274827.00 -211830.87
233724.44 265203.94
-392073.45 452262.47
448579.66 361374.60
442744.13 234212.79
201009.73 -446188.83
-192302.42 -434752.53
-131363.64 327480.78
471798.20 22699.98
181094.94 -485291.59
-245245.36 86536.79
2672.31 -131183.66
-85514.97 -148079.15
253714.57 -110007.55
410905.45 442688.08
-6715.89 -324268.82
48.83 407330.02
-266905.39 413008.26
408684.85 113353.50
-471363.54 13602.55
393073.57 64877.58
441258.87 209821.19
518810.40 -329305.74
343351.55 389892.10
407780.20 -260848.69
16239.29 219916.67
196062.03 -137398.45
183124.30 493204.12
168632.44 431200.96
-469538.40 58967.34
-373880.21 88129.62
-187760.49 -126305.84
-367062.03 -414434.11
198305.72 448059.72
130878.92 -21064.83
-81170.11 -181516.98
-206443.43 394066.37
266514.10 -337714.25
42902.57 470067.65
-182264.07 313486.17
5323.97 -31714.95
-517558.86 -304420.75
420884.84 450828.93
430458.33 -421675.97
-197875.62 364927.28
-439128.83 13846.68
153906.90 518569.98
-206224.46 173326.21
6073.80 -58939.24
-427828.01 -62344.46
-47182.59 453668.98
487264.84 -484200.91
338726.71 -263257.89
-412801.90 354975.33
-436278.26 99863.53
-513506.27 -105678.62
427563.23 -278874.48
-103239.63 -88461.86
251111.05 -216976.46
66190.80 17185.34
-265955.80 225023.47
-156944.54 -466046.53
51434.10 366564.80
16092.81 431566.13
-221296.58 -119252.03
441713.24 396773.94
-211605.86 252295.91
-117061.63 75632.08
-48252.67 497707.37
-40445.73 -182343.06
-373990.33 127433.57
-413744.16 2581.78
-475537.90 404892.06
-194022.02 329231.10
497758.02 -248471.13
-374308.02 -415198.64
502622.22 -482179.96
451226.45 340968.21
-266927.12 -414970.76
274532.88 -373174.86
-192880.12 107288.49
-352494.77 -421736.39
456362.50 150673.16
457418.19 -487843.67
-138982.65 -203499.67
-300555.79 371556.26
-334004.76 -430986.89
-352517.99 -260824.75
467551.65 295465.19
-277170.54 55606.23
19366.45 432196.63
-478214.87 441334.27
320865.08 428968.61
105472.47 -65352.22
-368861.75 -317812.26
-127173.92 348315.93
311626.16 -196712.71
359903.00 -241630.81
-326465.61 -292513.45
-281960.74 190612.61
209368.72 191123.86
475492.63 347590.16
-220617.61 259088.96
68604.92 -398420.02
-362875.63 -359246.58
302287.76 -503523.28
-88371.80 -167111.92
-21098.21 46690.05
143839.16 475094.09
-14196.46 -158784.15
517681.08 -444601.30
82309.89 323827.74
-285406.88 274838.17
-366487.63 -335854.59
-353574.61 227140.65
-276495.76 -507817.70
346005.37 120741.40
508722.81 519122.70
2259.86 115268.98
-123698.50 -65508.08
-129386.63 -418188.18
94643.07 -91669.67
-251470.95 -508155.29
-83319.20 436527.91
244168.64 -465171.49
-348269.06 174913.10
187870.00 213453.95
466600.09 -136307.33
-94527.70 137331.44
-458933.52 303316.39
108446.44 -213182.14
119403.46 -416698.72
380558.84 -171986.43
346243.55 465778.04
-377308.33 -276460.05
229024.71 338280.15
149318.29 280083.93
-304531.79 146725.52
48077.26 -501726.96
365222.87 183407.24
-501347.34 -131108.41
284641.88 350583.85
-6201.58 -410678.86
325219.67 91571.17
455607.59 105991.37
-217493.46 141953.85
456835.28 221315.82
-237131.08 180261.32
201754.70 -261966.10
-26540.58 -247391.33
468525.25 -517440.84
-253665.80 510804.69
-315392.37 -513599.93
429627.80 -295283.63
477419.45 -486600.17
72891.06 -251894.20
13445.63 -85021.09
149205.83 354786.57
-512758.33 -50705.55
-336451.86 490795.21
-214922.02 -210565.67
-428668.56 6149.33
-374618.04 429007.85
-35904.13 192915.36
-386978.78 -420226.90
343949.02 131012.13
351967.71 404736.48
-200221.92 354946.36
-404925.18 214236.79
-335.38 366927.83
-65937.42 -445377.20
322261.37 -492739.44
13092.78 -411657.40
-285473.75 442144.01
-175818.66 -325697.62
-204093.82 -59049.28
-491317.28 159398.40
479319.81 136260.04
373218.77 -32944.26
5371.06 -91966.31
104279.00 -176252.64
494977.76 194843.33
103766.55 -430296.95
377294.38 361131.63
163671.66 250221.76
-341002.33 -71571.35
301059.86 -258709.62
11181.98 28996.23
-206010.56 -144954.09
406610.08 -212653.14
316443.79 215385.76
-504027.04 184112.53
336334.27 151140.25
-166294.33 -400061.07
-444768.21 75456.76
-439410.89 -346808.15
318010.51 462.10
-2575.80 -349168.88
-503465.56 -178431.44
-130700.73 470372.42
-292656.34 -511369.77
-46395.04 -246413.39
-131635.85 -416545.96
4674.17 298957.01
-208364.96 148944.62
-147802.39 323527.28
-91934.95 -83525.64
-230622.52 134286.24
6545.99 469076.26
331944.90 189156.29
-203304.91 342719.28
-96442.26 -439070.84
-485940.01 -488382.38
40689.01 -482831.10
-429505.24 517182.91
-286040.24 -465040.90
-489888.99 137715.01
-387071.22 -25697.73
-357700.27 -383877.03
20937.42 -439280.60
-101073.65 115192.75
301716.28 -50054.88
402671.93 322630.24
-97577.11 115665.76
-335862.58 173362.82
-335848.93 474847.98
27769.75 65930.79
-352504.95 -439812.58
493106.30 -65307.35
333826.04 -482199.38
-204095.50 -46672.08
-496407.83 239457.55
-479180.86 -122671.61
-476346.10 -497710.05
237187.27 -176238.68
-173786.55 -298988.23
-432727.85 -56869.98
-446126.56 305476.31
-448012.27 342440.91
-70712.81 -40728.83
-170480.99 341063.66
404571.21 -465284.75
-99363.60 -452027.16
314236.43 -238891.38
337871.80 -73727.52
-86574.91 421432.54
-55080.55 358622.17
-397537.40 257197.58
419162.40 -107763.35
300172.04 -449414.09
-6013.66 -310457.78
-83561.76 301320.10
32226.60 129832.95
257058.29 -119040.24
477957.69 -28727.22
122402.70 -96675.58
388773.03 308166.45
201523.00 323324.29
-357652.78 -115917.46
-18552.78 -392758.31
455286.01 -221595.15
-4271.19 -246506.72
130478.13 -175568.25
256571.04 -284918.47
-98280.04 77529.20
211615.56 -11987.46
-266888.81 314208.99
152292.68 129914.99
-35853.63 -427033.20
-83231.97 44080.71
155516.03 -372665.94
-361490.25 -503791.67
379268.86 -496097.79
53769.75 362052.31
99111.28 190395.47
-237165.62 -246942.21
-252515.61 411627.88
49469.70 354103.30
-159399.37 376216.29
-215068.64 -405544.85
-401523.48 180939.68
-403652.84 -204827.50
282968.24 -181178.28
88010.41 -59640.71
-79335.01 -29935.37
16945.37 -165177.47
-106498.44 328684.23
-310549.31 228309.19
58059.10 -281838.67
209174.55 30613.11
-144155.03 -369183.71
302344.62 -211347.23
258742.67 339106.09
-320554.12 -392524.01
-271733.28 51163.55
-151549.96 139012.26
-25295.11 -182733.46
-310282.27 500705.23
-452308.97 377196.17
419642.38 11237.34
-66910.29 -181064.70
-289991.03 -369932.29
412860.92 -336449.71
509868.80 422488.09
15291.33 -359162.80
-287765.05 253827.47
-335349.74 270291.55
-85923.89 36764.15
313250.62 196328.66
168652.90 -49915.87
222333.64 -256529.31
-337385.04 -196827.10
-171438.91 34473.32
-412293.27 193426.01
-240701.92 189756.95
326886.92 -125424.84
347715.77 -431276.72
376109.96 369391.64
194402.89 267643.97
-141477.93 -97719.45
422997.36 -272246.76
-465557.34 144360.19
-211962.70 -378790.46
131140.05 138031.09
208370.77 -509606.49
472563.48 401616.40
333310.30 -241746.77
-491392.94 174797.20
436013.17 -213676.32
70268.72 465226.45
-242757.10 52816.21
-37004.43 486928.90
-334641.66 443809.82
-494740.39 75484.25
514733.21 23643.69
-176988.38 221800.78
145040.80 501675.93
485185.71 -420217.05
395311.91 347923.84
21836.58 457232.67
420859.22 -161886.15
-470089.20 -140144.85
-317785.34 -40362.17
350608.07 484751.12
319813.60 -353317.76
458967.03 93549.88
5495.35 92553.53
311880.30 -498609.23
-510274.66 -165822.80
-216381.71 -116081.36
103558.67 162996.38
196129.69 -442873.72
-400524.32 -135910.92
-78398.80 -31590.38
-225423.50 -19864.76
-410027.87 -131739.44
-299602.69 -77840.64
-340631.54 241679.91
-229126.87 -487394.62
64118.57 390334.84
-298489.43 110347.87
126719.14 21940.73
-176805.66 -53481.60
-257702.85 -49137.96
118998.16 339579.17
446481.20 -62851.56
13638.70 -343891.00
50931.45 -341171.02
424559.83 -65931.05
22250.99 -175424.56
234279.87 -2623.82
68450.45 -3986.61
271056.53 162181.97
217406.96 95971.94
-257171.90 -60016.47
71199.58 -193078.93
257823.11 -284299.36
218966.33 439727.05
513690.92 302813.25
-278858.36 44842.11
-417252.29 81283.59
461440.61 212061.30
182750.27 363397.03
-230104.68 -460855.17
390243.98 278255.37
312530.47 -40213.40
-137454.84 -281961.96
166831.23 -40565.71
-242972.04 -129331.66
202187.11 169677.77
407814.69 -425138.19
-406374.91 100775.87
-136090.26 -408759.56
-318421.52 213390.36
-338287.09 -377579.67
-33115.97 -491946.27
-250940.84 48357.32
138261.16 125255.24
153754.78 -14191.13
-355603.96 -393938.00
-289527.83 262166.16
151187.84 380137.94
-141050.83 432982.34
126755.78 -35495.21
147618.21 -50738.68
-346429.35 -502614.38
-267338.77 -121533.32
236965.88 471026.08
-207819.30 238483.80
119832.98 401807.26
-50598.10 -317577.28
-133371.36 -258828.87
349525.34 443820.86
-336451.57 75683.05
296675.54 283395.21
-380458.90 42906.62
-22334.91 15920.45
158083.29 363897.76
-213577.90 149025.92
-15995.14 493347.32
-503818.23 -463766.55
508839.64 -62510.68
-101728.51 -289175.42
62578.10 188713.02
-428813.02 -102981.95
-261780.31 349488.25
-387257.77 -200494.36
122559.67 509226.50
-422406.15 -84441.58
-272205.66 334612.04
325389.43 54494.18
-51395.48 -196688.77
-49183.88 -501633.28
208419.13 382727.94
-329905.39 21786.99
492562.36 -171962.00
333560.98 -392711.36
-215379.41 425848.63
-446635.02 -282316.25
114443.80 393361.26
405707.21 257434.75
370175.71 105703.67
17362.15 311817.90
-317719.44 350001.94
-460587.87 229264.73
57388.08 478877.22
29948.63 -386406.36
-220194.60 -364862.82
-232670.40 -380391.93
-191692.86 63975.11
-252229.94 95605.41
451247.46 69893.83
-120672.79 -431290.89
-98681.50 494135.95
-222927.57 -278412.15
6949.09 -464570.95
-137084.71 -282284.75
-52999.91 306880.49
-258670.44 66714.82
-147444.04 -65358.50
47345.23 76813.42
-150396.99 -194843.29
209295.86 -186905.96
-161181.53 -163483.79
182355.14 -118690.77
-26612.38 -415287.89
403887.24 473621.82
-276757.39 -178462.24
512503.37 -312595.54
-317445.87 269942.82
-396554.04 241440.54
-507374.58 -10586.11
-48603.35 -3995.84
-227530.22 270612.34
81317.80 199171.47
-339058.69 498699.26
338773.88 248173.51
-153511.15 -250713.62
135338.76 497686.76
321925.92 455172.03
304920.07 -66334.12
288554.38 78740.64
171208.19 -158190.53
337496.78 -375087.28
-289044.88 346636.54
336935.60 57254.14
-244183.72 -359293.26
18694.36 404169.67
-238165.08 419521.04
8817.07 463565.14
-369183.51 266089.76
256508.61 226051.24
167658.63 244303.14
405122.25 486992.50
-109626.77 359910.97
99289.40 -426143.12
142566.02 -253085.29
-253049.42 361489.11
195686.12 -331420.58
305738.63 -130349.74
62814.65 460123.18
79376.58 -287131.94
16056.56 -150741.31
205462.26 -267036.37
-61482.37 -425207.59
369209.35 413767.48
-3572.93 433777.08
-501491.80 10273.75
30830.45 297401.81
-22568.62 419137.00
46560.94 80796.46
284498.15 -317325.16
-218346.02 -336418.55
414514.57 46547.30
-513238.68 64581.56
253329.58 -122046.94
2500.30 -176211.06
22356.06 264913.56
94584.26 -148854.48
260793.60 328844.89
-215528.87 155418.72
2358.58 -213169.61
-239777.12 -51569.19
-384207.13 -463345.67
-235861.12 -157626.47
84840.70 197604.00
114772.74 112666.23
-14662.10 -301123.45
387200.42 -58378.43
6625.73 337214.07
510834.67 -349373.42
-437438.76 336654.26
334871.21 -456983.98
497399.72 -427963.23
455703.54 -97079.23
471743.89 -127521.23
-464855.30 -500297.80
-480398.03 182490.40
329590.26 388122.07
438719.15 -405121.83
456242.66 402494.71
-432171.51 13275.62
-100685.44 27567.37
-431204.23 190648.13
190879.11 -298099.21
497636.57 456202.54
156804.65 468079.20
-68946.30 -32779.29
-324899.80 -28295.10
-361878.58 -107043.27
99113.70 -459448.88
382630.43 444139.80
-351736.37 310477.45
303841.47 505822.38
199638.55 251730.42
353785.01 108657.57
515146.00 388554.92
-249585.53 250699.30
61609.06 -248063.85
364857.94 -307478.05
410640.25 438531.16
262348.72 187729.08
190025.88 211574.38
448633.28 -101853.80
427470.94 -392968.83
-198591.18 -75189.56
-162191.99 -123539.20
314064.27 201781.86
203721.13 81023.34
-417899.36 -107680.85
-511890.64 434480.25
-317931.36 -513823.94
-32156.70 -441872.35
-231594.21 -449486.27
23090.29 -289421.80
172106.56 -13638.27
-158452.44 -63484.82
219074.82 -368048.70
109941.35 -352292.84
38543.23 -285529.51
-199785.99 -295957.53
-177543.54 258599.93
234715.07 42281.05
141889.37 -26157.46
2101.61 265055.10
79369.65 -490280.42
-344690.31 227159.56
-189779.57 -320569.07
-219277.62 451604.80
-476477.74 -360079.93
403034.01 147875.23
70833.42 318604.14
312364.42 -234329.16
-47448.65 315689.59
-474625.75 35799.30
114942.89 98256.89
240483.23 -470988.60
-158007.82 69067.34
297314.60 143897.81
202684.73 -177180.10
-46281.94 241496.72
-497760.01 257583.74
111910.41 -104765.65
182517.24 -92207.77
27276.09 84245.41
-351542.82 -71703.43
4996.76 140966.09
209268.49 432665.11
109668.18 148593.89
-422335.61 -438575.13
-102142.51 99904.84
373736.13 108774.35
279964.05 -378172.48
129244.42 344831.90
153528.84 423309.16
219019.83 -135606.33
-86746.72 -488865.86
-209187.23 -174803.96
132637.41 -357956.51
449315.68 -410431.89
-182952.29 -315768.45
185199.52 -66716.51
-339367.20 -9580.37
493381.39 275654.10
135052.38 165870.22
-270023.97 -317227.03
72861.93 188428.16
517560.73 367411.82
39006.51 182618.86
267914.29 337015.38
165967.42 -97978.26
314663.23 510736.82
-222584.70 -121753.59
-449251.70 266644.13
-509980.32 -292752.93
-46892.34 -265870.31
-344140.45 248082.76
-59685.60 -340411.92
346321.45 -72289.98
-261292.13 -441718.10
211390.81 -478694.71
126875.15 -383368.58
-174312.04 -361110.18
1567.87 -75662.76
189042.50 351497.98
-149946.26 50237.56
204690.18 441327.42
11712.34 357940.96
-458813.83 -270230.46
199223.72 -475176.92
485025.90 -178820.70
462745.54 130524.50
234340.87 51052.34
-512819.52 -230692.90
-122469.31 -371859.35
318864.94 473441.62
159209.73 430035.81
244916.69 175216.14
-518489.65 27977.77
-455734.68 -401701.01
499198.51 -18620.01
-7390.13 -445635.71
99553.36 169300.81
226583.80 439207.15
-291237.64 -91431.21
23722.32 435891.16
-360216.23 -174990.29
198756.15 415351.62
-492037.79 321657.41
423465.17 428173.41
-427118.87 -429459.16
-396761.36 279875.44
247659.07 -140984.85
397679.93 -187292.46
89845.02 395586.08
-127385.96 -329850.01
-109105.03 -303240.22
352793.01 -309812.31
447777.66 -513489.41
-342359.58 330656.40
-234165.93 -443774.31
-362997.76 -424201.20
-396359.01 -370953.43
-235051.26 -212091.91
430825.75 185100.41
-222848.57 263339.87
-199285.61 362169.82
-66757.45 177906.01
-508976.70 78329.92
-33340.35 -17770.31
-360421.87 443770.07
-516877.84 16017.54
-363181.56 148190.93
-58583.56 -134793.36
476569.05 398589.08
-112878.33 -145384.59
80440.61 -49620.07
345118.59 -497865.35
26285.33 -68917.86
-456362.12 351476.47
135526.47 94441.38
-279700.61 388113.25
318609.23 244204.93
-425254.05 307918.21
504718.50 145642.88
338550.15 247800.14
473264.41 -255691.32
-486954.52 353799.67
-320472.61 80969.33
-329446.12 185152.36
-296904.93 402489.84
-79066.80 -233861.47
184783.85 -211884.96
397439.91 -348998.82
-426260.28 437660.12
-395486.86 98844.90
-418772.17 362932.67
-449389.48 347043.50
-293691.47 -143528.26
367872.81 138596.42
-395359.77 -121475.65
-271637.18 -212911.01
141109.80 390394.78
-159194.83 -398895.88
66439.52 481147.21
316038.02 109133.81
3250.76 -509451.25
-300380.42 -260996.89
-176479.94 280179.04
104190.02 -300614.15
-52421.06 118251.33
276762.31 -235195.08
494583.59 -56460.24
-394599.81 -420876.19
-206627.51 -39495.68
248354.26 -219534.06
166187.89 464548.42
217170.28 323135.55
-98636.93 -75865.89
-474606.49 -402116.73
-271489.18 -475988.67
416102.69 -291499.13
413078.90 -266877.56
151145.44 210713.01
104288.47 108927.91
176419.00 -79079.76
-48895.33 476596.31
239260.81 315052.27
141615.44 418708.76
-264603.72 -329030.12
-479831.69 369947.01
-393887.56 -321602.69
357504.47 -128267.64
489959.03 190778.20
-118070.62 -394329.15
-468407.89 -401061.38
497285.11 -337468.47
98417.71 -180280.00
20718.36 -384852.30
-8696.16 -180836.20
399110.49 -351761.96
-253259.66 388168.44
366296.26 -480584.06
-446386.53 -318636.06
-431017.42 428633.39
-171742.53 414926.09
-242068.84 177373.85
-321413.72 -70700.97
177925.48 -185807.61
-48695.91 -389478.28
-185115.02 -137567.32
88382.02 435087.37
193013.02 60512.06
-152786.56 -352403.27
-181571.25 -202440.56
-320756.87 9875.02
84602.57 -411989.87
10120.51 139085.12
454355.57 -102376.58
-220839.44 516155.93
-134953.61 307102.75
41903.63 461870.08
-211599.03 -135500.10
302201.30 -466289.18
254051.08 143885.92
-161073.24 -495192.97
45783.17 -289226.67
480510.80 -185106.35
331726.25 -64463.75
-386336.33 510734.43
-266877.89 161818.50
392143.20 70528.99
62947.83 -149896.44
66155.15 88774.72
103864.67 -439028.10
48492.14 510249.21
263177.36 231957.15
-480573.92 61190.82
113250.64 319455.50
3526.46 229694.27
-201937.54 -102505.94
420184.77 -407445.31
-353541.99 224162.88
401817.77 513519.44
297841.15 325735.85
-267716.87 -354914.25
435173.79 395062.00
22055.60 297530.32
264282.06 60557.03
-446325.87 -99796.64
479591.68 -188849.11
-81642.16 -256651.49
-248428.88 -326367.93
494694.56 -302738.24
140174.86 86941.34
47472.34 -21775.20
-102079.54 -259926.75
-278569.57 -326872.20
518376.85 -90635.11
-31889.47 -290109.11
480071.03 -266119.95
274559.67 188854.68
451777.58 499592.02
464812.80 83891.59
-70799.74 25947.97
202263.79 -960.36
-372935.38 118489.09
-348442.88 -233480.41
430957.17 -68410.34
-337772.10 466798.11
-388937.56 111747.29
436904.83 -435923.95
397986.77 91624.34
-132938.68 422576.20
211608.92 102888.92
-157869.61 -464303.28
-412709.51 -204776.51
-259405.83 -461004.70
-10018.43 488260.82
-464720.96 -360105.16
-24371.80 -345241.34
-435513.94 301013.39
-40541.56 -390691.10
-216688.10 -360670.14
79377.79 390851.64
-457264.56 223889.30
376574.98 -104057.41
419731.78 -33044.41
328067.02 -250418.23
-387501.98 -242201.55
-105961.66 -359749.68
-181815.87 199751.36
-378889.95 -295893.69
-204318.48 461889.28
-93886.39 316094.05
-383955.18 -124905.16
207331.67 -375024.63
-150155.51 63776.40
-284291.83 437537.99
-483001.99 -519132.38
315286.86 -401362.21
67717.87 -500645.74
-103759.26 275522.30
-490710.51 398391.25
-406972.04 -87593.71
191564.11 33050.05
220954.99 -55253.86
380548.76 368773.87
182206.40 -505470.16
422018.07 -167498.28
-212614.21 -294257.47
478215.55 -42412.65
76496.63 -162876.95
79589.05 205497.91
379573.13 406982.70
-283447.52 202766.94
-107465.40 250695.95
164251.58 76813.77
-441346.60 516185.64
129329.98 311987.77
-95803.20 514863.53
410735.79 -98599.07
-445537.54 211326.17
346692.82 178769.42
255970.49 53536.80
147542.20 -50538.00
211811.71 -39500.97
215552.04 -407100.27
396635.87 291305.61
-91550.77 224801.46
-505102.54 223706.91
439877.18 -43486.06
-290044.92 -325803.30
212090.60 -92953.53
-468567.62 32508.05
163233.21 -8392.37
-262437.66 499819.27
337451.70 -506092.70
-100788.37 128598.92
-219328.49 180362.61
406901.04 439120.25
152973.62 -139523.03
-246775.95 -111831.40
-84982.67 499271.16
372204.90 155828.20
230569.89 352546.72
416077.95 -108531.89
121239.45 -186920.92
162355.04 175986.81
-156599.84 -365150.49
-414660.37 -4354.32
135028.63 -158487.19
397423.36 405898.56
241935.82 -422132.32
-111968.93 -277038.79
-262683.25 -171658.36
-267100.82 -504495.05
-147344.08 423604.81
-268280.51 -333607.04
433643.28 456020.60
-228851.61 292256.08
453453.69 351304.49
16416.82 -53656.51
-104196.87 -256909.35
201062.80 275907.99
341561.53 -439268.01
377559.39 207190.32
-168154.55 231921.32
301135.26 514327.78
-35398.07 -442741.84
452679.50 263110.79
298424.42 468811.63
182826.86 -112673.62
-357847.87 -39748.33
6941.38 -493490.40
-328374.61 -420426.21
-128098.10 366168.81
329390.84 -390452.95
-251621.07 -415939.04
214529.81 485061.94
434332.27 -311899.17
-99356.10 -167837.17
-298158.63 429075.17
357600.28 478535.15
-266363.14 -292928.13
417030.83 -421956.95
-303217.70 -13675.30
458125.28 -192843.14
-98057.84 406189.67
-453160.37 54791.10
-56849.09 252213.01
-372871.57 -275384.44
-57390.03 -68107.84
-322180.86 108729.99
-316673.64 -325070.33
-182762.92 -240471.88
490237.01 -142002.02
145697.16 -517422.71
187750.64 -160122.54
-314574.36 -373466.00
505855.88 439005.87
-206101.57 504158.56
310846.27 -200199.27
133853.90 -367966.11
-84465.69 -404868.72
-296868.23 49564.75
424779.80 213948.57
301435.44 508736.07
113543.28 45881.39
-157909.59 -268737.30
-154351.73 -261090.80
322802.74 -253955.56
486402.76 188038.14
-455937.81 -13578.24
-236351.61 112838.96
249827.94 331817.52
-397762.96 197160.74
-497191.21 -483578.05
184028.14 -150848.21
-188081.00 61569.97
216336.63 -252946.91
30872.95 96878.48
-470837.23 -82123.42
30346.91 -340301.74
148172.35 289273.94
-496811.10 -195228.32
241291.54 210284.26
-306884.94 487416.23
-512485.04 101545.20
519826.21 7470.63
-74774.00 -64727.76
-466455.02 475625.75
264106.73 215523.60
-513441.90 -67050.77
-282908.93 -325306.75
-132024.42 396607.75
118072.93 75703.02
-250500.74 259403.61
348371.42 -463183.21
-313671.78 386759.98
445394.13 143748.82
-256693.93 -345306.75
-387460.40 437036.51
306863.55 404217.89
-390967.95 484464.26
513706.93 227087.74
136428.89 -117777.24
163407.13 -342612.48
-413093.42 -164911.42
-302096.41 516432.56
438319.28 -211808.90
-356956.24 -322096.97
285498.78 407538.56
44287.27 -186601.40
151275.79 374585.48
-451762.86 -322582.28
-439352.33 -445152.64
400887.84 455541.37
483505.92 237281.89
-92878.81 -180221.33
249475.99 -3609.29
-283697.11 -183846.76
-359923.89 38182.03
519217.13 -369227.71
-73909.14 -81193.99
-500255.75 -24360.92
-451909.65 -256082.93
-183016.21 -204869.00
478856.68 22924.17
20122.04 34995.35
226486.65 -325786.37
-21509.53 486761.17
501186.80 181200.02
460039.58 -488971.05
412430.41 137319.43
375754.88 -495803.76
480382.19 518259.32
-68757.92 -351676.29
60287.05 -292324.30
-211947.14 460945.63
-511246.45 -220726.60
330519.48 -199398.40
-384214.04 -184405.85
311392.59 183826.37
277026.40 152634.61
-198631.54 41002.17
383722.62 -281908.00
-284074.61 -74559.86
-162902.89 -49277.96
-331125.00 417112.35
488527.56 -364073.82
-141903.94 -454910.81
69164.35 -402878.02
440287.87 128834.97
-269989.85 -7397.29
-6060.12 323475.41
-411499.85 61781.28
433287.70 -81748.02
198314.41 -234806.40
-117812.46 -210814.26
81389.77 -256321.01
-17338.80 61637.01
86272.21 512267.11
183459.86 431853.53
-383569.32 -324790.46
-176604.26 183.61
237058.21 -338139.04
508433.60 60312.14
-434999.34 21400.40
452267.79 -276789.98
486221.76 207058.30
-266688.55 236353.54
44162.90 306776.74
313331.45 325716.85
-446654.48 67118.34
-230859.86 -437486.46
422016.45 137490.53
129677.58 -63793.69
205008.61 -141510.09
338561.72 -325063.33
150311.80 112665.15
252151.41 357101.84
85410.14 -485259.72
-199363.74 -373387.69
-188001.18 -191492.39
484397.82 317694.93
-126159.53 187169.62
-193406.67 283650.48
-196346.60 361015.43
268578.73 -350946.30
28448.34 -509899.95
-451461.03 280384.33
197212.29 113190.90
316602.27 82448.19
166298.07 -250802.02
24715.58 503444.07
263044.12 -282584.57
-413955.55 156604.14
-479135.38 -369935.74
-456286.82 303697.10
-237684.86 -78734.25
374092.27 467253.99
-39349.01 -239312.82
278876.61 197663.73
-210487.08 -101838.40
388786.07 248157.16
-365581.27 -343964.49
472008.66 -316406.24
-30760.67 294603.74
-472092.01 366287.55
323516.08 -376914.82
-311473.04 519662.94
-475311.40 225358.11
-143027.59 -95384.07
-337770.82 328173.63
-504518.12 268046.77
-155933.26 286515.77
357104.35 95870.36
167535.80 -268422.97
134536.02 -325218.85
238391.76 -187685.60
299344.67 -98711.25
-436574.32 -477331.17
354441.86 -321893.03
39331.06 194315.27
469003.33 151253.78
-148796.46 352248.53
38969.82 225363.68
-444489.66 183788.22
-216449.76 294042.17
-234990.65 144342.89
8839.38 426700.24
-276119.39 -137584.70
-22877.19 -304020.02
-208922.88 -108791.96
103522.16 260376.25
192758.58 -442790.79
-242357.25 315746.83
-201948.61 -387684.50
178349.94 359224.10
481422.58 226450.70
487420.81 237783.98
347113.65 -210779.56
-374869.80 -469403.10
-171006.62 -170752.16
43421.72 -96820.06
79421.79 -430724.69
-254525.68 -471743.46
318588.80 -318966.56
424173.12 -178812.01
-517069.24 45510.14
432636.49 -509742.32
-380955.01 456041.90
-493556.44 -368251.12
-363914.54 -168361.12
-103830.65 -497537.53
-7228.54 -116297.13
-215189.61 257856.36
2647.20 28761.73
-73047.18 495580.62
-176012.55 114031.85
129150.62 -239868.47
-131063.42 -322558.90
-241534.03 -56770.89
-458033.97 182986.04
435704.29 -123285.95
309570.84 325648.09
-513498.53 387460.79
-326890.41 34268.65
-400452.97 34632.52
237094.92 339318.75
-6420.86 165736.86
-305816.41 158759.07
-195057.74 399139.58
201261.77 -296975.91
-34060.89 -495903.40
374290.48 -84962.77
460312.10 -117833.87
-199882.23 50351.33
219208.06 273646.48
486879.39 126116.40
498088.72 391658.58
-401630.48 380266.29
-123882.87 323617.98
-436872.10 -52792.08
-231401.25 250492.19
1702.33 -307146.60
19438.31 -504822.35
261118.22 -516565.67
441331.31 162449.70
113771.74 500502.69
271311.20 33650.74
-466762.52 -250663.96
369453.61 -277196.44
-182868.38 -8504.99
-295953.20 409935.28
440735.51 -332268.21
472401.77 -254574.97
410458.77 260251.85
352503.57 -373468.13
-117930.21 -394124.70
223204.09 -454646.47
-348309.54 231992.02
195831.13 -287522.57
144339.77 -171324.54
-346391.74 167667.31
115968.76 -362724.12
33349.02 309663.34
-245644.78 39627.25
474678.31 -307416.72
411252.27 -456049.59
-166965.54 -27069.31
189284.64 119447.03
134802.90 477251.72
-97223.03 496663.13
-452932.83 -320033.64
112690.14 154193.20
-8385.64 329886.29
342577.64 101620.92
-485248.80 180013.82
-127840.39 -381194.10
-231794.21 -391835.60
294849.72 -456281.41
-129467.15 -442738.37
-425875.64 12375.27
-445015.08 -369572.03
-250190.80 492855.33
-475723.85 -146429.91
-478545.89 62173.47
159376.41 -273630.36
258237.69 -405700.69
198036.28 384850.80
-150584.37 373866.75
-375743.50 163692.70
-291011.42 457018.75
-153055.01 404134.19
412555.53 -87766.76
-54699.94 141216.07
323359.75 71954.72
481062.69 463015.31
501120.55 352121.43
178767.15 31776.35
-322283.87 -193654.54
373565.98 149003.87
70176.97 -280770.01
228275.10 248108.65
-140062.45 427076.58
135931.74 133616.55
414217.49 66501.54
-110418.84 -135516.14
-488372.01 -380781.76
259332.16 82132.45
-211281.48 -43094.22
-235010.08 -401865.41
263086.36 -497541.99
-370589.97 -53915.63
-423624.48 444059.28
276621.52 -350433.04
-477218.07 -55116.88
511203.45 426640.38
399131.52 70058.39
-436124.64 368979.01
-288467.97 405843.73
517874.96 229520.11
-16497.12 -196867.40
-267854.72 296035.36
-185701.77 -219294.38
106561.59 227447.82
-277733.09 183877.50
-451563.55 -53053.29
-402188.89 420616.60
-207222.57 224245.14
315176.14 -513751.82
-93281.24 8137.10
201931.19 6874.72
446516.43 510497.40
-189609.01 -117525.42
260989.81 -245046.99
-199749.30 505045.79
21909.18 -208507.26
142135.81 214579.66
-73050.91 487229.55
206557.30 -407512.00
-429300.07 71128.60
-334010.15 -312248.61
139433.25 384784.20
-125812.16 -356973.91
-351616.44 -61901.72
-252629.54 83679.66
54543.16 318047.62
57204.76 335871.70
-164160.31 257039.65
131725.55 -309694.82
490462.50 72818.96
-172459.23 -423861.57
-231438.39 443103.11
138778.34 69789.73
-292547.59 -313221.50
367259.52 -366220.75
211577.98 -182428.73
328346.88 321303.85
147234.78 155921.60
195675.94 150270.03
-388568.63 46718.21
-291723.07 -179896.56
503559.44 10051.73
114743.01 494288.47
408650.49 215144.06
-61970.82 -383166.28
36063.41 -291859.72
-247175.99 -438542.94
-120373.10 228413.68
374989.70 -277906.54
415497.53 218969.25
-5859.39 388421.34
-106117.24 -480470.27
-311733.21 229898.56
259557.60 -296831.04
-427693.01 -166950.33
-296576.60 -172492.70
126867.07 -59996.61
207951.10 -242060.72
432956.09 236895.55
-94948.58 -381274.47
-471205.59 -184274.17
489983.51 -116208.51
421464.59 -497939.75
131137.62 405444.53
270390.30 313723.29
-301971.19 122647.77
-41882.83 124343.04
-9116.61 -1302.62
-313156.43 79181.14
-488560.34 -433106.73
-162176.20 7908.85
135545.47 166136.63
-253392.08 250314.70
-201654.10 145466.74
334675.29 313218.26
-281336.02 102916.33
178185.28 382675.95
-412594.74 17037.65
-262102.92 -198814.89
-483565.83 -229993.45
-164413.41 -297865.30
-150248.85 -337445.13
382525.89 139906.37
278900.51 -450262.08
242011.29 303426.57
347715.06 86549.80
34272.23 478293.75
516516.47 -45796.07
359430.72 -170151.54
-193041.19 119768.11
509639.77 244824.06
189869.99 -324206.32
-249986.46 370059.08
-261140.67 203117.48
502693.85 150451.64
-352593.68 -463100.76
100994.67 74975.41
356937.10 -238041.36
-394776.70 99797.37
-352907.69 456404.55
-216170.17 -110899.46
311199.02 419945.40
36938.37 -249121.15
482522.36 -462877.14
165866.26 467137.67
-396230.37 -412575.49
497874.62 -371007.26
284491.74 379930.57
-12359.93 440860.62
268791.42 103994.06
-231318.94 -262449.36
81214.33 -102514.13
-175914.90 -205072.84
333104.81 -348108.53
330119.11 25169.86
-8404.07 -237186.88
-228645.31 -7920.84
187011.43 179600.11
-210051.00 250900.60
-313315.25 -33063.02
-139891.03 2235.93
-19084.39 345822.49
-493530.28 8897.67
459449.09 -129148.07
-175514.97 -330116.42
59543.22 295049.34
-250970.84 393867.59
137850.08 -495705.31
210608.15 156685.36
-44646.13 59243.82
368149.84 208414.21
-14032.70 272780.81
417296.06 25658.29
325982.30 116823.13
311849.35 -285962.16
239003.99 411512.72
213098.15 -338334.58
-162055.41 -53404.56
-321260.81 482975.88
408418.72 201396.39
509795.73 323100.54
327755.07 269939.25
-516136.12 -43730.80
-495598.55 -14351.26
-155889.61 306372.41
-195762.61 459827.10
199630.62 -181871.67
-187889.85 337479.69
-310866.59 -301277.31
220081.27 -512554.13
-407229.21 -61643.00
-108600.91 -109625.65
228731.61 -311106.10
-184811.16 -113145.65
-455765.78 -401830.24
441732.07 192294.23
-165614.21 349232.39
14586.54 -276556.56
294196.13 479581.58
149922.80 -466526.71
8188.47 17701.96
403196.82 -53339.35
427604.12 24297.00
-509139.05 -167163.58
-435044.35 -307090.49
287565.38 121952.75
-185216.46 424702.16
88633.64 -434037.60
201142.47 403255.25
-491395.37 -225274.53
243029.85 -429702.88
-56896.03 -180760.66
-124072.40 -37211.84
-61364.08 -44371.16
120253.25 -41524.62
-490324.52 85293.12
-151313.32 117678.44
291008.49 -198755.11
-36565.94 -13232.22
-356429.56 -108346.94
401759.92 293885.30
-179024.78 94458.82
335780.45 -376707.89
-6384.93 -250597.14
512085.69 348454.49
342759.74 -148201.08
275058.41 -61126.07
149640.92 -307922.62
281900.77 322051.35
86593.13 493068.41
39331.65 -231614.40
-104381.94 -112928.81
336858.14 -473548.73
-146214.57 -461731.05
114984.84 -386766.91
-160559.58 -60974.75
-26568.19 124485.82
373216.32 344308.39
63889.92 284503.39
315497.62 131019.53
431956.70 -291353.76
-186071.61 384951.94
485924.92 64784.51
-106391.87 327840.65
-263249.16 -394844.49
519379.65 -179913.15
-271791.02 503113.29
-451452.46 441360.55
254134.91 -363342.95
-36289.46 508650.66
-90579.14 -460826.69
-337864.96 174112.57
451007.49 130633.03
-367954.69 131179.83
-216252.95 -250338.66
-18537.86 286348.24
104113.07 3301.46
122211.20 -389542.50
263404.43 299373.09
-458088.97 423642.31
229842.10 37695.65
366667.60 296277.77
-239155.22 74147.89
-95396.07 290911.17
-106281.53 -84727.87
138821.21 -173238.45
-287740.71 225762.63
424555.66 -212439.95
-229302.40 -154452.07
89542.39 69712.41
188367.44 202295.47
-134564.40 -372355.99
-269537.15 -288602.87
291116.61 93925.54
150554.00 -395795.35
237008.15 158166.16
-511496.07 -236920.93
130579.58 72367.07
-336059.95 -270898.08
-264959.05 -257207.68
122318.22 -279257.05
-83520.45 268904.09
-170332.02 270433.81
-433173.31 -304124.18
326089.31 446693.91
-447420.11 454929.67
12993.88 -320729.71
-209353.41 -175681.61
80236.94 -229657.30
434802.84 -248327.29
-109195.70 122674.14
615.27 -263371.76
-517983.97 -269759.67
-376640.97 -221416.76
252928.71 364155.37
-391363.92 190913.05
439012.74 220327.51
343650.48 -91461.93
197711.19 -176379.46
-436470.15 -48674.42
440700.34 459551.76
195575.50 253372.68
-26619.87 -192609.37
-511125.45 -356572.45
474241.29 431786.98
-67369.66 379833.45
-90456.04 -245398.74
-94145.75 28129.76
242785.39 -64642.95
350270.23 383304.07
235117.31 359963.64
-425881.73 -367598.06
-68778.68 258245.45
349391.67 389873.32
349287.48 -360933.18
-398977.83 415338.57
-134435.51 383569.39
213181.44 -199742.78
473592.20 -234755.70
-273544.32 109946.11
-432087.47 -288345.44
18468.85 189026.36
508339.94 457950.29
8470.42 502401.05
-372692.96 -341586.02
406981.59 -392184.35
-53292.21 440031.59
389658.50 460495.88
28674.60 173873.52
429435.49 25548.06
-120087.52 -346710.24
-356920.17 356905.81
-228313.39 -481421.47
-214232.11 160136.03
-517774.05 -375904.73
189726.01 485913.43
12523.32 -209535.38
-299618.91 -426534.97
371612.46 -516991.83
278186.89 -171779.09
-380472.77 -450830.33
226519.88 -345689.38
-42073.62 254933.63
148295.13 -479743.34
-125795.64 -371109.69
-2234.87 -282210.99
-104842.76 161187.49
-329500.64 -38896.92
-157070.57 -194293.14
-209783.71 3165.99
104718.70 -148942.18
-118957.22 -142740.11
269644.07 -214930.75
-99290.90 -515043.26
427535.15 364343.44
402481.60 -37436.74
199478.57 -200253.03
425959.31 -343175.97
359494.64 490219.89
-12966.51 41025.89
-334425.05 8312.96
325388.53 -30652.43
349063.45 127132.25
171855.94 -98856.20
14165.84 -336776.69
-90896.59 -149473.75
-374172.63 210268.73
-379109.70 255657.56
184685.87 -226076.77
234944.05 475618.57
99546.74 -354077.52
108798.74 -451060.22
-291319.54 -296423.51
-146887.77 461269.38
423340.55 219396.53
-429179.25 276769.42
-90130.48 -224788.64
333194.28 -185172.96
-509712.38 16507.54
-298539.55 14957.30
473640.50 357888.90
-148614.10 -180593.45
-100607.95 366951.62
450865.58 286755.99
389611.42 -380901.83
-274336.50 -207771.36
307013.52 -435435.04
457074.52 -142783.74
29358.75 426385.31
323955.22 -270826.64
-266326.58 186950.06
-508341.50 -292248.03
70996.27 376455.61
-325429.43 -264841.16
-60641.73 213161.89
-380674.20 330379.83
-34124.77 31228.80
215242.14 -108311.96
235562.69 346217.29
-111007.43 230977.67
336472.49 85809.96
130523.50 -196754.19
105272.06 164547.11
-6262.78 -388952.36
104012.38 448113.93
-221156.52 440209.21
-223776.03 53199.31
418795.83 242609.82
-43424.16 -122031.59
-144772.26 -305395.04
130501.10 -216040.77
369491.52 -487696.21
420255.10 -187918.54
19636.15 -86648.22
-333633.06 144370.70
-285189.17 182955.82
469373.44 321864.64
470053.03 373557.39
426452.99 -120120.37
-340037.31 24252.97
-126052.96 428904.54
363600.06 -295153.61
-113262.54 -439304.07
-227682.30 61404.75
-477756.86 222821.66
64784.26 -385729.69
-19161.41 321046.96
-64425.94 -512908.39
-262214.68 477006.64
201098.25 -459805.88
-317439.85 26061.40
-320012.10 151365.83
-99420.03 366574.18
-177206.44 83665.14
124196.16 453473.52
-407183.94 -85517.70
462726.76 -424477.35
7404.17 -292735.61
62182.66 230471.61
-217390.14 415087.71
418188.70 315143.11
-12456.77 180085.25
-103534.53 215653.22
43543.26 449894.77
267632.16 -31869.36
116855.72 -105592.30
-352871.15 -180424.22
-291503.06 -58607.25
47549.68 -19351.49
-300846.25 -218921.59
-362755.18 469522.21
-28279.91 -29154.41
449397.26 -399175.46
369850.94 146236.24
-288952.13 -398337.91
205705.12 -32902.74
279930.74 -409309.28
338124.99 57823.26
-132554.69 460563.17
-314052.39 -232168.34
-459719.73 -216342.35
36665.80 96230.33
245153.15 74316.92
-100340.30 414858.22
490894.50 -336818.97
-92767.65 193375.02
102543.56 -161969.23
153406.34 80610.16
-489417.37 -281145.56
-263260.54 -463999.57
-180718.47 457351.24
-375545.80 379058.65
48770.37 116509.33
-260684.11 -242258.99
-5185.28 446418.89
44971.93 -454099.15
109836.63 -469171.10
-161750.64 487678.74
167593.94 122140.55
376847.26 -294634.64
-453947.34 319355.54
-60962.51 -117235.48
212990.78 -478127.98
-270652.13 -480629.58
326082.77 -50059.90
-167623.55 370559.95
-147422.47 -198396.48
-264339.91 365751.37
-233602.54 -95199.21
-320341.65 -303531.69
-26478.95 44072.17
-109179.16 -246879.68
-102747.99 63804.70
-428013.00 409219.42
-100030.33 -72049.37
129722.44 -17851.57
494130.75 2684.93
401046.06 -444637.42
187134.41 85452.23
21284.02 -412507.68
238502.14 -399415.33
471400.49 -349964.30
-438306.04 360933.75
392634.73 -174738.37
229172.51 271631.30
447818.68 341303.49
212797.95 177650.83
-374046.09 98952.56
171449.71 427527.96
-326087.24 333029.78
86324.36 24854.87
223004.53 -414316.37
230964.33 142253.90
184060.85 259733.53
362270.31 -220140.14
448423.51 -83903.33
68965.85 -94535.11
63970.78 326418.62
-368467.62 -335460.11
-103377.90 386671.28
-20236.55 172541.15
510809.83 -491318.26
-327869.28 116951.15
221917.46 409177.00
230280.73 414758.46
87176.41 -256157.64
207791.33 -108652.78
362978.39 35448.76
-10678.76 -434933.55
396840.51 468094.87
45065.37 -224776.74
-477540.32 141009.39
68722.93 260468.33
-168702.78 291694.84
355220.42 303628.50
-106200.04 481.23
255169.88 154386.30
508984.17 74603.79
-494394.41 -238162.00
513728.12 473002.75
-89709.37 -270614.58
-387564.89 121598.12
182221.36 238360.88
-295488.40 26736.91
-148334.27 -518591.89
-261576.16 324973.24
133610.94 -23090.41
208286.01 -180778.87
383926.81 500825.27
312062.19 -489754.85
-318438.78 -317419.23
-393198.24 336575.61
298193.55 137403.69
-304912.26 26403.22
-499818.79 80391.23
-118530.45 91239.49
375697.68 -187581.83
-404083.86 462926.12
295797.93 -100530.30
-400514.93 71327.71
-499594.63 -61770.16
-515551.97 369194.68
-191587.88 -34187.06
493674.59 308987.43
-2046.50 -186591.31
262945.59 -277275.54
-245196.30 92554.77
206249.15 -97183.37
-25759.36 -154546.44
325362.62 -65281.81
-392226.66 -501796.88
61316.78 -279620.22
222699.36 425914.41
165443.41 514069.46
275260.92 222193.11
490142.57 146218.28
478889.65 485856.38
235811.24 -296022.96
-3116.73 -406957.81
-305871.38 -381239.61
239462.32 475049.97
-370373.92 378241.12
-264085.33 25091.70
-386353.21 93186.15
427635.05 -331168.33
-44755.66 350506.40
196356.83 54135.87
365714.31 -496135.61
30797.19 222768.16
-238008.26 263794.31
-35024.08 29366.06
-312415.38 -260791.82
130821.32 -124364.17
-42822.44 51869.31
126989.22 -219751.87
-197574.49 -305320.73
159718.72 144153.65
176805.52 -511266.78
168776.17 484718.14
-73892.16 22864.53
382227.91 1386.41
-388224.81 -399198.74
517698.78 -233245.51
-472624.59 -190607.55
-261001.65 -163688.23
47632.10 491730.68
-131675.60 -280360.77
268862.61 286283.66
-450504.92 507020.47
465055.47 407399.15
-34879.40 -131704.39
-478181.82 -113414.30
271579.80 209704.42
448300.35 284943.45
330174.89 247811.73
-410053.40 -27370.91
366028.98 -300297.58
48622.53 -4835.46
-472148.34 326978.33
321421.00 -197598.56
-358277.17 -311529.44
-85209.98 -103947.53
-366502.44 302853.36
-153509.15 265594.09
-500263.87 220739.42
55753.15 -175568.15
424170.23 455954.76
-113230.10 -396314.97
407745.26 300797.11
174066.54 13085.42
240325.37 384440.49
506447.27 -125798.47
403151.47 -413530.39
-142000.27 -91880.85
-444446.04 424592.52
123023.35 -400623.57
210451.50 281990.07
-394094.90 298821.98
-519680.04 -394011.84
224743.67 -26139.50
293268.30 41159.14
336691.57 -477169.77
328654.53 -300964.90
-16468.37 -511046.52
-477061.88 4314.91
-240942.48 -266941.59
10658.45 269781.43
-272891.63 -175617.90
-108222.54 289118.01
393482.48 357297.86
223708.88 379308.19
5998.52 -139422.47
-174853.17 -143492.84
-319786.84 -444972.66
-239735.97 475099.08
413350.00 -63671.20
-266239.84 -276001.96
-408419.10 209840.32
230006.51 15470.38
395215.50 222980.05
248020.50 263387.03
-232543.50 498060.06
-29025.73 -293021.91
-11889.77 -146313.63
104189.95 -50287.45
-80272.85 130652.37
-170676.36 -337532.04
165621.83 -516573.31
233127.16 -505601.09
-176739.96 327531.39
-404991.12 -291308.13
319401.56 -472160.80
184569.12 -147505.78
-355718.17 -430148.58
208089.54 90315.71
329279.33 139665.28
388552.33 287706.03
262333.48 409078.11
462816.62 -198665.25
-84781.23 -106031.59
-153744.10 191126.64
313043.74 41716.64
37252.93 16506.02
-257045.64 413598.31
-418656.69 -341956.46
412746.71 261542.04
489454.89 -471860.72
426109.92 113871.26
-423849.79 -48529.52
329184.19 -329454.49
-255180.60 48702.77
50491.06 -81380.02
-398194.80 -306183.19
-393334.10 166677.31
149140.44 30167.17
-421655.68 246474.09
445710.84 314650.95
478527.48 -464901.04
-209624.70 486907.77
326038.35 -150025.26
128562.43 -39709.49
-508648.34 93068.75
-405299.05 -443910.59
424254.23 416746.47
-427387.03 -424127.45
-87630.16 239286.99
-430503.56 376727.76
-309905.40 442291.40
-299180.36 58780.97
-476791.78 -254506.71
-401001.19 -80581.79
-295249.16 296500.96
-80716.14 -219646.50
383484.84 122102.26
-218793.37 336434.30
-37413.47 -457175.07
265381.88 -409869.14
30667.97 -197031.01
55966.22 -114765.78
278071.82 342114.57
-434744.90 199815.87
269295.52 172331.92
9772.79 455325.03
188055.23 -510461.23
58740.24 261902.31
288950.56 225150.64
-332170.84 -72987.22
-269867.38 -301595.29
20461.03 234043.00
-381149.78 -10653.20
-220439.03 -154798.79
-432369.16 -27604.95
216531.65 -412256.93
458602.79 314441.33
378785.90 -183536.05
54684.51 -468443.87
469475.56 464753.12
492573.14 301573.98
262007.83 -47408.20
167553.37 -3852.13
-327344.98 443001.57
-236650.49 -445967.93
269946.14 -185041.92
-412205.12 461114.98
374780.92 -294599.33
181520.64 99421.02
-270550.69 -463597.04
153161.10 358949.56
96360.58 -31580.47
-119820.26 -178938.10
200717.50 245005.54
503376.40 256512.92
17360.72 -15845.91
-137311.49 -49443.82
-13943.01 -458665.76
-489373.53 -377823.17
6326.51 -510418.05
-173462.76 -323021.30
-166759.32 484213.59
-334330.63 453261.05
54334.43 291810.56
351322.88 518199.93
-195017.89 245498.17
-111046.49 189047.05
451827.22 -236223.77
301506.40 -334029.44
-225361.60 26347.42
-191288.28 -371697.53
-407412.75 -513478.66
313286.02 -36610.43
-460059.94 329890.85
372029.54 -434498.10
419498.99 -297788.92
40325.71 423724.70
372391.78 278815.89
449231.79 316557.12
-443026.54 54086.90
-422687.86 -157999.68
-188228.83 -462953.78
64289.75 -396286.35
-85288.73 272110.33
368103.44 256911.10
158869.57 195770.04
341548.82 116436.70
492481.07 289601.60
254440.42 18877.29
-60869.39 -12094.91
419911.37 -396673.43
-182218.51 -11574.73
-270857.98 125481.02
273660.67 504170.99
-314734.09 -160340.65
-243060.22 237330.12
-435838.88 -246463.26
518552.27 406073.01
-269342.30 354022.06
233647.17 -135631.14
-177728.38 517125.79
157429.12 -337978.56
-380042.17 438668.53
422391.86 -61848.35
504476.29 429295.70
-99119.59 -167295.79
513595.38 248060.26
-396236.12 278181.08
-414491.30 322357.38
258041.80 10213.71
99133.20 -469546.81
-47537.67 -185573.69
505969.15 494090.27
-515146.59 -364343.28
302957.61 204175.10
345856.95 405213.10
424280.41 -177033.45
-278959.96 318310.42
8579.27 457682.97
-66506.62 498780.13
-314806.16 22299.37
-98632.39 235089.25
29836.61 257577.97
248468.59 474541.92
261169.35 -133753.11
-91495.16 519547.24
178491.33 -405647.03
102885.48 -417180.51
-283108.82 211674.62
285106.84 -284081.42
340395.21 -178274.74
233206.77 445474.51
-265803.51 99646.69
-379932.57 110631.29
441161.75 8859.00
-438952.29 -140261.16
-437555.36 84710.12
-158384.37 -329348.46
-311476.78 -74251.72
-192172.19 -516814.96
208060.29 384482.84
-86340.35 157068.05
-226606.75 -373076.50
445715.15 310249.25
-343285.61 60603.67
-78555.74 193977.79
-186323.47 459624.28
-504297.48 -476886.86
-39467.65 -86285.96
-255686.89 -118591.83
345312.04 202629.86
461079.86 -184208.49
273426.81 6434.49
190167.75 39623.54
-71361.96 -340382.10
513619.38 189517.94
-371758.93 233829.22
-348257.62 -27529.70
25793.28 241573.43
-186012.75 326432.37
-365432.29 -343245.79
-417531.55 243750.14
244026.04 380836.64
43211.83 -161766.72
473250.22 420780.32
235540.85 436341.98
257302.23 453479.95
-501338.31 -251214.62
-197701.05 13437.10
-338856.14 39563.87
89047.34 453304.41
-123820.96 -42504.71
-23419.94 -96525.38
354440.90 -115508.67
-409845.16 -382011.61
164564.25 255084.99
316834.37 -421413.82
59343.25 -410907.59
-369319.23 496358.06
-2412.87 -142662.08
7658.23 387553.18
-115879.66 -69195.83
89912.94 166105.01
-366693.44 -66136.96
190180.03 -33114.86
-425969.07 339010.33
-491976.08 359884.17
-313336.66 134426.20
-506690.15 443659.76
21414.10 316865.87
492199.58 445591.83
425348.44 162190.81
140732.57 -55876.04
79273.24 110541.57
293833.11 -64122.49
-275213.05 199083.91
8479.11 112001.78
294361.31 -81722.46
-362366.32 219349.67
-253853.21 -498199.86
-406770.43 7678.51
-475784.45 -26304.83
-396783.05 133223.20
392644.05 -508383.83
-383111.93 -92368.14
283338.61 395882.76
-161169.57 398816.60
-275945.28 227347.40
455483.45 309162.74
473470.76 10041.50
517402.31 -357975.34
102400.30 239566.43
-72585.48 404346.98
434000.06 -62381.50
288505.40 -323500.35
-200050.87 327918.46
-147301.70 -341159.61
-477405.64 107593.27
261619.53 413671.47
-441025.75 211849.01
-347564.05 -207271.68
334869.69 381441.45
-56791.34 243531.87
169914.96 519352.94
-381572.42 1488.52
438535.12 -479401.12
309527.43 351485.63
-324397.32 -17006.78
436020.87 124399.28
-224474.38 -474437.50
-268712.32 -198011.09
58797.00 -415496.76
-57785.29 103039.80
308342.86 498458.28
-383172.39 -245681.56
348143.70 308411.40
-18331.47 121541.23
-121679.90 255090.90
-273481.05 -182388.95
99444.57 -13487.34
-430956.95 -148256.22
-154635.00 -485185.34
351769.60 -347788.69
-241263.99 -57703.48
-50101.24 -322370.43
-413509.28 -243566.38
471548.24 -61893.52
508879.64 -60291.66
154838.84 371502.38
-452080.71 -375623.59
379021.95 -155831.32
-80094.74 477062.78
284968.01 -507477.29
-475702.21 -354702.72
-436019.48 -426601.54
207596.43 49973.39
454386.18 51128.42
502959.38 357867.98
-57266.67 -276448.02
168796.12 137087.04
308061.61 40978.80
-44378.65 -157380.50
94811.89 -64185.42
-115262.47 -69569.48
301035.30 -264612.30
-411511.22 84799.32
289050.55 -187761.49
-19528.14 -374505.94
-66912.85 -348715.34
-59938.62 -305371.77
-380213.01 -439353.81
321638.53 70187.22
-195583.31 281778.12
-253222.32 -354237.43
360267.50 -499318.21
65400.68 -440830.87
-112193.55 45180.39
308659.30 318710.51
371607.13 -507142.55
312409.46 431681.49
-153668.83 415670.92
-213729.52 68117.48
-211137.24 -258177.13
-86820.02 507411.87
-313897.18 518021.44
447986.35 203459.40
404505.85 80616.26
311662.36 -378413.12
209436.45 -443014.52
94078.22 -241932.19
-156437.10 473692.62
384278.66 -103231.44
-280316.80 252739.57
117328.60 -412098.22
-154321.88 497843.68
-442725.73 340229.15
-397836.80 84624.57
37127.11 169233.57
463456.28 177222.06
-223414.73 265245.18
274900.65 -217491.63
298474.39 -366970.74
466710.85 -450625.94
-175264.57 66150.21
-192259.87 -279290.16
152923.93 -170062.70
274100.63 -13859.88
427474.84 -471114.32
-20432.68 -206991.10
-236544.71 -440155.53
-141945.16 -21539.68
24719.76 -293223.59
-441547.38 185921.49
339377.52 101830.26
134117.55 15262.12
-251546.26 432168.17
-238493.22 -131956.29
-166975.46 338727.12
88319.86 198013.55
473434.07 421146.26
-29839.92 -127799.92
-438405.27 -121986.01
-248503.94 256104.37
-9462.22 -494732.68
314043.01 -484500.34
155078.43 -321630.39
259451.19 -72592.82
-366005.35 -32946.30
-213316.18 -41010.16
374650.89 -182182.06
143777.11 -185188.08
417859.49 -237937.83
516983.47 -150117.07
241151.05 449398.14
-519863.25 -391475.73
-265930.19 -310411.47
260836.30 -484947.28
-505271.98 -486316.24
-247646.07 -359015.98
499237.30 -353024.55
-457590.43 308182.24
293909.74 342665.66
-379484.05 -251382.70
-4237.67 230451.41
72791.82 -237533.98
-237954.92 251076.31
-421156.36 463206.37
313991.55 289680.87
297327.94 -491637.57
-486902.10 324124.05
-287050.71 -120285.01
224703.76 -147104.62
-58215.90 -329228.42
-239998.16 319402.86
52657.46 -450187.59
90313.75 -182729.80
249130.47 231511.25
76308.03 -215616.70
494755.35 -158474.88
-505008.95 211814.54
499870.41 -247134.42
-203386.75 -165953.40
496581.17 470670.34
217877.86 -480160.47
19158.35 64554.89
376041.96 -8280.13
228768.31 313084.73
77485.70 82327.89
-408169.62 442820.09
132369.79 315626.80
-225211.83 -289729.83
293212.69 126892.44
35345.93 228818.86
-210565.28 280848.17
-38156.94 -409400.07
-359305.59 361845.70
-182687.74 -482004.61
127621.12 362097.77
31831.71 -256558.76
264061.35 -156024.74
374297.18 457236.40
135201.79 169364.08
-29018.71 346203.12
-73507.52 372057.82
318842.13 -404195.58
-352875.94 490723.88
-407745.65 451803.79
200325.28 -253829.43
459299.96 -36249.90
-452383.86 106093.78
336901.55 349564.54
129663.50 -279205.12
120624.57 324896.26
160036.66 456298.18
-305294.51 -55410.49
137780.76 -371338.54
-492572.33 -220848.32
381175.30 -333400.10
-142323.49 -422165.46
138900.60 215990.06
-93587.08 224283.88
328614.62 317195.90
-359880.75 368903.24
-304775.17 450785.09
-340520.62 376483.67
115369.46 279335.55
137541.04 408586.97
-475617.48 171260.86
175166.98 -62835.09
-39292.80 248164.83
-432980.46 -167128.24
230045.48 -356086.17
294877.61 196377.47
-31084.51 202113.30
180303.97 -28786.58
-431859.02 161668.16
-293647.33 13353.68
268145.88 -461094.31
144954.40 335933.79
-72865.18 311261.61
-472115.12 434623.04
508439.90 103289.44
-287187.53 312585.47
-290516.14 328254.14
-325195.68 321098.31
175419.21 -392868.86
67818.11 -334666.21
147588.30 -326654.41
196699.08 -88151.59
-405029.04 205940.10
391829.67 223172.43
-65436.08 -287167.52
-271472.82 -185647.05
-10147.33 225869.75
467968.17 -422441.02
-239993.41 235000.62
321096.78 -173602.10
-191580.23 -369804.58
-44958.76 -422166.01
387917.57 170397.79
-215348.34 261649.66
-348284.37 165116.33
223044.03 -423396.46
194555.56 25738.43
92441.19 -305337.32
-230939.47 48423.07
109431.47 72752.95
-482420.23 211538.72
-130944.70 -128572.28
-289675.07 228548.78
253642.06 -149177.72
-259806.06 343151.60
-216912.19 -345622.94
422479.39 76747.88
225630.60 464590.02
-448131.75 143875.86
-380513.89 -380216.49
-359196.67 221904.85
291285.17 -117754.26
292959.85 33086.30
109321.07 373238.92
-417737.41 104656.85
514852.89 513712.93
-488367.73 -468111.35
-396277.74 287438.86
-46504.84 -292192.28
345169.31 -472798.31
335730.03 293122.57
206107.05 -508684.72
-139525.89 114960.58
-167573.67 -222212.43
-169135.59 141121.03
-394659.83 -99473.53
417249.29 -69453.25
-232895.98 -209189.94
346000.79 -234843.46
514770.82 -103535.82
-425987.53 -329321.27
-271488.94 255020.31
-134666.96 -154610.11
-39548.44 -497076.42
-144145.20 -434856.79
-97458.17 -154299.05
499518.19 218590.65
415867.24 -50087.04
-19709.84 444156.77
488352.74 -267356.85
-304426.18 -354233.94
-242097.18 -208435.58
-426982.86 -281221.46
-328514.50 219122.45
189911.67 -42582.88
256161.77 -441762.90
496763.51 505000.99
59199.04 -137160.84
183684.11 216616.30
-156612.57 -306572.01
-174067.96 -171744.09
451192.41 162239.52
83493.05 322437.92
61617.38 471269.35
229698.20 127254.61
-380548.38 185598.50
252300.74 441380.31
73543.97 -153980.75
-182763.43 -332587.01
460049.40 230969.19
-132390.32 424276.74
506502.25 -56552.05
-492793.74 -459047.19
56130.41 -134665.31
-458119.20 115333.81
144368.20 -505025.65
149146.84 478804.69
139292.42 508317.90
-350257.42 303244.90
-166099.89 161642.68
-478664.41 -77693.54
-14833.23 -250636.36
-438814.68 245774.07
464120.48 -135628.67
-106135.03 113798.31
-429487.68 -189359.18
-240904.34 44806.25
-307634.97 67285.01
-413181.70 141898.82
-108348.79 -285132.14
159887.63 -251935.42
124286.84 -516281.44
130881.56 -58130.39
488469.04 378019.73
224727.46 -227480.63
-174190.95 -462737.37
501281.99 156691.58
-505597.05 250910.13
-161005.05 138606.04
-343036.61 497148.70
363794.62 289584.18
-134876.68 -464360.55
-104752.74 8896.46
-349785.55 274024.26
161965.75 -69457.78
279559.71 -218911.96
-473210.25 311264.79
175543.05 -99971.70
47713.29 264801.87
475627.79 11111.73
-172799.13 57174.63
-82180.16 352456.38
501128.76 -239799.25
-126208.08 -170151.12
-470055.99 -506745.58
-186302.60 -485799.45
-243309.38 -78114.67
165062.47 -18012.82
231645.60 -2628.85
-59427.24 248842.31
134258.52 -6250.92
-119628.41 -297750.45
-406560.34 -260793.62
338614.37 -441075.38
-157643.26 -59114.03
-261082.48 348107.76
-356819.22 -383320.78
-426172.76 -451532.21
67136.79 -87263.12
-322178.08 256666.96
-355176.81 -53503.81
-313530.05 -309398.07
218777.74 479374.76
-310763.17 -115476.15
-233570.31 152918.70
-251600.42 97509.23
377553.62 450916.49
-341776.03 205487.94
350836.11 -124386.64
-226026.84 380756.68
-58443.79 320598.38
-40447.03 -229709.08
-69411.75 -261284.57
275726.79 -222093.94
242540.51 -497958.79
515762.96 -351705.34
-62009.17 -376517.10
-165980.32 203238.64
519294.59 -416967.15
514740.27 -179484.83
17107.48 -309756.04
-479946.95 -61062.32
-504847.95 442820.53
439374.67 107648.62
-278818.43 -381120.26
-165321.17 -426631.25
24509.88 -399498.60
-403225.14 -75783.40
-135063.29 377744.24
109746.97 -216390.32
-375052.35 200901.10
62642.31 -289238.02
21401.20 -27319.29
-276806.62 5021.54
226784.62 -21913.65
18686.06 -271241.56
120007.55 258035.38
-39680.80 261687.58
-441828.44 -501220.99
291662.09 -319142.32
35616.90 -310353.42
319802.90 366619.54
-134463.00 39442.29
-417763.93 -71626.94
-305636.39 -519419.59
-94937.61 102703.41
402825.00 -360676.48
303816.57 -174857.92
-50670.15 -136916.67
317498.21 -149199.68
-106516.20 -266726.66
430063.59 425691.43
445279.92 -133382.71
-116944.55 482774.87
-146118.50 309105.47
-458834.50 -329929.55
-91341.60 100991.14
-389549.77 -250683.87
-359067.71 -495389.42
399347.56 -404305.30
40755.69 39188.32
-67817.81 379475.31
128071.05 -128596.14
89147.65 316904.95
381503.48 -338715.22
-469770.61 125365.17
-198367.13 260917.61
386409.39 -498026.32
133955.73 -434616.15
-236736.01 -368535.87
-184593.25 252707.20
299688.06 -492468.09
-265543.54 -516266.28
-508531.90 -95042.81
-178940.42 452465.99
-457203.67 115791.77
76301.86 358225.31
-359310.33 300774.14
-107009.90 363508.19
-376597.24 439918.02
-210677.09 -219668.94
282031.19 95741.55
-508505.53 476591.43
-93946.48 110121.45
-322809.89 201440.34
-348692.14 -202935.64
281841.53 8011.45
-39378.16 377758.76
-166368.17 -5564.38
288627.36 1650.81
489315.45 -402441.45
420836.18 267136.58
495211.13 263773.32
-496507.27 -346984.27
-82692.36 -55022.88
231992.13 -466401.74
519223.36 373808.49
-206065.43 122765.07
457205.10 474656.99
-12883.96 -230047.42
-385720.11 361097.89
511994.48 237270.72
-77380.58 411372.56
239667.80 -478955.59
-64564.09 -307372.26
-84291.54 298836.00
-322379.65 -316952.07
-146470.05 -128046.52
335109.73 -134744.91
272387.74 -394723.01
273039.80 -387190.63
295839.26 433708.47
83986.80 -318609.33
155081.60 478495.15
321566.93 -289363.75
276199.41 -120444.51
226000.07 101147.75
-510300.69 85360.51
-506403.69 281241.50
103312.04 -431892.28
-351602.52 373193.46
-331748.20 -123564.64
125259.54 -432996.64
249211.93 249102.95
-449500.64 240748.45
-97701.95 -292362.20
352287.75 -414030.97
142660.36 135760.15
49233.46 -169261.24
362577.32 239005.56
-447531.98 -375673.46
227995.18 74979.74
91066.60 382223.35
-158972.57 -353543.76
-281469.99 215737.62
391812.03 -308301.84
-173730.80 -89828.91
240536.44 241646.86
358983.65 -127170.08
-178342.07 -355049.79
-96253.72 -352676.01
-302856.39 223880.99
140535.43 107856.12
-36142.63 519565.72
-354140.01 -325390.11
-453964.10 350259.11
-448388.09 -422603.76
464646.79 -62262.62
216563.21 394011.47
85214.90 -26821.69
133102.60 397495.84
237756.04 409104.06
261924.09 172905.10
446194.37 -140720.47
-370231.62 112577.12
353866.00 -394219.27
-208978.15 -359205.20
-366446.62 -35987.77
140926.77 -346131.03
250340.31 -46287.21
162438.12 -509955.08
86340.01 404964.02
441540.63 357608.94
-21900.98 499762.48
-465310.53 340800.09
-497225.01 -432782.69
-442017.64 -365483.42
42822.27 -176320.80
283103.36 115935.58
420176.45 201451.73
287982.27 -359947.53
-405380.33 332738.11
-380248.86 -228161.14
74794.95 154092.51
-187613.33 345672.71
-149188.79 438280.28
51540.50 307566.57
-439497.01 -320666.88
-405235.96 -342341.31
-395978.50 428896.95
481108.46 342083.16
-30652.60 -298179.98
44908.33 280367.85
-358645.20 -410155.86
480091.82 303307.87
468722.29 458451.80
479563.42 516816.22
278481.78 -479070.70
-290857.76 271764.51
504104.26 173136.75
-471541.62 232460.00
-26205.48 -306363.95
-395083.40 -48639.36
179793.79 -485677.14
-231803.14 -322118.47
202781.10 315252.86
-356280.15 119716.13
228267.22 106614.80
-179334.59 -176898.87
-333182.94 -291524.96
-84162.90 -492850.45
-88245.20 -183811.01
-402251.04 -304294.42
-187560.54 80274.71
74137.58 303729.91
255146.68 149119.49
422872.30 254655.79
323661.77 -98151.79
-54330.56 461154.52
-427621.32 319302.16
152346.39 482870.24
186426.94 107345.01
-215368.21 -136575.36
-238250.04 466859.46
71976.11 456874.24
-115507.90 141978.27
-283422.00 -380139.40
-167454.19 -183251.16
315430.06 -10718.27
352378.74 318550.67
-400754.34 278945.54
217391.74 440250.95
-305029.39 154445.49
-157667.22 -421598.58
220007.80 -222217.84
190695.87 -418609.35
288011.04 -102291.22
-266455.29 65520.01
-374177.06 277046.00
265788.50 -104160.38
378823.21 414166.71
-314982.85 69409.94
453219.69 68687.87
-403258.94 -364550.46
-457159.02 165408.27
355154.58 188075.08
-229494.60 303655.76
-362625.05 44864.69
-466977.69 -122221.73
-193818.10 185513.18
472889.67 -175821.88
311487.80 -66417.15
126174.42 -420656.32
464981.09 82414.01
-270722.94 -167696.64
304621.40 -233034.61
403834.87 199681.93
25113.79 149106.62
255406.02 405280.16
489159.90 -255754.23
467285.06 -500594.06
168811.76 67945.93
382511.51 121700.09
226905.02 133205.96
331633.67 -272596.04
71287.19 304583.30
-80843.94 491217.64
-317335.65 214007.38
-148161.31 -19550.62
253472.06 -341721.63
12300.82 -231272.19
4389.63 162095.93
-178086.38 53105.10
248269.04 -481329.41
252476.09 -216391.79
-141256.30 365461.49
-189362.60 458690.78
-347024.79 408924.59
302609.37 119334.79
56892.35 -515047.73
398184.33 134706.16
413061.13 -455866.67
467435.66 56981.96
-515626.39 -70513.66
195247.08 -234943.49
-215464.44 -306456.05
12832.27 338055.99
-57700.75 -209119.35
477081.83 106178.71
-390379.46 69579.46
192927.92 -245483.38
227301.35 280003.60
-53764.15 410173.12
85382.28 -83953.43
-497040.68 146422.38
-378471.91 -266279.48
332848.50 -197262.71
-447969.85 -312476.19
-399586.05 477617.53
350319.02 -1862.25
-473510.98 173873.18
-226423.53 485366.47
39805.74 112741.43
-210401.41 226129.75
42153.74 -268419.42
347666.42 22557.53
-85852.49 447530.97
451621.62 159750.36
-312170.72 275000.14
-139719.44 -231542.71
-373105.96 -322869.83
389549.04 165400.79
454640.88 126054.44
-258425.57 -172362.01
123481.37 -268715.71
-20526.24 336933.46
201097.48 -190002.61
-480079.52 -479613.17
-450744.30 108930.48
292690.90 -246772.25
331630.84 42954.51
469914.18 31405.98
-318506.98 53881.22
480392.19 -167556.96
322496.20 425410.76
-137006.58 411614.87
390775.92 55700.28
427126.77 -81582.64
-159840.49 -465256.11
-455415.76 272401.03
17884.38 211339.35
378175.52 357666.08
-323743.54 393568.92
210361.40 -187480.44
180229.34 248054.62
-21592.16 -186505.74
438881.45 344412.41
77820.15 98177.49
312161.28 -363063.98
364254.68 -483070.45
-137646.74 -459189.64
411806.06 -505315.67
332819.29 398204.26
-240859.02 -197691.05
51199.39 181210.13
-34203.90 -172119.10
219262.21 -341588.44
-361021.46 33226.76
-501550.58 -349445.10
264217.62 -364948.93
-181397.48 356046.87
-170835.30 485432.14
297226.68 -238111.18
-384887.66 -455765.54
512800.05 -416737.70
81102.29 183551.83
-398980.92 113239.39
-357610.11 304568.29
226005.29 443869.82
191804.88 160185.98
-129427.08 241654.69
-165739.14 460880.62
229739.45 411932.24
252819.97 176916.39
-43450.88 497328.26
-238134.11 -134990.15
352502.15 32354.62
-248604.31 -515289.66
-114270.75 -491944.72
-126530.57 -370493.52
-437144.92 413105.86
434356.33 -209943.46
-480779.74 448233.83
123852.81 -172221.01
197972.61 -380388.49
-448327.01 -47804.56
-299851.27 -4460.13
-335811.53 356508.65
-166080.20 -335678.80
506001.76 19348.68
-337604.93 -63357.25
22657.43 -350849.86
222556.44 -161511.31
-37964.80 -480481.66
-202860.08 -183939.85
2414.12 508673.01
215215.40 -455478.16
-225103.97 -286543.19
466506.31 217815.49
333265.23 -6238.58
47624.41 -276436.30
-90393.78 340882.53
66417.31 149311.09
65369.77 -169507.62
-279358.06 65357.45
-447095.98 147075.42
-397262.19 -138074.81
59166.18 126682.91
-325126.51 -187423.45
-388374.01 16273.76
384403.31 329898.08
-458425.67 -474050.52
-394771.82 -391748.91
-31902.40 424762.15
-196600.76 -474303.99
-400031.01 505842.10
325121.64 -238531.55
438274.15 272290.29
395259.43 -45783.11
210779.51 170477.53
-306593.91 246996.45
-313086.48 264982.48
513918.22 17484.48
-61076.53 330431.04
-279587.09 138511.57
403408.47 -396696.62
-270748.28 168650.94
-497837.83 361168.66
449817.79 6430.79
-100358.35 -186646.83
409310.27 485750.19
39172.80 443020.41
190583.80 -250412.67
492506.22 44039.14
354538.05 195531.60
236168.06 284908.90
-312066.03 70491.95
-92848.11 -367721.17
229705.97 138605.28
53094.23 169778.09
-291381.59 -481141.07
-432911.16 -371604.58
409105.73 -347970.63
426954.78 -117131.26
-272326.70 -361143.04
-53639.52 -56658.32
497873.50 -293271.08
204747.37 -113793.10
-198924.93 352769.92
-289097.26 210222.38
-37132.48 509693.63
-216278.47 -370084.98
149968.83 281887.02
423972.93 -132017.15
-228767.70 173319.92
-157121.27 23389.26
401874.59 -105896.01
-329717.55 -20737.50
85919.03 -272703.09
-349994.12 150481.26
-178518.75 -109046.21
-165531.65 499170.09
326773.80 -59212.82
-481452.47 -326319.14
-314053.21 353752.88
131443.08 -57008.58
3267.30 276800.27
-220746.63 -329363.42
416715.54 -361950.22
307937.75 -127031.75
-58062.28 270977.52
-53591.46 -132244.70
397751.32 -289845.53
412378.51 396069.74
359085.86 -288577.27
288260.90 319512.85
164742.53 -502814.99
-519232.76 -272040.70
405337.47 289878.67
154825.15 168031.96
249127.42 430696.06
-90587.75 -414639.48
80126.56 -140532.36
106369.01 445554.67
41617.11 287773.55
452332.85 -90360.41
-414190.44 -458985.25
-515282.45 -225129.31
-268550.96 -393609.22
43676.91 -293550.97
-179083.88 383429.66
310184.11 360527.52
493584.28 -236514.17
-353418.77 -254446.41
-481197.52 -44646.92
-429599.80 154260.47
154473.35 32920.75
108610.39 -470553.79
6594.24 346978.58
410211.60 112501.19
423793.23 135374.56
425919.28 219302.00
20860.87 494641.95
9671.81 516794.06
224199.78 -327172.52
-136396.54 -134255.79
-177153.20 265155.01
155694.43 -108009.06
-414791.59 16475.55
-356004.11 352607.01
-181110.56 271378.43
-142882.51 -195147.09
119031.42 -123402.42
219681.24 -64603.37
144372.48 479933.32
263926.66 -369001.84
-168805.22 452231.64
91327.70 103223.82
194407.63 493092.65
276522.37 28637.40
440479.44 33641.18
395491.53 -451668.61
292929.76 56545.92
429722.38 -107578.23
-273260.71 -173995.78
499252.03 333847.95
-192770.29 -512541.48
-346134.11 -74854.73
-430785.02 -296272.56
95750.93 -69745.39
390699.00 -40842.28
-150874.34 439195.20
-254444.50 -401631.05
255815.07 449018.63
397240.12 -372729.12
174936.61 344570.59
-216065.00 -58541.95
230274.75 -437725.05
-84449.44 -408468.17
294343.30 -142653.25
-244045.18 -137046.58
235310.76 -464896.17
376618.91 -261372.50
-234537.27 471456.25
-503739.84 471304.83
-293160.08 399421.01
-112955.66 -6955.76
-240065.99 -342618.13
463583.11 -76234.35
419378.88 508421.70
-203559.33 -509140.20
111829.44 -383577.74
74986.81 228657.62
-115337.65 282688.74
-252580.50 -220478.68
-101889.93 -117291.63
154755.16 -139017.17
-27670.52 -302921.51
370984.53 -428526.62
-245659.14 -391731.48
199204.42 -174061.91
398234.31 -140858.54
191123.60 -467562.83
-98059.20 331854.91
190634.29 -405996.94
-181491.86 -71068.25
43062.71 -364137.97
-181992.60 -175812.30
35245.84 -59849.58
495883.35 430991.25
358814.57 444757.44
347419.34 145141.25
-462727.59 461643.01
-395280.76 130276.00
135023.58 -326534.39
-48195.15 -433767.29
-131417.42 -419201.26
-51147.46 71585.87
-348886.90 278262.01
440609.60 -349301.23
510790.26 287495.36
143298.20 -145545.13
172828.83 171558.45
-192269.39 13835.61
-487291.19 156801.07
246546.98 -146332.80
-183499.53 468488.20
-269204.86 -467832.89
174930.72 339930.09
-431859.57 -392415.96
-361512.44 365970.18
-139988.42 407983.09
210975.00 460970.74
-276327.40 -238303.33
327652.77 -107487.44
155498.93 299204.02
167304.48 358307.85
228033.83 518360.38
-501935.31 -402936.27
-391001.01 -149885.12
-499802.27 -271762.63
28335.12 20116.44
-182321.22 -386110.27
373328.30 479478.96
64725.55 129047.33
211117.67 343997.05
-517018.83 11620.90
-340802.33 -459423.14
288502.85 70714.56
353742.76 88942.70
78165.14 345521.32
512078.22 -320976.21
-93587.58 473654.59
-94135.45 115526.55
-402203.85 -56904.81
-89486.72 271475.57
397735.16 263842.28
-213074.79 193924.08
263122.16 220821.29
-234774.52 -322809.09
-324998.98 -18921.10
-71586.86 -492157.16
14846.10 191374.38
-327196.09 -121027.83
-463272.22 -434750.02
16646.77 -120620.29
156439.87 -178291.75
44204.63 -155334.29
-83275.42 494340.64
-272387.93 -35106.27
-98084.30 197338.55
-394934.39 -169674.11
410681.80 -346479.50
183656.62 -77490.25
182384.28 -185180.94
-165611.61 -401666.27
-23137.06 -400730.06
-370842.98 261921.55
-328587.25 -124384.06
392214.65 -181820.33
-381906.44 -488842.65
-346642.96 237879.46
4937.47 -367150.32
296941.09 491129.99
-504876.53 -400724.91
-363279.62 69333.18
-211987.70 402672.44
223380.23 336754.33
-230944.35 -161428.49
64768.04 -476878.79
-211966.45 -401942.56
94393.54 335988.94
-112363.37 -494171.41
387036.14 -418263.75
266079.26 -42984.03
-55233.36 -375554.04
457377.48 117794.16
348579.79 -53344.64
-415557.72 -299314.59
257505.96 -138259.48
92360.67 -259781.84
-473980.86 -123212.16
-445688.56 107073.88
505255.87 186730.98
-340413.10 -471455.16
-133555.41 300378.65
-433012.64 -252896.75
282948.69 -226009.72
286890.54 38883.04
-11651.92 501756.89
76654.32 -27801.62
-392061.94 145494.64
-206852.58 231606.32
379771.14 378375.67
337708.66 -361801.86
-251243.76 -242418.10
517845.55 4709.52
-492610.83 -438374.35
98958.87 159639.28
-178694.81 135436.52
272819.04 -25519.95
124025.42 -152650.56
297553.08 -44904.84
319872.64 -328884.53
194401.58 119058.64
323024.07 193690.27
396043.63 246381.21
198278.99 -391007.08
-338133.72 -30805.84
-209936.22 418370.06
48499.71 213769.78
260427.80 452970.17
115480.34 -509840.35
-271667.00 334738.45
105173.91 -262818.94
-95382.20 -284468.19
484517.85 -357481.65
-95763.44 -321100.34
493985.25 -374169.89
92234.75 -470461.58
42017.97 -126946.16
-280862.39 205159.35
-133264.56 -133813.23
121391.77 -444210.97
297939.35 428921.74
112741.47 -119279.41
442306.01 -234524.37
-312944.64 32269.31
-115896.30 406458.26
-342888.21 -477544.33
-94500.39 -181922.72
-94421.16 -300914.60
