100
802.16 410.37
-874.25 976.53
908.94 -469.45
590.19 -408.49
801.03 -367.84
621.43 -502.77
-56.64 -965.84
756.74 0.05
702.95 857.86
767.82 555.01
-582.43 -126.03
52.22 -563.52
-894.52 -8.60
641.91 -971.53
-216.75 362.44
-164.17 -258.68
416.66 106.64
471.58 559.14
492.58 -328.83
801.11 200.70
-778.99 814.79
10.50 920.89
361.14 -800.67
-646.15 921.81
665.44 -357.17
913.11 -601.66
-46.11 -49.90
-11.90 209.34
821.19 -586.02
-892.48 163.35
-48.92 -96.91
-335.95 -57.09
-927.25 -389.86
-824.51 -355.59
-470.80 -606.17
175.98 947.50
482.83 -237.71
721.31 -94.90
733.91 483.13
531.22 368.90
171.28 810.96
749.81 21.52
852.98 338.58
-672.96 -948.85
-308.98 488.66
40.22 -550.24
794.22 605.98
-877.36 915.95
-599.99 696.30
-472.81 -590.73
-537.56 781.73
815.07 321.14
840.13 875.66
666.63 256.36
127.36 -407.68
14.14 -543.88
-896.83 -619.19
-187.25 850.62
806.57 371.76
-582.60 -293.75
-776.25 862.53
601.92 -60.68
632.45 425.99
-813.95 -976.65
533.26 -367.21
313.64 -466.08
234.13 417.33
-681.13 -685.90
-952.21 -953.86
257.49 274.44
112.39 -262.06
27.20 -197.51
-156.94 877.18
141.03 813.94
-992.36 -118.78
109.82 411.25
-577.61 682.99
450.76 -813.08
281.83 -177.73
-670.05 -865.72
99.60 -807.45
819.08 193.81
289.39 -614.65
786.13 -584.89
364.96 -323.78
406.17 763.34
757.18 627.24
-706.81 -480.68
-730.84 -681.88
272.99 -662.94
-848.57 -795.21
-247.83 -92.01
795.20 595.62
-247.84 -756.31
-938.35 -243.77
-473.71 612.14
230.33 647.75
833.96 66.62
570.58 -728.26
817.85 617.12
