100
16 48 100
83 37 100
72 10 100
46 30 100
71 13 100
42 99 100
9 33 100
59 90 100
76 98 100
35 43 100
98 3 100
77 9 100
69 4 100
37 91 100
84 96 100
25 85 100
31 75 100
92 28 100
55 22 100
86 62 100
13 39 100
20 32 100
19 34 100
23 54 100
90 19 100
100 16 100
91 60 100
49 42 100
56 68 100
47 81 100
89 36 100
64 41 100
74 23 100
5 1 100
28 74 100
17 64 100
33 29 100
32 52 100
99 65 100
21 97 100
53 18 100
95 63 100
12 51 100
39 26 100
8 5 100
10 93 100
52 72 100
26 44 100
6 27 100
88 2 100
44 14 100
80 47 100
93 83 100
54 55 100
60 66 100
38 12 100
15 7 100
2 86 100
22 21 100
96 56 100
66 100 100
51 17 100
3 8 100
94 45 100
57 73 100
65 84 100
68 89 100
50 80 100
81 71 100
58 87 100
70 61 100
85 15 100
45 69 100
97 49 100
36 20 100
41 67 100
4 58 100
73 70 100
75 78 100
29 53 100
24 88 100
63 50 100
82 57 100
43 46 100
78 95 100
34 6 100
30 38 100
27 79 100
14 59 100
67 82 100
48 11 100
7 94 100
40 77 100
18 76 100
1 35 100
61 92 100
62 31 100
87 24 100
11 25 100
79 40 100
