399
1 33 7
1 39 10
1 49 61
1 50 1
1 9 10
2 1 17
2 14 1
2 20 41
2 23 1
2 30 1
2 32 1
2 36 7
2 38 1
2 41 14
2 8 11
2 9 1
3 12 18
3 13 4
3 17 14
3 2 14
3 41 3
3 42 6
4 18 4
4 28 9
4 36 41
4 4 2
4 43 14
4 6 20
5 17 17
5 19 17
5 23 4
5 43 9
5 49 8
5 8 16
5 9 19
6 17 4
6 2 5
6 26 20
6 28 6
6 29 17
6 44 3
6 46 5
6 50 17
6 7 13
7 1 1
7 10 1
7 12 62
7 15 1
7 16 2
7 27 1
7 28 6
7 37 1
7 43 1
7 6 20
8 11 15
8 2 11
8 21 6
8 30 2
8 37 7
8 39 17
8 45 1
8 48 12
8 50 19
9 12 22
9 14 5
9 27 14
9 28 2
9 37 1
9 38 10
9 41 1
9 45 17
9 46 1
9 47 2
9 5 9
9 8 9
10 12 7
10 15 16
10 26 8
10 27 12
10 3 14
10 33 14
10 46 3
10 47 13
10 9 3
11 11 51
11 13 9
11 19 1
11 28 1
11 31 8
11 33 5
11 43 13
11 8 4
12 10 1
12 13 1
12 26 1
12 27 5
12 29 2
12 37 11
12 39 49
12 43 1
12 48 1
12 6 1
12 7 12
12 9 11
13 11 7
13 12 17
13 14 11
13 22 6
13 24 17
13 40 1
13 41 1
13 5 17
13 6 13
13 9 1
14 13 1
14 15 2
14 19 8
14 20 1
14 22 1
14 25 9
14 26 16
14 27 12
14 30 6
14 41 1
14 43 1
14 44 1
14 45 3
14 7 19
14 8 15
15 21 14
15 23 4
15 32 4
15 33 7
15 41 14
15 45 8
16 17 10
16 21 6
16 39 6
16 5 1
17 14 1
17 15 10
17 17 1
17 22 8
17 24 11
17 27 18
17 29 16
17 43 14
17 5 13
18 1 1
18 18 63
18 30 1
18 39 1
18 41 4
18 47 4
18 5 19
19 18 4
19 3 62
19 36 1
19 42 5
19 44 19
19 6 1
20 26 13
20 27 19
20 47 10
20 6 4
21 1 12
21 16 4
21 20 7
21 27 20
21 30 5
21 49 19
21 8 14
22 1 1
22 14 16
22 22 14
22 27 1
22 30 1
22 33 3
22 39 9
22 47 48
22 50 1
23 12 17
23 20 14
23 26 15
23 3 6
23 31 3
23 35 29
23 5 6
24 18 3
24 21 8
24 22 18
24 29 19
24 43 15
24 6 6
25 13 18
25 14 7
25 25 15
25 3 20
25 31 14
25 43 4
26 2 1
26 21 13
26 23 7
26 24 4
26 34 8
26 36 16
26 44 1
26 45 15
26 47 11
26 49 7
26 7 3
26 9 6
27 1 3
27 21 1
27 26 68
27 33 1
27 35 1
27 49 1
27 50 8
27 7 1
27 8 1
27 9 11
28 1 1
28 10 69
28 15 4
28 25 1
28 28 10
28 32 1
28 39 7
28 8 1
29 1 13
29 13 10
29 20 9
29 21 16
29 32 12
30 10 6
30 16 17
30 24 12
30 28 1
30 37 17
30 41 7
30 42 11
30 49 20
31 19 18
31 4 1
31 42 7
32 11 1
32 12 1
32 16 1
32 18 1
32 21 1
32 29 60
32 3 1
32 31 1
32 38 30
32 4 1
32 42 1
32 45 1
33 11 5
33 32 16
33 35 14
33 39 18
33 42 13
33 46 20
34 13 1
34 17 1
34 18 16
34 19 6
34 20 20
34 21 1
34 23 1
34 27 15
34 28 1
34 29 1
34 30 24
34 33 5
34 36 1
34 40 1
34 5 4
34 7 1
35 16 17
35 20 20
35 47 10
36 10 4
36 2 15
36 25 15
36 29 20
36 4 1
36 5 15
36 7 7
37 15 22
37 19 68
37 8 1
38 2 9
38 26 7
38 29 12
38 31 18
38 32 16
38 36 9
38 8 19
39 15 1
39 2 11
39 26 14
39 40 3
39 41 51
39 5 2
40 10 1
40 18 1
40 25 7
40 33 18
40 37 1
40 40 1
40 44 1
40 7 1
40 9 65
41 1 1
41 15 1
41 18 2
41 20 1
41 24 13
41 29 1
41 36 6
41 46 16
41 47 52
41 49 1
41 7 1
42 14 7
42 23 1
42 27 3
42 37 6
42 45 16
43 15 2
43 19 1
43 20 1
43 26 4
43 27 1
43 33 1
43 43 1
43 45 1
43 46 1
43 50 64
43 6 10
43 7 10
44 11 11
44 18 5
44 26 3
44 31 19
44 41 11
44 9 6
45 10 3
45 16 1
45 18 28
45 20 1
45 30 55
45 48 1
45 50 4
46 1 8
46 17 1
46 21 69
46 24 5
46 32 7
46 33 1
46 8 1
47 18 1
47 21 14
47 24 7
47 31 2
47 34 13
47 36 9
47 41 1
47 44 3
47 45 15
47 46 5
47 50 9
48 15 6
48 21 4
48 24 19
48 28 1
48 29 1
48 4 1
48 42 16
48 5 18
48 50 16
48 7 1
48 9 11
49 13 1
49 16 10
49 23 1
49 26 7
49 30 18
49 31 13
49 34 20
49 44 14
49 45 54
49 6 4
50 17 17
50 24 15
50 39 3
50 5 5
