150
3 5 19
14 25 11
19 37 4
13 14 18
33 31 6
23 38 16
10 12 5
13 8 17
12 30 18
15 17 7
14 20 9
33 12 9
3 29 2
27 33 9
5 26 13
33 19 17
9 28 15
4 3 8
22 32 2
4 20 1
9 3 16
36 8 66
33 17 9
35 10 65
37 19 13
21 40 59
32 19 9
39 17 20
20 30 1
38 33 8
9 33 58
3 4 3
39 2 16
3 23 17
17 31 18
38 15 4
30 4 16
33 40 19
3 40 5
38 31 20
32 31 6
13 4 7
34 9 3
23 12 15
16 21 9
20 14 8
13 25 16
16 30 3
20 17 1
20 16 11
24 27 3
39 34 10
15 35 11
8 36 8
21 6 16
36 37 2
13 5 4
20 29 53
15 9 5
27 17 12
11 31 2
12 25 66
20 28 19
3 10 14
2 7 19
11 13 8
26 17 5
34 32 61
23 24 15
8 21 18
11 11 1
20 3 2
9 15 16
35 16 70
29 33 18
36 17 17
11 1 3
28 14 19
24 40 68
2 39 11
13 12 17
28 32 6
24 5 12
22 17 2
17 9 19
23 35 1
34 37 5
36 31 3
2 38 8
29 26 3
31 29 16
5 35 2
4 1 13
36 28 16
25 2 13
33 30 15
27 4 12
30 28 14
17 19 16
13 35 2
2 32 8
35 5 10
35 8 11
11 5 69
33 25 10
3 12 15
6 33 66
20 32 17
25 13 18
18 14 3
22 26 17
31 30 17
14 13 16
24 21 16
13 21 16
12 24 14
37 22 8
36 20 13
6 18 5
8 1 9
14 9 18
29 27 63
7 17 17
1 20 8
2 29 6
14 14 7
9 21 12
2 37 18
33 23 12
24 30 18
36 22 17
11 3 17
39 7 16
29 1 17
27 34 4
31 1 3
4 15 2
11 39 67
35 3 3
21 4 18
15 24 6
36 39 51
21 32 2
6 23 6
38 16 10
11 9 8
37 36 9
8 33 8
1 10 60
13 39 17
