100
0 5664 8304 8581 9925 7967 8439 300 8500 6372 33 9385 1338 5716 1673 8543
1639 4376 544 4047 8121 1743 7221 6909 8247 3010 8812 3095 7133 3482 8872
2466 8081 9578 7536 1142 5665 8725 296 6968 7323 5320 8881 2777 4371 4961
2652 7128 8394 4120 3972 7219 3948 7461 5965 3644 3501 9971 6134 1709 5564
6114 4235 8967 1944 3179 7886 3669 5043 1013 4309 3832 1172 5332 1681 1588
785 6790 8495 2525 1588 3004 4400 4680 5456 5704 933 6909 5101 221 5595
1278 1413 9474 7708 9200 7433 9668 9478 5983
5664 0 9881 9869 721 3484 4174 2655 667 5562 3887 8038 5303 5998 582 7821
3673 3598 4940 2603 1583 4145 5146 8602 6148 3889 3456 6490 9610 4277 6882
9435 5876 2593 2941 2516 8210 8209 6395 725 1510 9129 7924 7725 7613 8502
678 2555 7070 5824 5628 6476 5815 2477 1670 7142 184 6316 1407 2276 8698
4995 8559 53 4077 2696 7923 8366 3893 9977 3839 165 3319 1407 8078 7060
8403 680 3112 8374 3310 7900 1688 7828 9964 8720 8644 5058 3528 23 5918
4133 2167 1841 6670 6287 4520 176 9463 9018
8304 9881 0 3325 445 8447 8783 8640 6205 470 9438 9085 2862 5061 3635 4549
1053 8225 9352 8801 9374 5980 8753 5448 1160 8580 1553 5651 4988 1359 86
1078 3605 3133 8259 496 958 8097 1579 3458 2014 2157 444 9511 5064 9636
3883 6379 1199 1281 5928 5539 629 9523 1819 8644 562 1918 6212 3217 4296
8709 590 1063 6243 5446 2062 7837 2550 6605 736 7194 2016 1137 7847 7970
6991 5889 1849 7832 8940 7837 4625 1825 8362 1059 5035 9259 3756 9397 1975
7374 9315 737 4124 5226 6036 3850 8590 6214
8581 9869 3325 0 5940 3725 5627 2706 4080 6341 1608 1187 8036 8807 7454
1377 9568 5810 4697 7744 8136 8310 6367 6868 954 5419 4894 9067 9280 5401
4201 7753 5618 6731 8192 4932 1536 5147 2813 6291 762 7641 3870 4326 7277
9316 7803 2918 3060 4055 7587 1820 5203 4935 969 4488 7056 5323 3209 7678
3114 6595 1521 6269 2312 3413 3404 1731 9433 2500 6041 7684 9306 5843 8970
989 3482 4278 7192 1799 4082 2365 6926 1012 4501 532 1182 8570 1649 5386
7348 1027 9428 4149 3974 1836 8126 4157 8950 2791
9925 721 445 5940 0 9414 3349 6246 54 1642 2696 3426 3213 5105 6493 7102
800 1987 1469 8532 719 658 636 6535 9006 9008 2823 9924 5371 6520 3834
6634 8952 9757 163 1742 2729 950 1199 1550 12 4390 880 5947 1475 288 4699
6203 6141 816 3035 410 4777 7987 6717 3744 9123 8096 5785 5740 5404 2378
7356 1766 5556 8589 3565 879 4599 3197 5490 7265 7603 8855 4017 7431 4688
6862 3572 352 7477 9296 9667 2753 5457 489 6187 6713 5685 2562 3361 1786
4260 4672 2358 8818 3022 695 7439 7648
7967 3484 8447 3725 9414 0 9892 5002 1600 5886 6312 1031 6664 960 204 2343
3724 2593 7900 842 4909 7941 3471 1854 2392 6533 8895 743 5579 7240 3508
765 2423 4431 6161 6834 5794 5522 8538 4896 846 7100 3060 1599 4318 1804
3811 3935 1706 3158 3943 3559 3241 542 7967 5459 4617 1484 2395 5666 3403
3465 3155 7705 7069 2428 3224 2452 3581 164 8904 1101 481 7779 8205 5929
3412 7424 9735 8532 5 9467 5572 237 79 7312 6529 4365 8084 7031 3260 5041
8734 4015 1647 2228 1753 3825 5896 7683
8439 4174 8783 5627 3349 9892 0 6684 9422 7794 1524 3696 1983 5544 4076
1316 7463 640 2711 7047 6126 6194 8353 1779 7193 5181 1327 3953 5828 2007
1270 4413 4628 5865 756 7869 6820 9304 7350 1929 3334 449 3759 9618 959
2312 783 6338 3757 7626 2742 7195 4930 2653 73 5633 1316 8384 8782 9321
7717 2588 1439 4215 3233 1129 9402 2749 6803 2008 962 7075 4123 549 5090
3315 3142 9179 5482 7724 326 233 4577 748 4861 5228 2250 9872 2999 9035
8857 7223 9726 2393 7323 2856 9944 1197 3963 9661
300 2655 8640 2706 6246 5002 6684 0 6349 6009 2715 823 6200 210 2487 5789
4156 254 2292 5658 3379 6436 3860 3946 2088 7638 6425 3662 7746 8470 3366
6630 6071 2250 5385 5987 7063 8264 9925 7811 5222 6743 1494 2808 6166 9987
2608 3982 6810 3084 19 1258 1311 2649 5919 8962 9969 7040 8826 7110 3252
6462 3810 2453 8158 6424 6775 197 9079 2961 2461 2345 371 3085 870 3603
2807 8871 1798 772 1101 8652 2156 6585 4707 3723 5772 3909 9047 4025 368
1256 9396 1221 1379 5538 4576 2617 7330 3014
8500 667 6205 4080 54 1600 9422 6349 0 2671 4359 6432 4344 5936 7346 9103
4720 7096 4292 6089 4974 4216 1380 6884 4632 6336 2947 8124 2839 7054 2625
6654 8081 8245 9395 6948 2671 1105 1970 7574 2901 6702 9965 6387 827 3241
5277 9140 8608 2195 2116 1203 1342 525 9127 7073 9335 1158 2046 7366 5738
8911 308 7975 503 4057 6069 1082 6573 710 9060 2721 9260 2226 5724 6561
4749 801 6065 8614 8653 3454 6647 2545 568 1590 3190 278 5562 6319 1185
7579 8533 6724 7981 9308 2378 3273 4767 4032
6372 5562 470 6341 1642 5886 7794 6009 2671 0 5904 3546 1903 2670 2432
2482 6018 878 5007 4315 2333 9849 9179 8409 627 5213 9279 6158 8301 8743
9122 1151 8964 2528 3085 9787 9985 320 8495 4523 7449 5738 5262 6955 1951
2009 3693 2897 3667 2949 6429 6672 144 9852 5447 6785 5235 3988 42 164
2633 9399 6761 7177 2422 5669 7196 4582 4103 5364 4588 8626 4513 5825 5181
5464 4094 12 5256 1085 9928 6072 9787 7948 8997 320 3655 492 89 3340 1360
6731 7794 3865 6162 8104 7035 145 4602 4779
33 3887 9438 1608 2696 6312 1524 2715 4359 5904 0 1551 3479 7321 8588 4795
3607 2132 790 6660 643 274 6850 4496 3232 1786 5406 1830 7639 940 3630
3241 7428 7673 6168 8831 8447 5945 9829 6717 8783 4980 1235 6987 8394 4301
9599 5566 8087 8527 1838 1414 2550 2837 2181 5504 7104 5071 3496 5017 2880
5376 2486 1185 97 9361 5973 4228 4139 5669 435 3818 4103 3942 1993 8503
8524 4071 9043 2539 7953 2711 4697 3559 9071 7971 1255 9521 47 8222 3856
8369 1801 5974 5534 8848 4879 2738 832 5906
9385 8038 9085 1187 3426 1031 3696 823 6432 3546 1551 0 6621 5829 193 9127
8307 3038 2287 7630 6973 6109 6485 9860 1581 8971 2648 1734 8232 1640 437
1554 4111 5760 5313 5137 4850 2682 3434 9598 4994 59 2616 9224 6263 7858
1561 1871 3289 9756 4535 9336 1532 834 3682 115 7036 7526 6156 8018 2744
747 8278 5049 1031 8140 3880 2008 7161 6388 9038 5239 3351 9515 386 2977
8120 4128 9186 9713 628 7522 8345 2027 4676 9600 4576 4327 2068 4539 2875
7926 7 3131 5520 1888 2230 1757 2756 9105
1338 5303 2862 8036 3213 6664 1983 6200 4344 1903 3479 6621 0 8556 8913
7380 6013 2544 5233 390 9401 1937 7945 9901 8753 1590 5698 511 7546 3574
4701 5297 1957 4118 2105 7647 409 2109 7568 5089 2390 8819 8942 2331 9992
3545 3021 5686 599 4857 7281 6062 4167 2143 3555 2727 3531 7132 9584 5014
1175 77 9365 4165 903 311 8259 2500 7859 5825 3773 2099 5313 1598 7964 180
1666 1323 2409 3366 6113 2258 1660 8025 6383 7859 6143 8873 7023 7894 419
3025 1630 727 7761 1683 7499 7461 6974 6651
5716 5998 5061 8807 5105 960 5544 210 5936 2670 7321 5829 8556 0 6103 2618
2398 3854 7851 1050 3030 1067 4567 5775 1714 2021 8110 6407 313 4089 8596
2891 1828 1734 642 4206 5377 2899 1069 6750 4993 545 6520 2070 8159 6503
4406 8636 5032 9842 5638 7351 4284 6941 2567 5474 6509 5436 581 8649 1117
9252 6790 5730 7667 6894 4239 6085 7572 183 5084 4063 7104 5632 1175 326
7662 5647 5471 4718 4202 1742 2743 360 7807 6941 2980 3677 3306 9585 5956
15 7889 5699 386 9560 1659 2125 6102 3236
1673 582 3635 7454 6493 204 4076 2487 7346 2432 8588 193 8913 6103 0 6053
7607 2706 3269 1074 4010 3111 8107 7266 4864 5438 6388 3372 3417 1673 9626
5618 7393 6554 8333 9553 2631 5102 1226 381 2801 2243 2248 2734 7383 2959
5051 5809 5090 6403 9657 4821 4936 2416 976 4694 2118 3884 3859 6944 921
3372 4385 5675 1810 7476 2074 3637 4923 7322 2691 4286 7121 8657 6352 763
4816 9972 610 7764 9741 2082 3208 7198 9852 7612 4185 3607 2564 3825 2030
259 2492 7224 3560 1870 893 3372 2224 4882
8543 7821 4549 1377 7102 2343 1316 5789 9103 2482 4795 9127 7380 2618 6053
0 8996 358 4504 1230 2403 9363 9113 6556 8758 743 8679 8783 5853 9085 8584
8000 2389 5658 2672 3600 8543 1713 489 9591 8559 1048 5763 4036 2530 5302
792 3548 9576 390 6447 8781 9585 7531 2464 1857 5728 7310 7714 1663 4908
193 5141 7955 8364 1954 1065 209 9584 7439 3512 2157 1735 1102 9290 7942
1796 7768 4473 835 3573 2034 7992 441 6789 9771 3024 9350 4435 149 5856
5145 5576 1625 6918 8732 5784 335 3676 4906
1639 3673 1053 9568 800 3724 7463 4156 4720 6018 3607 8307 6013 2398 7607
8996 0 2402 4329 60 6106 6823 2080 2129 5293 955 8704 4653 8877 87 8344
8295 5652 9324 6129 2098 2655 5777 8174 935 3903 3714 3035 2644 2935 4840
3073 4508 5100 903 9150 3783 531 813 7114 1952 3735 9457 9487 7403 751 405
812 6203 9791 9688 88 5680 6330 2835 8736 468 8549 2365 7518 5733 4106
7913 878 7249 4139 6177 2104 3019 5456 2882 7775 6121 6849 3941 4928 3482
466 8001 9367 247 4176 7566 8571 4451
4376 3598 8225 5810 1987 2593 640 254 7096 878 2132 3038 2544 3854 2706
358 2402 0 5870 881 7623 1659 5634 1763 1605 4289 6727 9571 2900 5277 1307
6503 6830 792 1846 4395 4070 1684 4153 8232 3277 8337 2971 8536 2377 8649
6059 9831 1936 3779 7710 7374 9061 1401 7646 9326 5262 1102 6213 6570 6723
1654 1827 7347 408 4816 1603 8904 4443 5376 1104 3344 6220 2103 4152 9859
6644 9315 8630 543 3980 3722 9220 1959 5715 6274 3011 9661 1897 3652 8921
7852 8371 9133 6858 1363 3351 7489 7566 2149
544 4940 9352 4697 1469 7900 2711 2292 4292 5007 790 2287 5233 7851 3269
4504 4329 5870 0 5777 3620 9097 7476 8882 9602 835 2007 7412 9841 1020 949
1935 9023 8707 6470 8684 2544 6090 4563 8352 4102 2143 4547 2303 152 3497
8393 9612 5900 3513 2056 3392 2529 5463 6018 9825 342 778 7205 8358 7509
8292 9485 6475 9112 5417 4928 7508 6166 7184 3014 4909 9306 4108 9975 1418
6837 4779 5465 6582 1822 4157 8742 1045 7900 3470 1545 1050 8520 2681 9863
1600 9290 1452 1772 1707 8109 9533 3542 164
4047 2603 8801 7744 8532 842 7047 5658 6089 4315 6660 7630 390 1050 1074
1230 60 881 5777 0 2782 2531 1183 5285 804 3984 9639 7051 1004 9677 6795
5088 1720 5151 4508 931 5218 2326 3820 7992 3021 6182 6581 7692 1842 7440
622 5178 4820 2177 707 3063 7721 4307 2427 6636 4825 1876 1232 8975 4152
3099 3788 9396 6742 3084 3843 3682 9658 7174 9795 9525 7416 1852 6146 5626
1510 9133 6031 7873 2737 5405 7007 1058 6001 624 7291 9556 2284 8827 4636
5401 7472 5893 5035 7207 2725 5482 3425 8368
8121 1583 9374 8136 719 4909 6126 3379 4974 2333 643 6973 9401 3030 4010
2403 6106 7623 3620 2782 0 6080 9097 3606 7964 9965 1203 9531 2831 4326
5350 5185 4211 43 2215 5213 7437 2327 5532 3505 8075 8785 6816 1918 2976
1840 4844 6314 9662 196 811 2119 2496 9032 5112 6579 9056 3614 6685 9898
5173 6011 841 2456 2053 9607 6538 283 3926 1090 9019 5991 9661 4617 8762
7334 6786 7819 2674 592 1340 4366 8471 978 2011 2751 8178 7229 1988 5998
1683 2597 6957 1972 6299 9404 2694 8983 3245 9364
1743 4145 5980 8310 658 7941 6194 6436 4216 9849 274 6109 1937 1067 3111
9363 6823 1659 9097 2531 6080 0 689 6370 7011 6855 5221 4758 8518 7325 354
5661 8042 8022 253 5134 8803 3239 1297 1160 7186 1255 9386 9439 521 5164
924 7305 8352 4777 869 416 8145 1789 6326 1935 1370 5391 9098 8875 878 523
5640 5305 5546 5947 7857 7090 3083 4332 3171 7868 6970 1547 7311 945 8461
7323 8254 6792 9566 4510 4749 837 7984 9078 7877 1238 9896 8081 9072 1320
1572 7746 3043 6378 5721 8894 9040 9507
7221 5146 8753 6367 636 3471 8353 3860 1380 9179 6850 6485 7945 4567 8107
9113 2080 5634 7476 1183 9097 689 0 3525 1871 8892 6176 8299 8178 5263
2214 1700 986 8563 4904 8443 1725 5942 1865 443 4942 817 7421 6328 8595
6361 1134 7266 1998 1398 8193 5037 8580 2130 6347 3282 5658 8154 9068 7878
8413 6179 9630 7376 251 9906 5798 9427 6733 9495 9806 4144 5274 9060 3315
340 7789 5622 2045 5567 8473 7977 9752 5907 3909 8893 6261 6442 7682 9090
9218 8352 6703 6433 4264 3562 1406 8774 3320 2893
6909 8602 5448 6868 6535 1854 1779 3946 6884 8409 4496 9860 9901 5775 7266
6556 2129 1763 8882 5285 3606 6370 3525 0 7031 3893 5653 8645 8160 4957
1437 7546 3709 4947 2468 5016 4552 8491 9744 6675 972 4531 2587 8033 2121
8270 8987 8302 4685 5837 1877 9269 2925 97 1001 5159 7304 1056 5088 4442
3869 9296 3990 9495 1585 5868 5506 5093 9801 7088 6546 1627 3048 7684 3348
4018 5341 701 423 2248 1185 7641 2913 4446 5469 7240 2063 8479 9424 6343
8479 2967 4861 1305 2868 3676 3837 3352 8950 6216
8247 6148 1160 954 9006 2392 7193 2088 4632 627 3232 1581 8753 1714 4864
8758 5293 1605 9602 804 7964 7011 1871 7031 0 5977 6354 8221 986 603 429
1258 1301 5892 9828 5262 645 2217 8532 2509 9979 1887 2009 9414 1042 2453
8551 882 6591 5781 8645 9649 3514 73 5805 5278 9740 7021 7312 2520 910
1291 8283 3716 7719 4515 7533 4928 9889 981 8634 486 7692 7216 4645 5647
6977 2636 9914 2042 8623 3464 7419 5602 8371 7087 5072 1655 7958 9066 9421
6883 3498 9954 197 2810 2051 4137 4135 530
3010 3889 8580 5419 9008 6533 5181 7638 6336 5213 1786 8971 1590 2021 5438
743 955 4289 835 3984 9965 6855 8892 3893 5977 0 2310 7865 1510 1352 346
8680 3827 3047 6350 3411 6102 6389 3308 6929 2165 1679 3549 8860 6431 9935
4099 428 580 8437 6783 8620 8562 5315 4010 9872 8393 2869 6178 445 4158
4306 1641 5691 6673 3583 5165 5397 6225 3042 5829 7385 5858 8524 284 6563
8603 6658 2331 1612 7125 3995 4738 6506 9206 2692 4248 9024 7501 2428 5699
3483 7016 3230 6211 9848 8735 8913 5362 6407
8812 3456 1553 4894 2823 8895 1327 6425 2947 9279 5406 2648 5698 8110 6388
8679 8704 6727 2007 9639 1203 5221 6176 5653 6354 2310 0 2830 5806 2306
8229 9913 6467 5752 8551 3742 3052 7758 5313 3828 58 7272 14 1392 1093
4354 1081 7091 9382 1017 8932 3959 6697 9631 4937 4006 382 4821 1438 1900
3177 9799 5044 4181 5523 3065 370 7441 5033 6424 6409 3899 2816 233 2738
7825 1353 6856 7721 1233 3592 8214 5929 2298 7967 8412 6933 4915 9023 7356
2674 2856 8334 6301 5601 6950 5398 1275 4751 8732
3095 6490 5651 9067 9924 743 3953 3662 8124 6158 1830 1734 511 6407 3372
8783 4653 9571 7412 7051 9531 4758 8299 8645 8221 7865 2830 0 3202 5308
1970 8988 8145 5406 5454 4644 9000 5218 2809 2435 4606 9308 800 2783 4985
3 3996 2329 5556 2721 9487 8557 9147 748 9858 4946 5484 5369 1614 83 2852
2327 1250 9178 1609 512 6131 1427 4243 3841 2397 1642 1659 2257 7057 9601
386 2790 6478 5552 389 6608 8440 5300 8172 3008 9961 3334 4861 6272 8066
7399 3960 6337 5691 2994 8460 9211 9921 1189
7133 9610 4988 9280 5371 5579 5828 7746 2839 8301 7639 8232 7546 313 3417
5853 8877 2900 9841 1004 2831 8518 8178 8160 986 1510 5806 3202 0 1984
8065 4724 8235 3675 954 5402 376 1493 6097 6913 2325 3617 644 3278 2819
2651 3890 245 5712 2295 846 8401 24 1192 7131 8926 7395 3636 1101 9166 383
1810 4167 219 35 9266 5232 3722 6171 313 185 26 8828 5023 2396 4937 4285
4518 5140 7229 4122 6241 1893 4101 738 3901 5438 6771 7779 1764 1716 3394
8899 7996 9361 1495 3298 6728 858 7094
3482 4277 1359 5401 6520 7240 2007 8470 7054 8743 940 1640 3574 4089 1673
9085 87 5277 1020 9677 4326 7325 5263 4957 603 1352 2306 5308 1984 0 1485
3545 6252 2729 9678 4077 5367 1539 6308 389 9441 9622 9038 4841 8150 3836
5760 6126 2925 7231 7983 7158 2528 9323 63 9505 1800 3355 2720 4049 9539
7781 4254 2571 6436 4121 7928 9937 8997 8395 8932 1572 414 8321 9374 5925
4292 3462 4746 6597 2198 501 278 3820 947 855 643 9985 571 2789 1433 8901
8920 5233 5854 3465 3809 5488 5071 1447
8872 6882 86 4201 3834 3508 1270 3366 2625 9122 3630 437 4701 8596 9626
8584 8344 1307 949 6795 5350 354 2214 1437 429 346 8229 1970 8065 1485 0
8666 8001 5642 4059 2616 6409 2482 7010 933 6024 788 8729 6800 8959 5376
5438 319 9082 840 7775 5703 8973 1007 8645 2583 6088 1097 6985 2383 304
1036 7141 5689 44 3360 8533 1543 9157 4149 5301 4621 1754 419 624 1209
7175 2424 5388 9931 2284 4294 5900 8159 3274 1449 330 45 4173 8232 8578
7107 4232 4189 5239 7320 1395 2445 361 3629
2466 9435 1078 7753 6634 765 4413 6630 6654 1151 3241 1554 5297 2891 5618
8000 8295 6503 1935 5088 5185 5661 1700 7546 1258 8680 9913 8988 4724 3545
8666 0 4023 8602 7689 7846 8071 3604 5074 844 1902 9007 6735 5003 5925
8083 2071 9842 9242 1204 691 6764 499 8945 8379 3867 5120 1334 3649 6749
6115 6692 9600 6244 654 8504 754 9032 9582 3752 9556 2059 2085 1150 2231
6696 2660 2722 8689 3590 2618 7154 6152 4133 3269 8362 1209 9486 3005 7714
9965 3105 5452 3336 994 7696 882 4957 764 2543
8081 5876 3605 5618 8952 2423 4628 6071 8081 8964 7428 4111 1957 1828 7393
2389 5652 6830 9023 1720 4211 8042 986 3709 1301 3827 6467 8145 8235 6252
8001 4023 0 8082 7704 6236 2148 8853 3311 4314 2107 2331 2164 2841 3182
1329 4619 2824 9485 7870 5045 6577 1726 111 7007 1471 1454 7839 3049 3973
7230 8729 7499 3672 8678 2553 5742 1966 9339 5524 8390 5110 4270 1966 3799
6302 3330 5489 7357 6504 6088 6878 993 8681 9286 850 1330 5136 2799 8900
9938 2657 5030 404 4106 5122 3676 9164 1584 8289
9578 2593 3133 6731 9757 4431 5865 2250 8245 2528 7673 5760 4118 1734 6554
5658 9324 792 8707 5151 43 8022 8563 4947 5892 3047 5752 5406 3675 2729
5642 8602 8082 0 2801 7605 7721 6434 2157 5781 8454 5535 9687 7402 7562
2680 3149 56 1642 6403 1802 1820 1237 7619 4081 1446 1551 5851 2216 4301
1192 441 9711 1272 2385 1430 2638 2787 1078 9787 679 5181 395 1689 8842
1556 5867 6523 5812 4354 5869 3317 9847 1809 5721 5265 8179 5472 8871 7049
847 1006 3608 4649 4897 9421 8739 2307 9894 951
7536 2941 8259 8192 163 6161 756 5385 9395 3085 6168 5313 2105 642 8333
2672 6129 1846 6470 4508 2215 253 4904 2468 9828 6350 8551 5454 954 9678
4059 7689 7704 2801 0 6670 6359 682 8756 7325 602 8323 4629 1341 2896 5158
3912 5983 7682 4932 1790 2209 4106 3909 8165 6319 4433 3918 3288 4642 2449
3283 1343 4677 6521 6547 4165 1147 7024 8951 2285 383 2798 6592 5485 1491
6346 8207 54 7736 2444 9508 4926 6570 9862 6023 3898 1756 870 5362 6107
6020 8233 4858 1959 7667 4365 5516 6684 9592
1142 2516 496 4932 1742 6834 7869 5987 6948 9787 8831 5137 7647 4206 9553
3600 2098 4395 8684 931 5213 5134 8443 5016 5262 3411 3742 4644 5402 4077
2616 7846 6236 7605 6670 0 2349 8209 8735 4146 3491 3053 5178 2264 1109
7914 1294 315 5238 6959 6564 3107 7942 5214 4229 6476 3918 50 6608 7907
6080 5547 3373 8614 814 655 4951 5531 2583 7114 8260 6632 2579 8045 6946
8040 1108 3175 3332 6342 8385 1609 4243 4561 3440 8108 7907 5214 5819 3790
4125 8903 9759 7212 4882 1863 5536 6758 7597 922
5665 8210 958 1536 2729 5794 6820 7063 2671 9985 8447 4850 409 5377 2631
8543 2655 4070 2544 5218 7437 8803 1725 4552 645 6102 3052 9000 376 5367
6409 8071 2148 7721 6359 2349 0 7666 264 8200 9291 4651 2844 6217 1640
9955 8820 9058 1881 8895 8721 7685 2113 1140 7273 867 6142 3505 3327 179
6046 2724 7655 2967 5193 2883 9553 5439 6163 7224 8194 3085 7013 8982 9665
606 4320 947 5619 8545 6432 8464 4491 8803 5378 5511 1211 6231 867 8595
6345 8478 4813 8116 612 1298 9823 1895 5708 1483
8725 8209 8097 5147 950 5522 9304 8264 1105 320 5945 2682 2109 2899 5102
1713 5777 1684 6090 2326 2327 3239 5942 8491 2217 6389 7758 5218 1493 1539
2482 3604 8853 6434 682 8209 7666 0 90 572 7376 4631 8128 9532 1660 9914
5777 7071 278 9058 2930 3476 6058 1696 2411 711 4364 4310 4437 7395 1464
4919 9117 8765 5759 731 409 6301 2829 922 9977 6711 220 1742 4400 4954
2918 6132 4142 1001 5441 5047 7752 5005 1493 2650 9704 585 7110 2600 5336
898 8242 7584 1310 7189 8709 9311 5043 4516
296 6395 1579 2813 1199 8538 7350 9925 1970 8495 9829 3434 7568 1069 1226
489 8174 4153 4563 3820 5532 1297 1865 9744 8532 3308 5313 2809 6097 6308
7010 5074 3311 2157 8756 8735 264 90 0 9457 1135 1533 4329 5072 508 1030
8583 8465 3437 5985 5095 9690 8151 708 8808 9809 140 2185 8667 5765 5787
5484 4785 7175 6745 2180 5591 1012 2269 5258 9644 5073 1691 8907 1804 6218
4209 6661 8446 4267 8194 6313 1403 7544 7194 5047 5332 955 4827 3222 8176
2582 5744 241 9426 9697 4860 953 5864 155
6968 725 3458 6291 1550 4896 1929 7811 7574 4523 6717 9598 5089 6750 381
9591 935 8232 8352 7992 3505 1160 443 6675 2509 6929 3828 2435 6913 389
933 844 4314 5781 7325 4146 8200 572 9457 0 2026 6020 9474 95 4346 4683
7199 3879 3312 3368 7253 7226 8955 8571 1662 9459 8191 7459 9713 5816 9560
4619 2019 5752 1531 8403 9875 8176 6576 5292 9589 9565 8188 5736 6485 5877
3042 9886 8265 4215 5469 6668 2406 5179 6459 4642 7294 1830 4342 8066 1771
6217 9376 6617 2793 9404 9395 2203 5878 5923
7323 1510 2014 762 12 846 3334 5222 2901 7449 8783 4994 2390 4993 2801
8559 3903 3277 4102 3021 8075 7186 4942 972 9979 2165 58 4606 2325 9441
6024 1902 2107 8454 602 3491 9291 7376 1135 2026 0 8725 1299 8031 8604
7550 6250 7842 4711 3909 3974 2442 9324 5523 5513 5991 6905 3634 4845 9409
6987 6035 430 6016 4918 1498 7896 2780 3603 2771 7314 1865 7182 329 3512
2145 2573 4093 2841 5399 9828 5265 4847 6857 7240 5502 2292 4784 2118 5594
7938 8807 3201 846 1552 1644 5618 5340 5572 3950
5320 9129 2157 7641 4390 7100 449 6743 6702 5738 4980 59 8819 545 2243
1048 3714 8337 2143 6182 8785 1255 817 4531 1887 1679 7272 9308 3617 9622
788 9007 2331 5535 8323 3053 4651 4631 1533 6020 8725 0 4354 2281 2845
6955 7136 2597 4908 2573 2708 8987 4228 5695 5396 7616 8840 8322 1935 4622
2835 247 1469 9643 1115 5974 4676 3537 1868 2540 2954 2499 5199 7961 3596
5737 1341 4953 1906 8923 6900 9646 6185 589 2567 9960 6518 3655 726 3340
3319 9287 6406 8530 6548 5268 8 1082 1559 6061
8881 7924 444 3870 880 3060 3759 1494 9965 5262 1235 2616 8942 6520 2248
5763 3035 2971 4547 6581 6816 9386 7421 2587 2009 3549 14 800 644 9038
8729 6735 2164 9687 4629 5178 2844 8128 4329 9474 1299 4354 0 5253 7277
2499 6762 770 6158 9208 8135 8786 4354 8551 4893 9338 3379 6118 4444 3451
4108 9239 8261 3714 8099 7239 3089 5706 470 9882 4149 8689 3992 9929 7554
9019 9112 764 4104 4714 9574 5007 1660 4603 8339 5065 8276 513 3478 1556
3282 5910 8742 537 8504 9454 8476 5480 6806 6878
2777 7725 9511 4326 5947 1599 9618 2808 6387 6955 6987 9224 2331 2070 2734
4036 2644 8536 2303 7692 1918 9439 6328 8033 9414 8860 1392 2783 3278 4841
6800 5003 2841 7402 1341 2264 6217 9532 5072 95 8031 2281 5253 0 1592 4935
149 9663 4253 1807 4343 3915 5993 5199 2686 7896 8929 745 5686 1649 4776
382 9032 7148 9335 7487 7024 2414 9153 8330 3637 8030 36 5763 8405 9498
2108 6109 9322 3877 1101 5148 9940 4128 553 4189 2857 9621 4631 2114 6771
6221 6222 4373 9305 4409 29 4837 2777 8868
4371 7613 5064 7277 1475 4318 959 6166 827 1951 8394 6263 9992 8159 7383
2530 2935 2377 152 1842 2976 521 8595 2121 1042 6431 1093 4985 2819 8150
8959 5925 3182 7562 2896 1109 1640 1660 508 4346 8604 2845 7277 1592 0
5319 1473 5105 7965 8028 1750 3039 6581 6919 8743 9905 711 3458 3848 5047
7284 116 7058 7154 7632 6774 742 8664 8053 9920 7845 3431 5896 4328 468
4835 4615 1906 9758 6537 6221 7393 3036 3050 4580 5612 9114 2328 7986 9936
7736 7552 4442 6690 4068 300 8107 5142 4195 2300
4961 8502 9636 9316 288 1804 2312 9987 3241 2009 4301 7858 3545 6503 2959
5302 4840 8649 3497 7440 1840 5164 6361 8270 2453 9935 4354 3 2651 3836
5376 8083 1329 2680 5158 7914 9955 9914 1030 4683 7550 6955 2499 4935 5319
0 317 7801 2544 7929 3649 686 7181 4680 2435 8266 3917 3751 8194 2757 5156
7966 3386 2461 4437 9204 1959 8834 2582 2529 105 6972 6417 9209 5662 9205
5976 5801 9621 6484 1154 1509 8142 7244 3713 982 8548 8440 5615 4754 7721
8434 9583 4505 6325 6430 2863 5336 7325 8136
2652 678 3883 7803 4699 3811 783 2608 5277 3693 9599 1561 3021 4406 5051
792 3073 6059 8393 622 4844 924 1134 8987 8551 4099 1081 3996 3890 5760
5438 2071 4619 3149 3912 1294 8820 5777 8583 7199 6250 7136 6762 149 1473
317 0 94 2244 2207 2345 6241 2978 3353 8121 5527 4477 6012 7276 7294 5066
8289 1834 4740 9596 2609 1156 7458 9736 7073 8425 3726 6568 163 1167 3483
7714 7217 5517 7914 6145 2124 8883 6614 2894 2671 734 8224 827 2973 6169
5524 1683 1442 1971 875 3569 7711 9830 2989
7128 2555 6379 2918 6203 3935 6338 3982 9140 2897 5566 1871 5686 8636 5809
3548 4508 9831 9612 5178 6314 7305 7266 8302 882 428 7091 2329 245 6126
319 9842 2824 56 5983 315 9058 7071 8465 3879 7842 2597 770 9663 5105 7801
94 0 1080 6963 6419 933 5249 5103 5011 6321 5514 3204 8337 9625 872 4668
7344 1547 2432 3545 5578 5386 4534 7427 3845 1337 6632 3390 4861 8667 3132
385 2565 6687 3352 6537 5792 488 8826 4784 987 2344 102 5293 3644 4745 250
8089 3175 5990 7253 4341 873 4264
8394 7070 1199 3060 6141 1706 3757 6810 8608 3667 8087 3289 599 5032 5090
9576 5100 1936 5900 4820 9662 8352 1998 4685 6591 580 9382 5556 5712 2925
9082 9242 9485 1642 7682 5238 1881 278 3437 3312 4711 4908 6158 4253 7965
2544 2244 1080 0 2471 9731 5673 1169 7372 8357 7395 604 5703 599 2151 3970
3308 3382 9610 7613 2764 6285 6806 3452 5029 1930 8175 8732 5292 4073 6510
5827 5206 1864 4526 8051 8699 3682 1708 2389 3548 9009 6153 5113 5891 1759
6066 1193 9892 3519 622 3468 9719 120 4869
4120 5824 1281 4055 816 3158 7626 3084 2195 2949 8527 9756 4857 9842 6403
390 903 3779 3513 2177 196 4777 1398 5837 5781 8437 1017 2721 2295 7231
840 1204 7870 6403 4932 6959 8895 9058 5985 3368 3909 2573 9208 1807 8028
7929 2207 6963 2471 0 2486 6037 9996 8352 2978 4198 7745 2172 7884 6327
1355 4133 5874 4466 6514 6695 3306 6993 6445 7402 6555 5489 708 6475 5649
4233 1410 1269 5150 9531 243 2262 3221 1051 4812 287 4816 2359 7667 9668
9921 2842 6495 6976 2799 8205 8900 64 3164 1729
3972 5628 5928 7587 3035 3943 2742 19 2116 6429 1838 4535 7281 5638 9657
6447 9150 7710 2056 707 811 869 8193 1877 8645 6783 8932 9487 846 7983
7775 691 5045 1802 1790 6564 8721 2930 5095 7253 3974 2708 8135 4343 1750
3649 2345 6419 9731 2486 0 205 7097 5231 3480 7728 233 5567 9649 9952 3676
5694 9228 4043 762 373 186 134 9777 7515 2347 5838 3197 637 9161 9399 25
9829 5540 4946 5935 2148 3965 8264 879 7379 6032 6535 8879 115 1646 481
9658 4071 3028 2348 6830 9594 5745 8158
7219 6476 5539 1820 410 3559 7195 1258 1203 6672 1414 9336 6062 7351 4821
8781 3783 7374 3392 3063 2119 416 5037 9269 9649 8620 3959 8557 8401 7158
5703 6764 6577 1820 2209 3107 7685 3476 9690 7226 2442 8987 8786 3915 3039
686 6241 933 5673 6037 205 0 2309 281 3928 7696 1641 9668 1883 622 9939
3906 9281 2200 3113 1377 2095 7036 4079 5174 6503 4286 8641 9397 7916 2771
715 5192 2334 9422 1616 7472 2218 9517 3057 8258 4051 2114 8575 7588 9797
9155 3063 7909 9425 1646 5092 2910 6705 1373
3948 5815 629 5203 4777 3241 4930 1311 1342 144 2550 1532 4167 4284 4936
9585 531 9061 2529 7721 2496 8145 8580 2925 3514 8562 6697 9147 24 2528
8973 499 1726 1237 4106 7942 2113 6058 8151 8955 9324 4228 4354 5993 6581
7181 2978 5249 1169 9996 7097 2309 0 1714 6728 5438 1575 434 4457 8340
5030 8038 9904 5738 2970 958 1534 6282 3279 6880 2528 6855 1406 2255 5908
3874 2428 5428 651 3158 7705 53 9743 564 4562 8488 6093 568 2432 9863 7275
4986 3908 2502 4992 9018 4130 5381 245 6801
7461 2477 9523 4935 7987 542 2653 2649 525 9852 2837 834 2143 6941 2416
7531 813 1401 5463 4307 9032 1789 2130 97 73 5315 9631 748 1192 9323 1007
8945 111 7619 3909 5214 1140 1696 708 8571 5523 5695 8551 5199 6919 4680
3353 5103 7372 8352 5231 281 1714 0 6952 8327 109 3665 1319 5630 7077 7277
6307 2757 6889 4851 8236 865 5808 8631 8330 8793 3256 6812 4325 7218 767
2109 4489 4671 3177 5140 7481 96 3006 4828 6481 1634 3960 2995 1043 6333
4481 5356 5096 455 7311 6066 4535 5084
5965 1670 1819 969 6717 7967 73 5919 9127 5447 2181 3682 3555 2567 976
2464 7114 7646 6018 2427 5112 6326 6347 1001 5805 4010 4937 9858 7131 63
8645 8379 7007 4081 8165 4229 7273 2411 8808 1662 5513 5396 4893 2686 8743
2435 8121 5011 8357 2978 3480 3928 6728 6952 0 5976 8052 2840 6708 4142
6278 8160 7475 8789 6152 297 4797 3119 4259 1037 5004 158 3602 6248 725
2972 546 3200 6686 2444 5646 1538 3619 8548 5549 1337 4953 6055 8161 6694
6002 614 8260 8280 302 6133 5745 3292 2819 9416
3644 7142 8644 4488 3744 5459 5633 8962 7073 6785 5504 115 2727 5474 4694
1857 1952 9326 9825 6636 6579 1935 3282 5159 5278 9872 4006 4946 8926 9505
2583 3867 1471 1446 6319 6476 867 711 9809 9459 5991 7616 9338 7896 9905
8266 5527 6321 7395 4198 7728 7696 5438 8327 5976 0 3715 6251 4693 2977
8551 9073 9210 1978 9205 3854 3699 6227 7872 6811 7030 3163 9236 6812 7404
2792 479 6930 127 472 9240 2466 50 8529 1707 3872 8363 2602 8038 8014 8436
3677 7290 6214 387 1748 9048 2503 9068 2028
3501 184 562 7056 9123 4617 1316 9969 9335 5235 7104 7036 3531 6509 2118
5728 3735 5262 342 4825 9056 1370 5658 7304 9740 8393 382 5484 7395 1800
6088 5120 1454 1551 4433 3918 6142 4364 140 8191 6905 8840 3379 8929 711
3917 4477 5514 604 7745 233 1641 1575 109 8052 3715 0 3946 532 5160 9662
249 2569 4056 3868 8714 9024 2228 7454 2887 1937 5761 2645 7042 873 744
9149 8944 4653 198 5409 9620 7365 7243 8987 7339 2084 9178 6985 7966 756
2166 2485 8898 3656 1214 7905 8762 6890 5132
9971 6316 1918 5323 8096 1484 8384 7040 1158 3988 5071 7526 7132 5436 3884
7310 9457 1102 778 1876 3614 5391 8154 1056 7021 2869 4821 5369 3636 3355
1097 1334 7839 5851 3918 50 3505 4310 2185 7459 3634 8322 6118 745 3458
3751 6012 3204 5703 2172 5567 9668 434 3665 2840 6251 3946 0 1236 59 1348
1163 6086 6944 1567 8962 1467 5336 7933 8626 2265 7532 658 2451 6340 8528
8973 5101 9171 6219 3973 1894 2010 2681 8555 9873 4460 8707 2879 1358 7430
8799 8792 4671 7394 8793 1665 1707 7903 3306
6134 1407 6212 3209 5785 2395 8782 8826 2046 42 3496 6156 9584 581 3859
7714 9487 6213 7205 1232 6685 9098 9068 5088 7312 6178 1438 1614 1101 2720
6985 3649 3049 2216 3288 6608 3327 4437 8667 9713 4845 1935 4444 5686 3848
8194 7276 8337 599 7884 9649 1883 4457 1319 6708 4693 532 1236 0 3057 7060
9270 5203 2664 8371 2387 4253 2980 2594 7596 7180 5114 7875 4553 6283 9189
5713 4030 8820 7779 3110 7586 4340 5800 9387 6050 2156 5315 7355 2742 6133
8665 3523 2388 8997 8389 7052 1649 3340 7356
1709 2276 3217 7678 5740 5666 9321 7110 7366 164 5017 8018 5014 8649 6944
1663 7403 6570 8358 8975 9898 8875 7878 4442 2520 445 1900 83 9166 4049
2383 6749 3973 4301 4642 7907 179 7395 5765 5816 9409 4622 3451 1649 5047
2757 7294 9625 2151 6327 9952 622 8340 5630 4142 2977 5160 59 3057 0 2107
2211 1510 7544 3331 2368 1576 915 9102 8047 1558 816 2279 9193 9101 7341
3104 2469 8790 5102 3969 6205 4282 6834 729 8522 7467 1279 230 4581 1802
8788 8772 3900 2057 3069 1168 3646 7621 2531
5564 8698 4296 3114 5404 3403 7717 3252 5738 2633 2880 2744 1175 1117 921
4908 751 6723 7509 4152 5173 878 8413 3869 910 4158 3177 2852 383 9539 304
6115 7230 1192 2449 6080 6046 1464 5787 9560 6987 2835 4108 4776 7284 5156
5066 872 3970 1355 3676 9939 5030 7077 6278 8551 9662 1348 7060 2107 0
5098 8882 1569 9654 446 5675 2690 1820 8298 8009 2636 2050 9303 4454 5409
3080 6076 5510 1352 3216 9327 7579 2840 7399 2411 4488 3860 1929 3982 2514
665 6270 3444 9844 5686 394 8877 6395 1899
6114 4995 8709 6595 2378 3465 2588 6462 8911 9399 5376 747 77 9252 3372
193 405 1654 8292 3099 6011 523 6179 9296 1291 4306 9799 2327 1810 7781
1036 6692 8729 441 3283 5547 2724 4919 5484 4619 6035 247 9239 382 116
7966 8289 4668 3308 4133 5694 3906 8038 7277 8160 9073 249 1163 9270 2211
5098 0 1080 2135 4961 9826 5618 794 9584 4354 6355 1653 2130 3580 4520
5456 2973 6842 6753 7534 6735 4141 2804 4057 9040 4142 7804 8571 5177 2929
7576 8528 6655 712 402 6468 6554 8676 3704 5569
4235 8559 590 1521 7356 3155 1439 3810 308 6761 2486 8278 9365 6790 4385
5141 812 1827 9485 3788 841 5640 9630 3990 8283 1641 5044 1250 4167 4254
7141 9600 7499 9711 1343 3373 7655 9117 4785 2019 430 1469 8261 9032 7058
3386 1834 7344 3382 5874 9228 9281 9904 6307 7475 9210 2569 6086 5203 1510
8882 1080 0 9631 3145 9050 4235 8097 9265 3947 9414 9032 1383 3849 3338
4342 2313 2811 3361 9226 8677 6242 9598 64 4507 4173 40 7690 298 8505 7838
6957 9694 2645 442 8566 1000 6992 5283 4061
8967 53 1063 6269 1766 7705 4215 2453 7975 7177 1185 5049 4165 5730 5675
7955 6203 7347 6475 9396 2456 5305 7376 9495 3716 5691 4181 9178 219 2571
5689 6244 3672 1272 4677 8614 2967 8765 7175 5752 6016 9643 3714 7148 7154
2461 4740 1547 9610 4466 4043 2200 5738 2757 8789 1978 4056 6944 2664 7544
1569 2135 9631 0 5711 8693 1687 9962 1228 9123 3706 1943 9974 7504 3553
5013 2078 4129 330 628 3817 1601 3743 6677 9014 7544 7473 1275 5571 7213
1914 6299 4322 9446 948 1613 2405 4391 2449 5909
1944 4077 6243 2312 5556 7069 3233 8158 503 2422 97 1031 903 7667 1810
8364 9791 408 9112 6742 2053 5546 251 1585 7719 6673 5523 1609 35 6436 44
654 8678 2385 6521 814 5193 5759 6745 1531 4918 1115 8099 9335 7632 4437
9596 2432 7613 6514 762 3113 2970 6889 6152 9205 3868 1567 8371 3331 9654
4961 3145 5711 0 8325 6450 7211 5113 912 875 5978 4279 9343 7450 9262 3924
6441 9711 9654 6729 2404 3112 1288 5550 1188 618 6175 8678 6702 9115 2067
3278 1027 5109 1560 2953 1815 3142 7112
3179 2696 5446 3413 8589 2428 1129 6424 4057 5669 9361 8140 311 6894 7476
1954 9688 4816 5417 3084 9607 5947 9906 5868 4515 3583 3065 512 9266 4121
3360 8504 2553 1430 6547 655 2883 731 2180 8403 1498 5974 7239 7487 6774
9204 2609 3545 2764 6695 373 1377 958 4851 297 3854 8714 8962 2387 2368
446 9826 9050 8693 8325 0 363 1100 5352 1668 842 2658 5627 9574 7950 151
6790 7477 6895 3200 4241 9886 6762 3612 4509 9101 7487 8920 2139 4165 2523
5439 3356 8568 3114 8022 9950 1356 5141 8700
7886 7923 2062 3404 3565 3224 9402 6775 6069 7196 5973 3880 8259 4239 2074
1065 88 1603 4928 3843 6538 7857 5798 5506 7533 5165 370 6131 5232 7928
8533 754 5742 2638 4165 4951 9553 409 5591 9875 7896 4676 3089 7024 742
1959 1156 5578 6285 3306 186 2095 1534 8236 4797 3699 9024 1467 4253 1576
5675 5618 4235 1687 6450 363 0 1803 1345 4453 1395 1518 9136 1638 4905
9565 6605 2165 1322 3398 8559 2828 2099 8971 6255 448 8941 8096 7454 3747
1696 76 2710 4348 460 1058 2576 7834 4060 9531
3669 8366 7837 1731 879 2452 2749 197 1082 4582 4228 2008 2500 6085 3637
209 5680 8904 7508 3682 283 7090 9427 5093 4928 5397 7441 1427 3722 9937
1543 9032 1966 2787 1147 5531 5439 6301 1012 8176 2780 3537 5706 2414 8664
8834 7458 5386 6806 6993 134 7036 6282 865 3119 6227 2228 5336 2980 915
2690 794 8097 9962 7211 1100 1803 0 5415 804 2114 1419 503 4859 2849 3200
6116 3461 3876 6489 7283 2604 8093 2526 2889 1222 1919 10000 6835 2291
8036 4651 2909 549 9829 4093 8095 7766 9719 6279
5043 3893 2550 9433 4599 3581 6803 9079 6573 4103 4139 7161 7859 7572 4923
9584 6330 4443 6166 9658 3926 3083 6733 9801 9889 6225 5033 4243 6171 8997
9157 9582 9339 1078 7024 2583 6163 2829 2269 6576 3603 1868 470 9153 8053
2582 9736 4534 3452 6445 9777 4079 3279 5808 4259 7872 7454 7933 2594 9102
1820 9584 9265 1228 5113 5352 1345 5415 0 3974 1524 8562 5065 919 8421
8317 1296 4780 7649 5157 2858 724 5882 5223 2136 3943 9404 196 4305 1894
4432 4887 4902 7775 1548 4018 116 9922 5197 399
1013 9977 6605 2500 3197 164 2008 2961 710 5364 5669 6388 5825 183 7322
7439 2835 5376 7184 7174 1090 4332 9495 7088 981 3042 6424 3841 313 8395
4149 3752 5524 9787 8951 7114 7224 922 5258 5292 2771 2540 9882 8330 9920
2529 7073 7427 5029 7402 7515 5174 6880 8631 1037 6811 2887 8626 7596 8047
8298 4354 3947 9123 912 1668 4453 804 3974 0 8225 6804 4178 1675 5626 2315
4069 7829 5890 1049 7528 6647 5285 8236 3391 9307 3198 4043 530 3300 900
6907 7384 4863 7085 5608 3116 8101 3627 4754
4309 3839 736 6041 5490 8904 962 2461 9060 4588 435 9038 3773 5084 2691
3512 8736 1104 3014 9795 9019 3171 9806 6546 8634 5829 6409 2397 185 8932
5301 9556 8390 679 2285 8260 8194 9977 9644 9589 7314 2954 4149 3637 7845
105 8425 3845 1930 6555 2347 6503 2528 8330 5004 7030 1937 2265 7180 1558
8009 6355 9414 3706 875 842 1395 2114 1524 8225 0 1327 3013 9987 3376 2269
9574 9712 1310 4487 94 7461 3066 1835 7015 9989 3859 6800 8350 9548 7502
6072 7948 3114 836 9299 2767 5895 4392 6957
3832 165 7194 7684 7265 1101 7075 2345 2721 8626 3818 5239 2099 4063 4286
2157 468 3344 4909 9525 5991 7868 4144 1627 486 7385 3899 1642 26 1572
4621 2059 5110 5181 383 6632 3085 6711 5073 9565 1865 2499 8689 8030 3431
6972 3726 1337 8175 5489 5838 4286 6855 8793 158 3163 5761 7532 5114 816
2636 1653 9032 1943 5978 2658 1518 1419 8562 6804 1327 0 4343 2562 3975
8292 6659 4618 2848 5239 7572 7370 9210 3295 6009 4919 8660 5247 2118 6625
6321 8714 2546 3458 8322 3440 8044 7710 7331 9265
1172 3319 2016 9306 7603 481 4123 371 9260 4513 4103 3351 5313 7104 7121
1735 8549 6220 9306 7416 9661 6970 5274 3048 7692 5858 2816 1659 8828 414
1754 2085 4270 395 2798 2579 7013 220 1691 8188 7182 5199 3992 36 5896
6417 6568 6632 8732 708 3197 8641 1406 3256 3602 9236 2645 658 7875 2279
2050 2130 1383 9974 4279 5627 9136 503 5065 4178 3013 4343 0 5588 4466
1801 717 2194 8296 3657 9164 2625 3610 4064 8466 8163 2082 2009 5052 8656
5618 5350 8375 5001 8286 9037 2674 4274 5640 193
5332 1407 1137 5843 8855 7779 549 3085 2226 5825 3942 9515 1598 5632 8657
1102 2365 2103 4108 1852 4617 1547 9060 7684 7216 8524 233 2257 5023 8321
419 1150 1966 1689 6592 8045 8982 1742 8907 5736 329 7961 9929 5763 4328
9209 163 3390 5292 6475 637 9397 2255 6812 6248 6812 7042 2451 4553 9193
9303 3580 3849 7504 9343 9574 1638 4859 919 1675 9987 2562 5588 0 5981
4678 4893 4729 7311 2504 4365 5197 7976 8293 5642 4559 7957 4384 6893 5558
3266 1035 770 388 5253 3307 5346 338 7771 5896
1681 8078 7847 8970 4017 8205 5090 870 5724 5181 1993 386 7964 1175 6352
9290 7518 4152 9975 6146 8762 7311 3315 3348 4645 284 2738 7057 2396 9374
624 2231 3799 8842 5485 6946 9665 4400 1804 6485 3512 3596 7554 8405 468
5662 1167 4861 4073 5649 9161 7916 5908 4325 725 7404 873 6340 6283 9101
4454 4520 3338 3553 7450 7950 4905 2849 8421 5626 3376 3975 4466 5981 0
1504 111 3161 8104 5240 6490 2979 6130 8302 6055 4400 4879 5602 1626 8255
6464 2849 2127 9618 7597 2833 5549 6893 3059 3794
1588 7060 7970 989 7431 5929 3315 3603 6561 5464 8503 2977 180 326 763
7942 5733 9859 1418 5626 7334 945 340 4018 5647 6563 7825 9601 4937 5925
1209 6696 6302 1556 1491 8040 606 4954 6218 5877 2145 5737 9019 9498 4835
9205 3483 8667 6510 4233 9399 2771 3874 7218 2972 2792 744 8528 9189 7341
5409 5456 4342 5013 9262 151 9565 3200 8317 2315 2269 8292 1801 4678 1504
0 9715 330 7420 8328 518 5921 2222 6246 2333 5593 789 9845 277 9656 7866
5015 9022 2434 6266 6620 7826 7009 7721 1603
785 8403 6991 3482 4688 3412 3142 2807 4749 4094 8524 8120 1666 7662 4816
1796 4106 6644 6837 1510 6786 8461 7789 5341 6977 8603 1353 386 4285 4292
7175 2660 3330 5867 6346 1108 4320 2918 4209 3042 2573 1341 9112 2108 4615
5976 7714 3132 5827 1410 25 715 2428 767 546 479 9149 8973 5713 3104 3080
2973 2313 2078 3924 6790 6605 6116 1296 4069 9574 6659 717 4893 111 9715 0
6497 34 115 8234 1946 2537 8295 4949 47 7656 641 7228 2469 1252 8586 5919
3181 6323 1273 5478 4307 7173 2540
6790 680 5889 4278 6862 7424 9179 8871 801 12 4071 4128 1323 5647 9972
7768 7913 9315 4779 9133 7819 7323 5622 701 2636 6658 6856 2790 4518 3462
2424 2722 5489 6523 8207 3175 947 6132 6661 9886 4093 4953 764 6109 1906
5801 7217 385 5206 1269 9829 5192 5428 2109 3200 6930 8944 5101 4030 2469
6076 6842 2811 4129 6441 7477 2165 3461 4780 7829 9712 4618 2194 4729 3161
330 6497 0 5546 6029 4252 2404 4303 220 5632 265 7030 2490 6028 1973 8337
2343 9326 7991 1470 6127 5537 4803 3147 2458
8495 3112 1849 7192 3572 9735 5482 1798 6065 5256 9043 9186 2409 5471 610
4473 878 8630 5465 6031 2674 8254 2045 423 9914 2331 7721 6478 5140 4746
5388 8689 7357 5812 54 3332 5619 4142 8446 8265 2841 1906 4104 9322 9758
9621 5517 2565 1864 5150 5540 2334 651 4489 6686 127 4653 9171 8820 8790
5510 6753 3361 330 9711 6895 1322 3876 7649 5890 1310 2848 8296 7311 8104
7420 34 5546 0 8126 6782 7365 4820 2646 687 6598 1017 2627 9992 3849 4164
3632 1222 3969 4917 1456 9484 7691 9614 5362
2525 8374 7832 1799 352 8532 7724 772 8614 1085 2539 9713 3366 4718 7764
835 7249 543 6582 7873 592 6792 5567 2248 2042 1612 1233 5552 7229 6597
9931 3590 6504 4354 7736 6342 8545 1001 4267 4215 5399 8923 4714 3877 6537
6484 7914 6687 4526 9531 4946 9422 3158 4671 2444 472 198 6219 7779 5102
1352 7534 9226 628 9654 3200 3398 6489 5157 1049 4487 5239 3657 2504 5240
8328 115 6029 8126 0 5397 6823 4023 2327 583 4028 7386 3219 3929 5625 6439
6843 5792 865 4105 2791 2347 6104 2535 9051
1588 3310 8940 4082 7477 5 326 1101 8653 9928 7953 628 6113 4202 9741 3573
4139 3980 1822 2737 1340 9566 8473 1185 8623 7125 3592 389 4122 2198 2284
2618 6088 5869 2444 8385 6432 5441 8194 5469 9828 6900 9574 1101 6221 1154
6145 3352 8051 243 5935 1616 7705 3177 5646 9240 5409 3973 3110 3969 3216
6735 8677 3817 6729 4241 8559 7283 2858 7528 94 7572 9164 4365 6490 518
8234 4252 6782 5397 0 7253 7314 5203 5288 2832 9376 7718 7750 7953 5586
2068 6734 4796 5808 3957 2543 1691 6731 7943
3004 7900 7837 2365 9296 9467 233 8652 3454 6072 2711 7522 2258 1742 2082
2034 6177 3722 4157 5405 4366 4510 7977 7641 3464 3995 8214 6608 6241 501
4294 7154 6878 3317 9508 1609 8464 5047 6313 6668 5265 9646 5007 5148 7393
1509 2124 6537 8699 2262 2148 7472 53 5140 1538 2466 9620 1894 7586 6205
9327 4141 6242 1601 2404 9886 2828 2604 724 6647 7461 7370 2625 5197 2979
5921 1946 2404 7365 6823 7253 0 886 4225 2636 55 3641 1786 138 2574 5924
1760 5332 674 5419 8537 6768 5606 4871 9538
4400 1688 4625 6926 9667 5572 4577 2156 6647 9787 4697 8345 1660 2743 3208
7992 2104 9220 8742 7007 8471 4749 9752 2913 7419 4738 5929 8440 1893 278
5900 6152 993 9847 4926 4243 4491 7752 1403 2406 4847 6185 1660 9940 3036
8142 8883 5792 3682 3221 3965 2218 9743 7481 3619 50 7365 2010 4340 4282
7579 2804 9598 3743 3112 6762 2099 8093 5882 5285 3066 9210 3610 7976 6130
2222 2537 4303 4820 4023 7314 886 0 2720 4107 3721 5437 6151 8735 9780
6771 5846 8802 6915 4128 7127 6605 9659 4088 595
4680 7828 1825 1012 2753 237 748 6585 2545 7948 3559 2027 8025 360 7198
441 3019 1959 1045 1058 978 837 5907 4446 5602 6506 2298 5300 4101 3820
8159 4133 8681 1809 6570 4561 8803 5005 7544 5179 6857 589 4603 4128 3050
7244 6614 488 1708 1051 8264 9517 564 96 8548 8529 7243 2681 5800 6834
2840 4057 64 6677 1288 3612 8971 2526 5223 8236 1835 3295 4064 8293 8302
6246 8295 220 2646 2327 5203 4225 2720 0 8635 695 8122 2340 6456 2152 6619
4053 6936 6639 5250 6477 6524 8972 5830 4632
5456 9964 8362 4501 5457 79 4861 4707 568 8997 9071 4676 6383 7807 9852
6789 5456 5715 7900 6001 2011 7984 3909 5469 8371 9206 7967 8172 738 947
3274 3269 9286 5721 9862 3440 5378 1493 7194 6459 7240 2567 8339 553 4580
3713 2894 8826 2389 4812 879 3057 4562 3006 5549 1707 8987 8555 9387 729
7399 9040 4507 9014 5550 4509 6255 2889 2136 3391 7015 6009 8466 5642 6055
2333 4949 5632 687 583 5288 2636 4107 8635 0 9258 4513 8884 8262 3187 5075
108 5929 4903 8321 7890 6199 6865 1594 4102
5704 8720 1059 532 489 7312 5228 3723 1590 320 7971 9600 7859 6941 7612
9771 2882 6274 3470 624 2751 9078 8893 7240 7087 2692 8412 3008 3901 855
1449 8362 850 5265 6023 8108 5511 2650 5047 4642 5502 9960 5065 4189 5612
982 2671 4784 3548 287 7379 8258 8488 4828 1337 3872 7339 9873 6050 8522
2411 4142 4173 7544 1188 9101 448 1222 3943 9307 9989 4919 8163 4559 4400
5593 47 265 6598 4028 2832 55 3721 695 9258 0 4352 7197 6119 5342 8063
6668 2517 6803 480 2510 3560 5982 4142 3795
933 8644 5035 1182 6187 6529 2250 5772 3190 3655 1255 4576 6143 2980 4185
3024 7775 3011 1545 7291 8178 7877 6261 2063 5072 4248 6933 9961 5438 643
330 1209 1330 8179 3898 7907 1211 9704 5332 7294 2292 6518 8276 2857 9114
8548 734 987 9009 4816 6032 4051 6093 6481 4953 8363 2084 4460 2156 7467
4488 7804 40 7473 618 7487 8941 1919 9404 3198 3859 8660 2082 7957 4879
789 7656 7030 1017 7386 9376 3641 5437 8122 4513 4352 0 5116 8384 4181
8032 1206 2435 4230 3683 4129 5782 3486 8294 5578
6909 5058 9259 8570 6713 4365 9872 3909 278 492 9521 4327 8873 3677 3607
9350 6121 9661 1050 9556 7229 1238 6442 8479 1655 9024 4915 3334 6771 9985
45 9486 5136 5472 1756 5214 6231 585 955 1830 4784 3655 513 9621 2328 8440
8224 2344 6153 2359 6535 2114 568 1634 6055 2602 9178 8707 5315 1279 3860
8571 7690 1275 6175 8920 8096 10000 196 4043 6800 5247 2009 4384 5602 9845
641 2490 2627 3219 7718 1786 6151 2340 8884 7197 5116 0 162 8368 6903 9688
7038 7197 445 3962 1179 1339 8811 8998
5101 3528 3756 1649 5685 8084 2999 9047 5562 89 47 2068 7023 3306 2564
4435 6849 1897 8520 2284 1988 9896 7682 9424 7958 7501 9023 4861 7779 571
4173 3005 2799 8871 870 5819 867 7110 4827 4342 2118 726 3478 4631 7986
5615 827 102 5113 7667 8879 8575 2432 3960 8161 8038 6985 2879 7355 230
1929 5177 298 5571 8678 2139 7454 6835 4305 530 8350 2118 5052 6893 1626
277 7228 6028 9992 3929 7750 138 8735 6456 8262 6119 8384 162 0 4381 1258
8272 2966 6513 905 7944 1768 6065 8877 4976
221 23 9397 5386 2562 7031 9035 4025 6319 3340 8222 4539 7894 9585 3825
149 3941 3652 2681 8827 5998 8081 9090 6343 9066 2428 7356 6272 1764 2789
8232 7714 8900 7049 5362 3790 8595 2600 3222 8066 5594 3340 1556 2114 9936
4754 2973 5293 5891 9668 115 7588 9863 2995 6694 8014 7966 1358 2742 4581
3982 2929 8505 7213 6702 4165 3747 2291 1894 3300 9548 6625 8656 5558 8255
9656 2469 1973 3849 5625 7953 2574 9780 2152 3187 5342 4181 8368 4381 0
821 7414 9805 3171 9392 6953 4383 4694 3438 5317
5595 5918 1975 7348 3361 3260 8857 368 1185 1360 3856 2875 419 5956 2030
5856 4928 8921 9863 4636 1683 9072 9218 8479 9421 5699 2674 8066 1716 1433
8578 9965 9938 847 6107 4125 6345 5336 8176 1771 7938 3319 3282 6771 7736
7721 6169 3644 1759 9921 1646 9797 7275 1043 6002 8436 756 7430 6133 1802
2514 7576 7838 1914 9115 2523 1696 8036 4432 900 7502 6321 5618 3266 6464
7866 1252 8337 4164 6439 5586 5924 6771 6619 5075 8063 8032 6903 1258 821
0 1494 9590 7874 7854 854 2771 4213 553 9635
1278 4133 7374 1027 1786 5041 7223 1256 7579 6731 8369 7926 3025 15 259
5145 3482 7852 1600 5401 2597 1320 8352 2967 6883 3483 2856 7399 3394 8901
7107 3105 2657 1006 6020 8903 8478 898 2582 6217 8807 9287 5910 6221 7552
8434 5524 4745 6066 2842 481 9155 4986 6333 614 3677 2166 8799 8665 8788
665 8528 6957 6299 2067 5439 76 4651 4887 6907 6072 8714 5350 1035 2849
5015 8586 2343 3632 6843 2068 1760 5846 4053 108 6668 1206 9688 8272 7414
1494 0 3176 4513 3608 1475 4787 7579 9807 1342
1413 2167 9315 9428 4260 8734 9726 9396 8533 7794 1801 7 1630 7889 2492
5576 466 8371 9290 7472 6957 1572 6703 4861 3498 7016 8334 3960 8899 8920
4232 5452 5030 3608 8233 9759 4813 8242 5744 9376 3201 6406 8742 6222 4442
9583 1683 250 1193 6495 9658 3063 3908 4481 8260 7290 2485 8792 3523 8772
6270 6655 9694 4322 3278 3356 2710 2909 4902 7384 7948 2546 8375 770 2127
9022 5919 9326 1222 5792 6734 5332 8802 6936 5929 2517 2435 7038 2966 9805
9590 3176 0 4182 8331 9927 4662 4328 6313 2334
9474 1841 737 4149 4672 4015 2393 1221 6724 3865 5974 3131 727 5699 7224
1625 8001 9133 1452 5893 1972 7746 6433 1305 9954 3230 6301 6337 7996 5233
4189 3336 404 4649 4858 7212 8116 7584 241 6617 846 8530 537 4373 6690
4505 1442 8089 9892 6976 4071 7909 2502 5356 8280 6214 8898 4671 2388 3900
3444 712 2645 9446 1027 8568 4348 549 7775 4863 3114 3458 5001 388 9618
2434 3181 7991 3969 865 4796 674 6915 6639 4903 6803 4230 7197 6513 3171
7874 4513 4182 0 4174 9283 4249 8971 2926 9511
7708 6670 4124 3974 2358 1647 7323 1379 7981 6162 5534 5520 7761 386 3560
6918 9367 6858 1772 5035 6299 3043 4264 2868 197 6211 5601 5691 9361 5854
5239 994 4106 4897 1959 4882 612 1310 9426 2793 1552 6548 8504 9305 4068
6325 1971 3175 3519 2799 3028 9425 4992 5096 302 387 3656 7394 8997 2057
9844 402 442 948 5109 3114 460 9829 1548 7085 836 8322 8286 5253 7597 6266
6323 1470 4917 4105 5808 5419 4128 5250 8321 480 3683 445 905 9392 7854
3608 8331 4174 0 2593 4914 6872 2480 1023
9200 6287 5226 1836 8818 2228 2856 5538 9308 8104 8848 1888 1683 9560 1870
8732 247 1363 1707 7207 9404 6378 3562 3676 2810 9848 6950 2994 1495 3465
7320 7696 5122 9421 7667 1863 1298 7189 9697 9404 1644 5268 9454 4409 300
6430 875 5990 622 8205 2348 1646 9018 455 6133 1748 1214 8793 8389 3069
5686 6468 8566 1613 1560 8022 1058 4093 4018 5608 9299 3440 9037 3307 2833
6620 1273 6127 1456 2791 3957 8537 7127 6477 7890 2510 4129 3962 7944 6953
854 1475 9927 9283 2593 0 3695 5488 8254 2796
7433 4520 6036 8126 3022 1753 9944 4576 2378 7035 4879 2230 7499 1659 893
5784 4176 3351 8109 2725 2694 5721 1406 3837 2051 8735 5398 8460 3298 3809
1395 882 3676 8739 4365 5536 9823 8709 4860 9395 5618 8 8476 29 8107 2863
3569 7253 3468 8900 6830 5092 4130 7311 5745 9048 7905 1665 7052 1168 394
6554 1000 2405 2953 9950 2576 8095 116 3116 2767 8044 2674 5346 5549 7826
5478 5537 9484 2347 2543 6768 6605 6524 6199 3560 5782 1179 1768 4383 2771
4787 4662 4249 4914 3695 0 5570 3857 4742
9668 176 3850 4157 695 3825 1197 2617 3273 145 2738 1757 7461 2125 3372
335 7566 7489 9533 5482 8983 8894 8774 3352 4137 8913 1275 9211 6728 5488
2445 4957 9164 2307 5516 6758 1895 9311 953 2203 5340 1082 5480 4837 5142
5336 7711 4341 9719 64 9594 2910 5381 6066 3292 2503 8762 1707 1649 3646
8877 8676 6992 4391 1815 1356 7834 7766 9922 8101 5895 7710 4274 338 6893
7009 4307 4803 7691 6104 1691 5606 9659 8972 6865 5982 3486 1339 6065 4694
4213 7579 4328 8971 6872 5488 5570 0 2918 927
9478 9463 8590 8950 7439 5896 3963 7330 4767 4602 832 2756 6974 6102 2224
3676 8571 7566 3542 3425 3245 9040 3320 8950 4135 5362 4751 9921 858 5071
361 764 1584 9894 6684 7597 5708 5043 5864 5878 5572 1559 6806 2777 4195
7325 9830 873 120 3164 5745 6705 245 4535 2819 9068 6890 7903 3340 7621
6395 3704 5283 2449 3142 5141 4060 9719 5197 3627 4392 7331 5640 7771 3059
7721 7173 3147 9614 2535 6731 4871 4088 5830 1594 4142 8294 8811 8877 3438
553 9807 6313 2926 2480 8254 3857 2918 0 4654
5983 9018 6214 2791 7648 7683 9661 3014 4032 4779 5906 9105 6651 3236 4882
4906 4451 2149 164 8368 9364 9507 2893 6216 530 6407 8732 1189 7094 1447
3629 2543 8289 951 9592 922 1483 4516 155 5923 3950 6061 6878 8868 2300
8136 2989 4264 4869 1729 8158 1373 6801 5084 9416 2028 5132 3306 7356 2531
1899 5569 4061 5909 7112 8700 9531 6279 399 4754 6957 9265 193 5896 3794
1603 2540 2458 5362 9051 7943 9538 595 4632 4102 3795 5578 8998 4976 5317
9635 1342 2334 9511 1023 2796 4742 927 4654 0
