65
0 99999 99999 99999 99999 99999 99999 99999 99999 99999 99999 99999 99999
99999 99999 99999 99999 99999 99999 99999 99999 99999 99999 99999 99999
99999 99999 99999 99999 99999 99999 99999 99999 99999 99999 99999 99999
99999 99999 99999 99999 99999 99999 99999 99999 99999 99999 99999 99999
99999 99999 99999 99999 99999 99999 99999 99999 99999 99999 99999 99999
99999 99999 99999 99999
99999 0 99999 99999 99999 99999 99999 99999 99999 99999 99999 99999 99999
99999 99999 99999 99999 99999 99999 99999 99999 99999 99999 99999 99999
99999 99999 99999 99999 99999 99999 99999 99999 99999 99999 99999 99999
99999 99999 99999 99999 99999 99999 99999 99999 99999 99999 99999 99999
99999 99999 99999 99999 99999 99999 99999 99999 99999 99999 99999 99999
99999 99999 99999 99999
99999 99999 0 99999 99999 99999 99999 99999 99999 99999 99999 99999 99999
99999 99999 99999 99999 99999 99999 99999 99999 99999 99999 99999 99999
99999 99999 99999 99999 99999 99999 99999 99999 99999 99999 99999 99999
99999 99999 99999 99999 99999 99999 99999 99999 99999 99999 99999 99999
99999 99999 99999 99999 99999 99999 99999 99999 99999 99999 99999 99999
99999 99999 99999 99999
99999 99999 99999 0 99999 99999 99999 99999 99999 99999 99999 99999 99999
99999 99999 99999 99999 99999 99999 99999 99999 99999 99999 99999 99999
99999 99999 99999 99999 99999 99999 99999 99999 99999 99999 99999 99999
99999 99999 99999 99999 99999 99999 99999 99999 99999 99999 99999 99999
99999 99999 99999 99999 99999 99999 99999 99999 99999 99999 99999 99999
99999 99999 99999 99999
99999 99999 99999 99999 0 99999 99999 99999 99999 99999 99999 99999 99999
99999 99999 99999 99999 99999 99999 99999 99999 99999 99999 99999 99999
99999 99999 99999 99999 99999 99999 99999 99999 99999 99999 99999 99999
99999 99999 99999 99999 99999 99999 99999 99999 99999 99999 99999 99999
99999 99999 99999 99999 99999 99999 99999 99999 99999 99999 99999 99999
99999 99999 99999 99999
99999 99999 99999 99999 99999 0 99999 99999 99999 99999 99999 99999 99999
99999 99999 99999 99999 99999 99999 99999 99999 99999 99999 99999 99999
99999 99999 99999 99999 99999 99999 99999 99999 99999 99999 99999 99999
99999 99999 99999 99999 99999 99999 99999 99999 99999 99999 99999 99999
99999 99999 99999 99999 99999 99999 99999 99999 99999 99999 99999 99999
99999 99999 99999 99999
99999 99999 99999 99999 99999 99999 0 99999 99999 99999 99999 99999 99999
99999 99999 99999 99999 99999 99999 99999 99999 99999 99999 99999 99999
99999 99999 99999 99999 99999 99999 99999 99999 99999 99999 99999 99999
99999 99999 99999 99999 99999 99999 99999 99999 99999 99999 99999 99999
99999 99999 99999 99999 99999 99999 99999 99999 99999 99999 99999 99999
99999 99999 99999 99999
99999 99999 99999 99999 99999 99999 99999 0 99999 99999 99999 99999 99999
99999 99999 99999 99999 99999 99999 99999 99999 99999 99999 99999 99999
99999 99999 99999 99999 99999 99999 99999 99999 99999 99999 99999 99999
99999 99999 99999 99999 99999 99999 99999 99999 99999 99999 99999 99999
99999 99999 99999 99999 99999 99999 99999 99999 99999 99999 99999 99999
99999 99999 99999 99999
99999 99999 99999 99999 99999 99999 99999 99999 0 99999 99999 99999 99999
99999 99999 99999 99999 99999 99999 99999 99999 99999 99999 99999 99999
99999 99999 99999 99999 99999 99999 99999 99999 99999 99999 99999 99999
99999 99999 99999 99999 99999 99999 99999 99999 99999 99999 99999 99999
99999 99999 99999 99999 99999 99999 99999 99999 99999 99999 99999 99999
99999 99999 99999 99999
99999 99999 99999 99999 99999 99999 99999 99999 99999 0 99999 99999 99999
99999 99999 99999 99999 99999 99999 99999 99999 99999 99999 99999 99999
99999 99999 99999 99999 99999 99999 99999 99999 99999 99999 99999 99999
99999 99999 99999 99999 99999 99999 99999 99999 99999 99999 99999 99999
99999 99999 99999 99999 99999 99999 99999 99999 99999 99999 99999 99999
99999 99999 99999 99999
99999 99999 99999 99999 99999 99999 99999 99999 99999 99999 0 99999 99999
99999 99999 99999 99999 99999 99999 99999 99999 99999 99999 99999 99999
99999 99999 99999 99999 99999 99999 99999 99999 99999 99999 99999 99999
99999 99999 99999 99999 99999 99999 99999 99999 99999 99999 99999 99999
99999 99999 99999 99999 99999 99999 99999 99999 99999 99999 99999 99999
99999 99999 99999 99999
99999 99999 99999 99999 99999 99999 99999 99999 99999 99999 99999 0 99999
99999 99999 99999 99999 99999 99999 99999 99999 99999 99999 99999 99999
99999 99999 99999 99999 99999 99999 99999 99999 99999 99999 99999 99999
99999 99999 99999 99999 99999 99999 99999 99999 99999 99999 99999 99999
99999 99999 99999 99999 99999 99999 99999 99999 99999 99999 99999 99999
99999 99999 99999 99999
99999 99999 99999 99999 99999 99999 99999 99999 99999 99999 99999 99999 0
99999 99999 99999 99999 99999 99999 99999 99999 99999 99999 99999 99999
99999 99999 99999 99999 99999 99999 99999 99999 99999 99999 99999 99999
99999 99999 99999 99999 99999 99999 99999 99999 99999 99999 99999 99999
99999 99999 99999 99999 99999 99999 99999 99999 99999 99999 99999 99999
99999 99999 99999 99999
99999 99999 99999 99999 99999 99999 99999 99999 99999 99999 99999 99999
99999 0 99999 99999 99999 99999 99999 99999 99999 99999 99999 99999 99999
99999 99999 99999 99999 99999 99999 99999 99999 99999 99999 99999 99999
99999 99999 99999 99999 99999 99999 99999 99999 99999 99999 99999 99999
99999 99999 99999 99999 99999 99999 99999 99999 99999 99999 99999 99999
99999 99999 99999 99999
99999 99999 99999 99999 99999 99999 99999 99999 99999 99999 99999 99999
99999 99999 0 99999 99999 99999 99999 99999 99999 99999 99999 99999 99999
99999 99999 99999 99999 99999 99999 99999 99999 99999 99999 99999 99999
99999 99999 99999 99999 99999 99999 99999 99999 99999 99999 99999 99999
99999 99999 99999 99999 99999 99999 99999 99999 99999 99999 99999 99999
99999 99999 99999 99999
99999 99999 99999 99999 99999 99999 99999 99999 99999 99999 99999 99999
99999 99999 99999 0 99999 99999 99999 99999 99999 99999 99999 99999 99999
99999 99999 99999 99999 99999 99999 99999 99999 99999 99999 99999 99999
99999 99999 99999 99999 99999 99999 99999 99999 99999 99999 99999 99999
99999 99999 99999 99999 99999 99999 99999 99999 99999 99999 99999 99999
99999 99999 99999 99999
99999 99999 99999 99999 99999 99999 99999 99999 99999 99999 99999 99999
99999 99999 99999 99999 0 99999 99999 99999 99999 99999 99999 99999 99999
99999 99999 99999 99999 99999 99999 99999 99999 99999 99999 99999 99999
99999 99999 99999 99999 99999 99999 99999 99999 99999 99999 99999 99999
99999 99999 99999 99999 99999 99999 99999 99999 99999 99999 99999 99999
99999 99999 99999 99999
99999 99999 99999 99999 99999 99999 99999 99999 99999 99999 99999 99999
99999 99999 99999 99999 99999 0 99999 99999 99999 99999 99999 99999 99999
99999 99999 99999 99999 99999 99999 99999 99999 99999 99999 99999 99999
99999 99999 99999 99999 99999 99999 99999 99999 99999 99999 99999 99999
99999 99999 99999 99999 99999 99999 99999 99999 99999 99999 99999 99999
99999 99999 99999 99999
99999 99999 99999 99999 99999 99999 99999 99999 99999 99999 99999 99999
99999 99999 99999 99999 99999 99999 0 99999 99999 99999 99999 99999 99999
99999 99999 99999 99999 99999 99999 99999 99999 99999 99999 99999 99999
99999 99999 99999 99999 99999 99999 99999 99999 99999 99999 99999 99999
99999 99999 99999 99999 99999 99999 99999 99999 99999 99999 99999 99999
99999 99999 99999 99999
99999 99999 99999 99999 99999 99999 99999 99999 99999 99999 99999 99999
99999 99999 99999 99999 99999 99999 99999 0 99999 99999 99999 99999 99999
99999 99999 99999 99999 99999 99999 99999 99999 99999 99999 99999 99999
99999 99999 99999 99999 99999 99999 99999 99999 99999 99999 99999 99999
99999 99999 99999 99999 99999 99999 99999 99999 99999 99999 99999 99999
99999 99999 99999 99999
99999 99999 99999 99999 99999 99999 99999 99999 99999 99999 99999 99999
99999 99999 99999 99999 99999 99999 99999 99999 0 99999 99999 99999 99999
99999 99999 99999 99999 99999 99999 99999 99999 99999 99999 99999 99999
99999 99999 99999 99999 99999 99999 99999 99999 99999 99999 99999 99999
99999 99999 99999 99999 99999 99999 99999 99999 99999 99999 99999 99999
99999 99999 99999 99999
99999 99999 99999 99999 99999 99999 99999 99999 99999 99999 99999 99999
99999 99999 99999 99999 99999 99999 99999 99999 99999 0 99999 99999 99999
99999 99999 99999 99999 99999 99999 99999 99999 99999 99999 99999 99999
99999 99999 99999 99999 99999 99999 99999 99999 99999 99999 99999 99999
99999 99999 99999 99999 99999 99999 99999 99999 99999 99999 99999 99999
99999 99999 99999 99999
99999 99999 99999 99999 99999 99999 99999 99999 99999 99999 99999 99999
99999 99999 99999 99999 99999 99999 99999 99999 99999 99999 0 99999 99999
99999 99999 99999 99999 99999 99999 99999 99999 99999 99999 99999 99999
99999 99999 99999 99999 99999 99999 99999 99999 99999 99999 99999 99999
99999 99999 99999 99999 99999 99999 99999 99999 99999 99999 99999 99999
99999 99999 99999 99999
99999 99999 99999 99999 99999 99999 99999 99999 99999 99999 99999 99999
99999 99999 99999 99999 99999 99999 99999 99999 99999 99999 99999 0 99999
99999 99999 99999 99999 99999 99999 99999 99999 99999 99999 99999 99999
99999 99999 99999 99999 99999 99999 99999 99999 99999 99999 99999 99999
99999 99999 99999 99999 99999 99999 99999 99999 99999 99999 99999 99999
99999 99999 99999 99999
99999 99999 99999 99999 99999 99999 99999 99999 99999 99999 99999 99999
99999 99999 99999 99999 99999 99999 99999 99999 99999 99999 99999 99999 0
99999 99999 99999 99999 99999 99999 99999 99999 99999 99999 99999 99999
99999 99999 99999 99999 99999 99999 99999 99999 99999 99999 99999 99999
99999 99999 99999 99999 99999 99999 99999 99999 99999 99999 99999 99999
99999 99999 99999 99999
99999 99999 99999 99999 99999 99999 99999 99999 99999 99999 99999 99999
99999 99999 99999 99999 99999 99999 99999 99999 99999 99999 99999 99999
99999 0 99999 99999 99999 99999 99999 99999 99999 99999 99999 99999 99999
99999 99999 99999 99999 99999 99999 99999 99999 99999 99999 99999 99999
99999 99999 99999 99999 99999 99999 99999 99999 99999 99999 99999 99999
99999 99999 99999 99999
99999 99999 99999 99999 99999 99999 99999 99999 99999 99999 99999 99999
99999 99999 99999 99999 99999 99999 99999 99999 99999 99999 99999 99999
99999 99999 0 99999 99999 99999 99999 99999 99999 99999 99999 99999 99999
99999 99999 99999 99999 99999 99999 99999 99999 99999 99999 99999 99999
99999 99999 99999 99999 99999 99999 99999 99999 99999 99999 99999 99999
99999 99999 99999 99999
99999 99999 99999 99999 99999 99999 99999 99999 99999 99999 99999 99999
99999 99999 99999 99999 99999 99999 99999 99999 99999 99999 99999 99999
99999 99999 99999 0 99999 99999 99999 99999 99999 99999 99999 99999 99999
99999 99999 99999 99999 99999 99999 99999 99999 99999 99999 99999 99999
99999 99999 99999 99999 99999 99999 99999 99999 99999 99999 99999 99999
99999 99999 99999 99999
99999 99999 99999 99999 99999 99999 99999 99999 99999 99999 99999 99999
99999 99999 99999 99999 99999 99999 99999 99999 99999 99999 99999 99999
99999 99999 99999 99999 0 99999 99999 99999 99999 99999 99999 99999 99999
99999 99999 99999 99999 99999 99999 99999 99999 99999 99999 99999 99999
99999 99999 99999 99999 99999 99999 99999 99999 99999 99999 99999 99999
99999 99999 99999 99999
99999 99999 99999 99999 99999 99999 99999 99999 99999 99999 99999 99999
99999 99999 99999 99999 99999 99999 99999 99999 99999 99999 99999 99999
99999 99999 99999 99999 99999 0 99999 99999 99999 99999 99999 99999 99999
99999 99999 99999 99999 99999 99999 99999 99999 99999 99999 99999 99999
99999 99999 99999 99999 99999 99999 99999 99999 99999 99999 99999 99999
99999 99999 99999 99999
99999 99999 99999 99999 99999 99999 99999 99999 99999 99999 99999 99999
99999 99999 99999 99999 99999 99999 99999 99999 99999 99999 99999 99999
99999 99999 99999 99999 99999 99999 0 99999 99999 99999 99999 99999 99999
99999 99999 99999 99999 99999 99999 99999 99999 99999 99999 99999 99999
99999 99999 99999 99999 99999 99999 99999 99999 99999 99999 99999 99999
99999 99999 99999 99999
99999 99999 99999 99999 99999 99999 99999 99999 99999 99999 99999 99999
99999 99999 99999 99999 99999 99999 99999 99999 99999 99999 99999 99999
99999 99999 99999 99999 99999 99999 99999 0 99999 99999 99999 99999 99999
99999 99999 99999 99999 99999 99999 99999 99999 99999 99999 99999 99999
99999 99999 99999 99999 99999 99999 99999 99999 99999 99999 99999 99999
99999 99999 99999 99999
99999 99999 99999 99999 99999 99999 99999 99999 99999 99999 99999 99999
99999 99999 99999 99999 99999 99999 99999 99999 99999 99999 99999 99999
99999 99999 99999 99999 99999 99999 99999 99999 0 99999 99999 99999 99999
99999 99999 99999 99999 99999 99999 99999 99999 99999 99999 99999 99999
99999 99999 99999 99999 99999 99999 99999 99999 99999 99999 99999 99999
99999 99999 99999 99999
99999 99999 99999 99999 99999 99999 99999 99999 99999 99999 99999 99999
99999 99999 99999 99999 99999 99999 99999 99999 99999 99999 99999 99999
99999 99999 99999 99999 99999 99999 99999 99999 99999 0 99999 99999 99999
99999 99999 99999 99999 99999 99999 99999 99999 99999 99999 99999 99999
99999 99999 99999 99999 99999 99999 99999 99999 99999 99999 99999 99999
99999 99999 99999 99999
99999 99999 99999 99999 99999 99999 99999 99999 99999 99999 99999 99999
99999 99999 99999 99999 99999 99999 99999 99999 99999 99999 99999 99999
99999 99999 99999 99999 99999 99999 99999 99999 99999 99999 0 99999 99999
99999 99999 99999 99999 99999 99999 99999 99999 99999 99999 99999 99999
99999 99999 99999 99999 99999 99999 99999 99999 99999 99999 99999 99999
99999 99999 99999 99999
99999 99999 99999 99999 99999 99999 99999 99999 99999 99999 99999 99999
99999 99999 99999 99999 99999 99999 99999 99999 99999 99999 99999 99999
99999 99999 99999 99999 99999 99999 99999 99999 99999 99999 99999 0 99999
99999 99999 99999 99999 99999 99999 99999 99999 99999 99999 99999 99999
99999 99999 99999 99999 99999 99999 99999 99999 99999 99999 99999 99999
99999 99999 99999 99999
99999 99999 99999 99999 99999 99999 99999 99999 99999 99999 99999 99999
99999 99999 99999 99999 99999 99999 99999 99999 99999 99999 99999 99999
99999 99999 99999 99999 99999 99999 99999 99999 99999 99999 99999 99999 0
99999 99999 99999 99999 99999 99999 99999 99999 99999 99999 99999 99999
99999 99999 99999 99999 99999 99999 99999 99999 99999 99999 99999 99999
99999 99999 99999 99999
99999 99999 99999 99999 99999 99999 99999 99999 99999 99999 99999 99999
99999 99999 99999 99999 99999 99999 99999 99999 99999 99999 99999 99999
99999 99999 99999 99999 99999 99999 99999 99999 99999 99999 99999 99999
99999 0 99999 99999 99999 99999 99999 99999 99999 99999 99999 99999 99999
99999 99999 99999 99999 99999 99999 99999 99999 99999 99999 99999 99999
99999 99999 99999 99999
99999 99999 99999 99999 99999 99999 99999 99999 99999 99999 99999 99999
99999 99999 99999 99999 99999 99999 99999 99999 99999 99999 99999 99999
99999 99999 99999 99999 99999 99999 99999 99999 99999 99999 99999 99999
99999 99999 0 99999 99999 99999 99999 99999 99999 99999 99999 99999 99999
99999 99999 99999 99999 99999 99999 99999 99999 99999 99999 99999 99999
99999 99999 99999 99999
99999 99999 99999 99999 99999 99999 99999 99999 99999 99999 99999 99999
99999 99999 99999 99999 99999 99999 99999 99999 99999 99999 99999 99999
99999 99999 99999 99999 99999 99999 99999 99999 99999 99999 99999 99999
99999 99999 99999 0 99999 99999 99999 99999 99999 99999 99999 99999 99999
99999 99999 99999 99999 99999 99999 99999 99999 99999 99999 99999 99999
99999 99999 99999 99999
99999 99999 99999 99999 99999 99999 99999 99999 99999 99999 99999 99999
99999 99999 99999 99999 99999 99999 99999 99999 99999 99999 99999 99999
99999 99999 99999 99999 99999 99999 99999 99999 99999 99999 99999 99999
99999 99999 99999 99999 0 99999 99999 99999 99999 99999 99999 99999 99999
99999 99999 99999 99999 99999 99999 99999 99999 99999 99999 99999 99999
99999 99999 99999 99999
99999 99999 99999 99999 99999 99999 99999 99999 99999 99999 99999 99999
99999 99999 99999 99999 99999 99999 99999 99999 99999 99999 99999 99999
99999 99999 99999 99999 99999 99999 99999 99999 99999 99999 99999 99999
99999 99999 99999 99999 99999 0 99999 99999 99999 99999 99999 99999 99999
99999 99999 99999 99999 99999 99999 99999 99999 99999 99999 99999 99999
99999 99999 99999 99999
99999 99999 99999 99999 99999 99999 99999 99999 99999 99999 99999 99999
99999 99999 99999 99999 99999 99999 99999 99999 99999 99999 99999 99999
99999 99999 99999 99999 99999 99999 99999 99999 99999 99999 99999 99999
99999 99999 99999 99999 99999 99999 0 99999 99999 99999 99999 99999 99999
99999 99999 99999 99999 99999 99999 99999 99999 99999 99999 99999 99999
99999 99999 99999 99999
99999 99999 99999 99999 99999 99999 99999 99999 99999 99999 99999 99999
99999 99999 99999 99999 99999 99999 99999 99999 99999 99999 99999 99999
99999 99999 99999 99999 99999 99999 99999 99999 99999 99999 99999 99999
99999 99999 99999 99999 99999 99999 99999 0 99999 99999 99999 99999 99999
99999 99999 99999 99999 99999 99999 99999 99999 99999 99999 99999 99999
99999 99999 99999 99999
99999 99999 99999 99999 99999 99999 99999 99999 99999 99999 99999 99999
99999 99999 99999 99999 99999 99999 99999 99999 99999 99999 99999 99999
99999 99999 99999 99999 99999 99999 99999 99999 99999 99999 99999 99999
99999 99999 99999 99999 99999 99999 99999 99999 0 99999 99999 99999 99999
99999 99999 99999 99999 99999 99999 99999 99999 99999 99999 99999 99999
99999 99999 99999 99999
99999 99999 99999 99999 99999 99999 99999 99999 99999 99999 99999 99999
99999 99999 99999 99999 99999 99999 99999 99999 99999 99999 99999 99999
99999 99999 99999 99999 99999 99999 99999 99999 99999 99999 99999 99999
99999 99999 99999 99999 99999 99999 99999 99999 99999 0 99999 99999 99999
99999 99999 99999 99999 99999 99999 99999 99999 99999 99999 99999 99999
99999 99999 99999 99999
99999 99999 99999 99999 99999 99999 99999 99999 99999 99999 99999 99999
99999 99999 99999 99999 99999 99999 99999 99999 99999 99999 99999 99999
99999 99999 99999 99999 99999 99999 99999 99999 99999 99999 99999 99999
99999 99999 99999 99999 99999 99999 99999 99999 99999 99999 0 99999 99999
99999 99999 99999 99999 99999 99999 99999 99999 99999 99999 99999 99999
99999 99999 99999 99999
99999 99999 99999 99999 99999 99999 99999 99999 99999 99999 99999 99999
99999 99999 99999 99999 99999 99999 99999 99999 99999 99999 99999 99999
99999 99999 99999 99999 99999 99999 99999 99999 99999 99999 99999 99999
99999 99999 99999 99999 99999 99999 99999 99999 99999 99999 99999 0 99999
99999 99999 99999 99999 99999 99999 99999 99999 99999 99999 99999 99999
99999 99999 99999 99999
99999 99999 99999 99999 99999 99999 99999 99999 99999 99999 99999 99999
99999 99999 99999 99999 99999 99999 99999 99999 99999 99999 99999 99999
99999 99999 99999 99999 99999 99999 99999 99999 99999 99999 99999 99999
99999 99999 99999 99999 99999 99999 99999 99999 99999 99999 99999 99999 0
99999 99999 99999 99999 99999 99999 99999 99999 99999 99999 99999 99999
99999 99999 99999 99999
99999 99999 99999 99999 99999 99999 99999 99999 99999 99999 99999 99999
99999 99999 99999 99999 99999 99999 99999 99999 99999 99999 99999 99999
99999 99999 99999 99999 99999 99999 99999 99999 99999 99999 99999 99999
99999 99999 99999 99999 99999 99999 99999 99999 99999 99999 99999 99999
99999 0 99999 99999 99999 99999 99999 99999 99999 99999 99999 99999 99999
99999 99999 99999 99999
99999 99999 99999 99999 99999 99999 99999 99999 99999 99999 99999 99999
99999 99999 99999 99999 99999 99999 99999 99999 99999 99999 99999 99999
99999 99999 99999 99999 99999 99999 99999 99999 99999 99999 99999 99999
99999 99999 99999 99999 99999 99999 99999 99999 99999 99999 99999 99999
99999 99999 0 99999 99999 99999 99999 99999 99999 99999 99999 99999 99999
99999 99999 99999 99999
99999 99999 99999 99999 99999 99999 99999 99999 99999 99999 99999 99999
99999 99999 99999 99999 99999 99999 99999 99999 99999 99999 99999 99999
99999 99999 99999 99999 99999 99999 99999 99999 99999 99999 99999 99999
99999 99999 99999 99999 99999 99999 99999 99999 99999 99999 99999 99999
99999 99999 99999 0 99999 99999 99999 99999 99999 99999 99999 99999 99999
99999 99999 99999 99999
99999 99999 99999 99999 99999 99999 99999 99999 99999 99999 99999 99999
99999 99999 99999 99999 99999 99999 99999 99999 99999 99999 99999 99999
99999 99999 99999 99999 99999 99999 99999 99999 99999 99999 99999 99999
99999 99999 99999 99999 99999 99999 99999 99999 99999 99999 99999 99999
99999 99999 99999 99999 0 99999 99999 99999 99999 99999 99999 99999 99999
99999 99999 99999 99999
99999 99999 99999 99999 99999 99999 99999 99999 99999 99999 99999 99999
99999 99999 99999 99999 99999 99999 99999 99999 99999 99999 99999 99999
99999 99999 99999 99999 99999 99999 99999 99999 99999 99999 99999 99999
99999 99999 99999 99999 99999 99999 99999 99999 99999 99999 99999 99999
99999 99999 99999 99999 99999 0 99999 99999 99999 99999 99999 99999 99999
99999 99999 99999 99999
99999 99999 99999 99999 99999 99999 99999 99999 99999 99999 99999 99999
99999 99999 99999 99999 99999 99999 99999 99999 99999 99999 99999 99999
99999 99999 99999 99999 99999 99999 99999 99999 99999 99999 99999 99999
99999 99999 99999 99999 99999 99999 99999 99999 99999 99999 99999 99999
99999 99999 99999 99999 99999 99999 0 99999 99999 99999 99999 99999 99999
99999 99999 99999 99999
99999 99999 99999 99999 99999 99999 99999 99999 99999 99999 99999 99999
99999 99999 99999 99999 99999 99999 99999 99999 99999 99999 99999 99999
99999 99999 99999 99999 99999 99999 99999 99999 99999 99999 99999 99999
99999 99999 99999 99999 99999 99999 99999 99999 99999 99999 99999 99999
99999 99999 99999 99999 99999 99999 99999 0 99999 99999 99999 99999 99999
99999 99999 99999 99999
99999 99999 99999 99999 99999 99999 99999 99999 99999 99999 99999 99999
99999 99999 99999 99999 99999 99999 99999 99999 99999 99999 99999 99999
99999 99999 99999 99999 99999 99999 99999 99999 99999 99999 99999 99999
99999 99999 99999 99999 99999 99999 99999 99999 99999 99999 99999 99999
99999 99999 99999 99999 99999 99999 99999 99999 0 99999 99999 99999 99999
99999 99999 99999 99999
99999 99999 99999 99999 99999 99999 99999 99999 99999 99999 99999 99999
99999 99999 99999 99999 99999 99999 99999 99999 99999 99999 99999 99999
99999 99999 99999 99999 99999 99999 99999 99999 99999 99999 99999 99999
99999 99999 99999 99999 99999 99999 99999 99999 99999 99999 99999 99999
99999 99999 99999 99999 99999 99999 99999 99999 99999 0 99999 99999 99999
99999 99999 99999 99999
99999 99999 99999 99999 99999 99999 99999 99999 99999 99999 99999 99999
99999 99999 99999 99999 99999 99999 99999 99999 99999 99999 99999 99999
99999 99999 99999 99999 99999 99999 99999 99999 99999 99999 99999 99999
99999 99999 99999 99999 99999 99999 99999 99999 99999 99999 99999 99999
99999 99999 99999 99999 99999 99999 99999 99999 99999 99999 0 99999 99999
99999 99999 99999 99999
99999 99999 99999 99999 99999 99999 99999 99999 99999 99999 99999 99999
99999 99999 99999 99999 99999 99999 99999 99999 99999 99999 99999 99999
99999 99999 99999 99999 99999 99999 99999 99999 99999 99999 99999 99999
99999 99999 99999 99999 99999 99999 99999 99999 99999 99999 99999 99999
99999 99999 99999 99999 99999 99999 99999 99999 99999 99999 99999 0 99999
99999 99999 99999 99999
99999 99999 99999 99999 99999 99999 99999 99999 99999 99999 99999 99999
99999 99999 99999 99999 99999 99999 99999 99999 99999 99999 99999 99999
99999 99999 99999 99999 99999 99999 99999 99999 99999 99999 99999 99999
99999 99999 99999 99999 99999 99999 99999 99999 99999 99999 99999 99999
99999 99999 99999 99999 99999 99999 99999 99999 99999 99999 99999 99999 0
99999 99999 99999 99999
99999 99999 99999 99999 99999 99999 99999 99999 99999 99999 99999 99999
99999 99999 99999 99999 99999 99999 99999 99999 99999 99999 99999 99999
99999 99999 99999 99999 99999 99999 99999 99999 99999 99999 99999 99999
99999 99999 99999 99999 99999 99999 99999 99999 99999 99999 99999 99999
99999 99999 99999 99999 99999 99999 99999 99999 99999 99999 99999 99999
99999 0 99999 99999 99999
99999 99999 99999 99999 99999 99999 99999 99999 99999 99999 99999 99999
99999 99999 99999 99999 99999 99999 99999 99999 99999 99999 99999 99999
99999 99999 99999 99999 99999 99999 99999 99999 99999 99999 99999 99999
99999 99999 99999 99999 99999 99999 99999 99999 99999 99999 99999 99999
99999 99999 99999 99999 99999 99999 99999 99999 99999 99999 99999 99999
99999 99999 0 99999 99999
99999 99999 99999 99999 99999 99999 99999 99999 99999 99999 99999 99999
99999 99999 99999 99999 99999 99999 99999 99999 99999 99999 99999 99999
99999 99999 99999 99999 99999 99999 99999 99999 99999 99999 99999 99999
99999 99999 99999 99999 99999 99999 99999 99999 99999 99999 99999 99999
99999 99999 99999 99999 99999 99999 99999 99999 99999 99999 99999 99999
99999 99999 99999 0 99999
99999 99999 99999 99999 99999 99999 99999 99999 99999 99999 99999 99999
99999 99999 99999 99999 99999 99999 99999 99999 99999 99999 99999 99999
99999 99999 99999 99999 99999 99999 99999 99999 99999 99999 99999 99999
99999 99999 99999 99999 99999 99999 99999 99999 99999 99999 99999 99999
99999 99999 99999 99999 99999 99999 99999 99999 99999 99999 99999 99999
99999 99999 99999 99999 0
