45
0 10002 10002 10001 10002 10002 10001 10000 10002 10000 10000 10000 10000
10002 10001 10001 10001 10002 10001 10002 10002 10001 10000 10001 10000
10001 10000 10001 10000 10001 10001 10000 10001 10002 10001 10000 10000
10000 10000 10002 10000 10001 10000 10002 10000
10002 0 10001 10002 10002 10000 10002 10002 10000 10001 10001 10001 10001
10001 10001 10002 10002 10000 10000 10001 10001 10000 10000 10002 10001
10001 10002 10002 10001 10002 10000 10001 10000 10002 10001 10002 10001
10000 10002 10001 10002 10002 10000 10000 10002
10002 10001 0 10000 10001 10000 10002 10000 10002 10002 10000 10001 10001
10002 10001 10002 10002 10002 10001 10001 10002 10002 10002 10001 10001
10002 10001 10002 10000 10001 10001 10000 10000 10002 10002 10000 10000
10000 10000 10000 10000 10001 10000 10000 10001
10001 10002 10000 0 10000 10000 10002 10000 10000 10000 10001 10002 10001
10002 10001 10002 10000 10001 10002 10000 10002 10002 10001 10002 10001
10000 10001 10002 10001 10002 10002 10002 10002 10001 10002 10002 10000
10002 10002 10000 10000 10001 10001 10002 10002
10002 10002 10001 10000 0 10000 10002 10000 10000 10002 10001 10001 10001
10002 10002 10000 10001 10001 10001 10002 10002 10001 10000 10001 10000
10002 10000 10002 10001 10000 10000 10002 10000 10001 10000 10001 10002
10002 10002 10000 10000 10001 10001 10000 10001
10002 10000 10000 10000 10000 0 10001 10001 10000 10001 10001 10002 10002
10002 10001 10000 10000 10002 10001 10002 10002 10001 10000 10000 10002
10000 10002 10002 10002 10000 10001 10000 10000 10002 10001 10000 10000
10002 10002 10001 10000 10001 10001 10002 10002
10001 10002 10002 10002 10002 10001 0 10000 10002 10001 10001 10001 10001
10000 10000 10002 10001 10001 10001 10001 10001 10002 10002 10002 10000
10001 10002 10000 10002 10002 10000 10000 10002 10002 10000 10001 10000
10001 10001 10001 10000 10002 10000 10002 10000
10000 10002 10000 10000 10000 10001 10000 0 10000 10001 10002 10000 10002
10000 10001 10001 10000 10000 10002 10000 10002 10000 10000 10002 10002
10002 10001 10001 10001 10001 10002 10001 10000 10002 10002 10001 10002
10002 10001 10001 10000 10002 10000 10001 10002
10002 10000 10002 10000 10000 10000 10002 10000 0 10002 10000 10001 10001
10000 10000 10000 10001 10000 10001 10000 10002 10002 10002 10002 10002
10001 10002 10000 10000 10000 10001 10000 10002 10002 10000 10001 10001
10001 10001 10002 10002 10002 10000 10002 10001
10000 10001 10002 10000 10002 10001 10001 10001 10002 0 10000 10001 10001
10001 10002 10000 10000 10000 10001 10002 10000 10000 10001 10002 10000
10001 10001 10000 10001 10002 10001 10001 10002 10002 10000 10002 10001
10001 10000 10000 10002 10002 10000 10001 10002
10000 10001 10000 10001 10001 10001 10001 10002 10000 10000 0 10000 10002
10001 10002 10001 10002 10000 10002 10000 10001 10002 10000 10001 10002
10001 10001 10000 10000 10001 10001 10002 10001 10001 10001 10001 10001
10000 10001 10001 10001 10002 10002 10000 10001
10000 10001 10001 10002 10001 10002 10001 10000 10001 10001 10000 0 10000
10001 10002 10002 10002 10002 10002 10002 10000 10000 10000 10000 10000
10000 10002 10002 10002 10002 10000 10001 10001 10002 10002 10002 10002
10001 10002 10000 10000 10001 10001 10001 10001
10000 10001 10001 10001 10001 10002 10001 10002 10001 10001 10002 10000 0
10002 10000 10000 10001 10000 10001 10002 10000 10002 10002 10000 10002
10000 10002 10002 10001 10001 10000 10000 10002 10002 10000 10001 10000
10000 10000 10000 10000 10000 10002 10002 10002
10002 10001 10002 10002 10002 10002 10000 10000 10000 10001 10001 10001
10002 0 10002 10001 10001 10002 10000 10001 10001 10000 10001 10000 10000
10000 10000 10001 10002 10001 10002 10001 10000 10000 10001 10000 10001
10000 10001 10001 10001 10002 10002 10001 10002
10001 10001 10001 10001 10002 10001 10000 10001 10000 10002 10002 10002
10000 10002 0 10001 10001 10000 10002 10000 10001 10002 10000 10001 10000
10001 10000 10000 10001 10002 10002 10002 10000 10001 10002 10002 10000
10002 10000 10002 10002 10000 10000 10002 10002
10001 10002 10002 10002 10000 10000 10002 10001 10000 10000 10001 10002
10000 10001 10001 0 10001 10001 10000 10002 10000 10001 10000 10001 10000
10000 10002 10000 10002 10000 10001 10002 10001 10001 10001 10002 10000
10000 10000 10000 10001 10002 10001 10001 10000
10001 10002 10002 10000 10001 10000 10001 10000 10001 10000 10002 10002
10001 10001 10001 10001 0 10000 10001 10000 10002 10000 10002 10001 10002
10000 10001 10001 10001 10002 10002 10002 10002 10002 10001 10000 10001
10000 10002 10000 10002 10001 10000 10001 10002
10002 10000 10002 10001 10001 10002 10001 10000 10000 10000 10000 10002
10000 10002 10000 10001 10000 0 10000 10000 10000 10002 10001 10000 10002
10002 10002 10001 10000 10002 10001 10001 10000 10002 10002 10002 10000
10002 10001 10000 10001 10002 10000 10002 10002
10001 10000 10001 10002 10001 10001 10001 10002 10001 10001 10002 10002
10001 10000 10002 10000 10001 10000 0 10000 10000 10000 10002 10002 10001
10001 10002 10000 10000 10001 10000 10001 10000 10000 10000 10002 10001
10002 10000 10000 10000 10000 10002 10001 10001
10002 10001 10001 10000 10002 10002 10001 10000 10000 10002 10000 10002
10002 10001 10000 10002 10000 10000 10000 0 10000 10000 10002 10000 10002
10000 10001 10002 10002 10001 10002 10002 10001 10000 10001 10000 10000
10000 10001 10002 10002 10002 10000 10002 10000
10002 10001 10002 10002 10002 10002 10001 10002 10002 10000 10001 10000
10000 10001 10001 10000 10002 10000 10000 10000 0 10000 10001 10002 10000
10001 10002 10000 10001 10002 10000 10001 10002 10001 10001 10000 10000
10000 10002 10002 10002 10002 10000 10001 10000
10001 10000 10002 10002 10001 10001 10002 10000 10002 10000 10002 10000
10002 10000 10002 10001 10000 10002 10000 10000 10000 0 10001 10000 10001
10002 10001 10001 10002 10002 10001 10002 10000 10000 10000 10002 10001
10002 10000 10000 10001 10001 10001 10002 10000
10000 10000 10002 10001 10000 10000 10002 10000 10002 10001 10000 10000
10002 10001 10000 10000 10002 10001 10002 10002 10001 10001 0 10001 10002
10000 10001 10001 10002 10001 10000 10002 10002 10002 10002 10001 10001
10000 10000 10002 10000 10002 10001 10002 10001
10001 10002 10001 10002 10001 10000 10002 10002 10002 10002 10001 10000
10000 10000 10001 10001 10001 10000 10002 10000 10002 10000 10001 0 10002
10001 10000 10000 10002 10001 10000 10001 10001 10002 10001 10002 10002
10000 10000 10002 10002 10002 10002 10002 10000
10000 10001 10001 10001 10000 10002 10000 10002 10002 10000 10002 10000
10002 10000 10000 10000 10002 10002 10001 10002 10000 10001 10002 10002 0
10002 10000 10001 10000 10000 10001 10002 10001 10000 10001 10001 10000
10000 10001 10001 10000 10001 10000 10002 10000
10001 10001 10002 10000 10002 10000 10001 10002 10001 10001 10001 10000
10000 10000 10001 10000 10000 10002 10001 10000 10001 10002 10000 10001
10002 0 10001 10000 10002 10001 10000 10000 10001 10002 10000 10001 10000
10000 10001 10002 10000 10002 10001 10001 10002
10000 10002 10001 10001 10000 10002 10002 10001 10002 10001 10001 10002
10002 10000 10000 10002 10001 10002 10002 10001 10002 10001 10001 10000
10000 10001 0 10000 10000 10001 10001 10002 10001 10001 10001 10000 10001
10002 10002 10000 10000 10002 10002 10001 10001
10001 10002 10002 10002 10002 10002 10000 10001 10000 10000 10000 10002
10002 10001 10000 10000 10001 10001 10000 10002 10000 10001 10001 10000
10001 10000 10000 0 10000 10001 10000 10001 10000 10001 10001 10002 10001
10000 10001 10000 10000 10000 10002 10001 10000
10000 10001 10000 10001 10001 10002 10002 10001 10000 10001 10000 10002
10001 10002 10001 10002 10001 10000 10000 10002 10001 10002 10002 10002
10000 10002 10000 10000 0 10002 10001 10000 10000 10002 10001 10000 10002
10001 10002 10000 10000 10000 10000 10000 10000
10001 10002 10001 10002 10000 10000 10002 10001 10000 10002 10001 10002
10001 10001 10002 10000 10002 10002 10001 10001 10002 10002 10001 10001
10000 10001 10001 10001 10002 0 10001 10001 10002 10001 10001 10001 10000
10001 10002 10001 10002 10000 10002 10002 10002
10001 10000 10001 10002 10000 10001 10000 10002 10001 10001 10001 10000
10000 10002 10002 10001 10002 10001 10000 10002 10000 10001 10000 10000
10001 10000 10001 10000 10001 10001 0 10001 10000 10000 10001 10000 10002
10001 10002 10002 10001 10001 10001 10002 10002
10000 10001 10000 10002 10002 10000 10000 10001 10000 10001 10002 10001
10000 10001 10002 10002 10002 10001 10001 10002 10001 10002 10002 10001
10002 10000 10002 10001 10000 10001 10001 0 10002 10000 10002 10001 10000
10002 10000 10001 10000 10000 10000 10002 10000
10001 10000 10000 10002 10000 10000 10002 10000 10002 10002 10001 10001
10002 10000 10000 10001 10002 10000 10000 10001 10002 10000 10002 10001
10001 10001 10001 10000 10000 10002 10000 10002 0 10001 10002 10002 10001
10002 10000 10000 10002 10002 10002 10001 10001
10002 10002 10002 10001 10001 10002 10002 10002 10002 10002 10001 10002
10002 10000 10001 10001 10002 10002 10000 10000 10001 10000 10002 10002
10000 10002 10001 10001 10002 10001 10000 10000 10001 0 10000 10002 10000
10000 10002 10001 10001 10000 10002 10000 10000
10001 10001 10002 10002 10000 10001 10000 10002 10000 10000 10001 10002
10000 10001 10002 10001 10001 10002 10000 10001 10001 10000 10002 10001
10001 10000 10001 10001 10001 10001 10001 10002 10002 10000 0 10001 10000
10002 10002 10002 10002 10000 10002 10001 10002
10000 10002 10000 10002 10001 10000 10001 10001 10001 10002 10001 10002
10001 10000 10002 10002 10000 10002 10002 10000 10000 10002 10001 10002
10001 10001 10000 10002 10000 10001 10000 10001 10002 10002 10001 0 10000
10000 10000 10000 10001 10000 10002 10000 10002
10000 10001 10000 10000 10002 10000 10000 10002 10001 10001 10001 10002
10000 10001 10000 10000 10001 10000 10001 10000 10000 10001 10001 10002
10000 10000 10001 10001 10002 10000 10002 10000 10001 10000 10000 10000 0
10002 10000 10002 10002 10002 10001 10000 10001
10000 10000 10000 10002 10002 10002 10001 10002 10001 10001 10000 10001
10000 10000 10002 10000 10000 10002 10002 10000 10000 10002 10000 10000
10000 10000 10002 10000 10001 10001 10001 10002 10002 10000 10002 10000
10002 0 10001 10002 10002 10002 10000 10002 10002
10000 10002 10000 10002 10002 10002 10001 10001 10001 10000 10001 10002
10000 10001 10000 10000 10002 10001 10000 10001 10002 10000 10000 10000
10001 10001 10002 10001 10002 10002 10002 10000 10000 10002 10002 10000
10000 10001 0 10002 10002 10001 10001 10000 10000
10002 10001 10000 10000 10000 10001 10001 10001 10002 10000 10001 10000
10000 10001 10002 10000 10000 10000 10000 10002 10002 10000 10002 10002
10001 10002 10000 10000 10000 10001 10002 10001 10000 10001 10002 10000
10002 10002 10002 0 10000 10002 10000 10002 10002
10000 10002 10000 10000 10000 10000 10000 10000 10002 10002 10001 10000
10000 10001 10002 10001 10002 10001 10000 10002 10002 10001 10000 10002
10000 10000 10000 10000 10000 10002 10001 10000 10002 10001 10002 10001
10002 10002 10002 10000 0 10002 10000 10001 10000
10001 10002 10001 10001 10001 10001 10002 10002 10002 10002 10002 10001
10000 10002 10000 10002 10001 10002 10000 10002 10002 10001 10002 10002
10001 10002 10002 10000 10000 10000 10001 10000 10002 10000 10000 10000
10002 10002 10001 10002 10002 0 10000 10001 10000
10000 10000 10000 10001 10001 10001 10000 10000 10000 10000 10002 10001
10002 10002 10000 10001 10000 10000 10002 10000 10000 10001 10001 10002
10000 10001 10002 10002 10000 10002 10001 10000 10002 10002 10002 10002
10001 10000 10001 10000 10000 10000 0 10002 10000
10002 10000 10000 10002 10000 10002 10002 10001 10002 10001 10000 10001
10002 10001 10002 10001 10001 10002 10001 10002 10001 10002 10002 10002
10002 10001 10001 10001 10000 10002 10002 10002 10001 10000 10001 10000
10000 10002 10000 10002 10001 10001 10002 0 10002
10000 10002 10001 10002 10001 10002 10000 10002 10001 10002 10001 10001
10002 10002 10002 10000 10002 10002 10001 10000 10000 10000 10001 10000
10000 10002 10001 10000 10000 10002 10002 10000 10001 10000 10002 10002
10001 10002 10000 10002 10000 10000 10000 10002 0
