10
0 40613 19297 99549 27948 50416 95139 82856 99082 79380
40613 0 96888 46784 65549 8396 18128 31348 94809 16773
19297 96888 0 83011 20456 42383 34635 86957 85569 95179
99549 46784 83011 0 24003 66861 44068 11524 97968 22654
27948 65549 20456 24003 0 16590 54758 37348 62125 17814
50416 8396 42383 66861 16590 0 67234 14142 90848 64960
95139 18128 34635 44068 54758 67234 0 81632 81223 19101
82856 31348 86957 11524 37348 14142 81632 0 38508 16462
99082 94809 85569 97968 62125 90848 81223 38508 0 37607
79380 16773 95179 22654 17814 64960 19101 16462 37607 0