50
10000
10000
10000
10000
10000
10000
10000
10000
10000
10000
10000
10000
10000
10000
10000
10000
10000
10000
10000
10000
10000
10000
10000
10000
10000
10000
10000
10000
10000
10000
10000
10000
10000
10000
10000
10000
10000
10000
10000
10000
10000
10000
10000
10000
10000
10000
10000
10000
10000
10000
1023
93
86
70
22
28
127
93
104
49
29
6
13
72
33
122
9
10
49
121
61
44
42
1
49
87
108
41
81
27
102
74
100
59
16
9
83
117
59
99
122
29
94
81
36
46
93
39
108
37
96
72
29
70
52
65
82
44
99
128
107
50
101
30
21
32
32
2
14
48
27
82
70
75
22
107
20
18
115
107
46
27
19
115
123
116
34
52
14
77
109
109
72
100
66
106
7
13
109
48
75
119
89
93
62
4
104
115
22
85
5
7
37
94
6
25
35
45
96
11
122
48
65
110
39
30
20
45
116
96
9
77
27
15
23
51
32
110
32
66
109
114
33
56
114
56
35
19
106
4
75
114
124
40
68
57
81
109
98
99
99
83
51
79
25
89
103
125
118
9
57
110
103
3
68
56
128
82
125
115
50
41
39
17
67
101
4
66
26
117
28
2
39
125
85
107
111
83
69
98
21
49
87
73
96
59
84
59
9
48
85
13
106
103
40
12
75
112
61
57
101
121
30
125
95
79
7
13
80
23
23
3
32
33
77
96
64
108
36
115
18
50
24
107
12
38
106
4
92
50
87
11
31
89
52
69
117
23
10
98
125
89
52
128
4
109
24
125
122
1
116
13
108
19
95
88
31
105
120
20
10
108
102
93
65
14
17
68
33
127
77
80
66
108
90
114
123
6
98
38
13
3
110
50
51
108
109
87
53
79
73
86
52
63
40
21
80
47
86
97
102
14
107
121
120
61
53
112
12
57
128
29
4
23
42
8
81
48
52
42
108
21
61
92
7
36
11
82
94
110
17
128
18
36
42
60
3
85
94
12
7
47
116
94
120
125
42
48
122
49
80
76
111
17
36
56
122
116
36
111
8
26
59
127
64
1
125
52
83
90
90
83
10
109
108
37
11
18
94
70
46
24
10
120
116
55
56
118
81
96
56
5
119
29
56
59
86
62
3
56
101
13
23
81
1
84
64
103
108
77
34
101
60
111
87
33
61
22
30
29
28
121
55
103
97
126
91
10
9
80
6
90
65
76
114
11
31
32
120
85
87
68
59
33
59
26
86
120
24
91
105
50
54
40
59
36
7
95
95
63
86
11
125
105
123
16
52
4
104
108
67
93
20
39
93
11
17
88
85
106
97
76
22
54
73
53
13
9
55
127
111
42
9
28
10
112
52
111
16
57
41
43
1
41
117
66
39
50
110
70
76
32
125
77
16
36
71
67
33
30
74
56
31
22
56
12
124
54
24
26
38
38
124
47
58
30
90
126
37
29
80
91
95
126
95
93
45
117
112
80
21
37
36
128
112
74
70
67
77
61
95
94
2
64
70
37
36
95
46
96
77
83
126
107
96
37
4
24
47
29
80
57
53
31
56
107
80
10
98
1
37
68
78
38
29
121
58
22
32
73
106
7
3
84
15
39
75
114
120
53
69
12
63
51
121
71
3
38
23
20
7
101
86
69
52
118
91
65
86
102
61
118
15
49
21
29
98
26
73
126
81
9
7
46
98
81
5
22
14
124
10
36
123
105
93
120
112
112
12
128
99
87
52
59
45
53
62
41
37
44
46
29
49
1
125
108
38
4
40
62
111
84
92
112
83
99
103
79
104
82
107
30
119
5
106
42
96
9
38
108
80
34
122
95
70
42
24
41
74
21
94
48
70
47
40
45
107
4
73
121
17
116
33
123
115
106
114
18
79
60
97
87
40
26
91
19
75
43
54
71
83
43
78
23
66
45
120
10
112
91
6
96
107
77
67
120
7
91
7
122
46
123
108
88
63
18
40
64
6
72
34
33
23
74
76
91
27
8
65
49
88
82
77
44
3
110
79
109
43
8
22
42
59
16
51
87
113
97
103
43
74
96
18
15
53
81
88
31
23
23
100
74
101
46
121
63
114
4
51
50
38
127
49
36
66
93
13
58
102
59
72
85
116
111
40
102
25
122
28
69
7
75
46
120
40
18
15
55
90
89
70
23
9
40
29
36
27
99
61
99
20
49
40
123
111
12
113
118
123
93
114
102
73
51
89
90
122
124
66
112
110
82
76
108
50
73
69
36
40
64
115
46
60
45
15
21
50
106
104
11
94
108
91
91
70
122
8
12
2
69
114
128
104
113
118
123
76
2
68
91
90
43
73
117
106
120
50
88
63
89
115
109
19
118
9
56
115
103
78
37
52
35
40
58
19
83
95
10
75
80
95
57
43
121
71
12
119
55
113
52
35
69
101
97
53
39
86
76
82
91
40
56
78
41
28
45
65
50
16
91
114
13
8
110
35
27
95
70
8
104
90
87
123
52
123
39
44
5
74
35
112
85
127
84
