25
1000
200
2200
1900
1800
900
1100
1400
1300
1500
600
500
2600
1600
800
1200
100
700
2100
1700
2500
2300
300
2700
2900
1000
100
73
34
1
82
28
93
75
60
113
11
28
25
1
35
105
19
109
85
122
70
23
105
60
25
87
31
16
35
28
78
81
62
23
89
70
59
17
60
73
95
9
71
79
27
32
73
35
31
28
60
113
70
105
66
1
112
94
120
59
83
76
108
83
77
118
69
48
66
25
109
121
33
15
56
88
124
53
109
82
102
51
38
81
3
45
98
60
106
26
76
60
86
57
13
1
72
99
38
44
1
49
43
57
20
62
109
124
96
110
77
27
54
11
86
21
14
32
104
56
110
98
114
36
7
16
22
45
19
19
67
70
126
85
126
68
119
13
3
29
87
118
115
128
8
57
29
86
96
124
67
30
19
77
75
36
44
122
54
8
61
125
113
37
40
125
55
47
53
46
35
56
94
114
52
92
3
17
85
74
98
117
43
115
23
41
70
8
119
26
106
29
3
78
20
9
94
28
119
108
99
17
128
102
92
5
51
106
118
31
101
63
102
61
37
20
104
5
93
54
5
16
120
81
76
115
23
83
105
33
39
73
69
96
91
93
38
78
93
61
97
45
65
35
44
1
1
64
31
41
23
50
98
121
116
104
43
19
116
124
124
119
126
113
74
2
128
110
123
101
108
72
108
65
104
127
94
107
93
13
127
26
5
28
3
109
64
1
96
19
48
26
58
5
128
105
11
25
71
8
8
99
102
87
110
28
102
118
19
31
33
112
122
23
71
47
74
128
5
24
87
18
93
97
48
47
124
18
79
5
22
50
101
88
29
18
104
61
82
72
80
62
2
56
45
31
7
67
5
67
61
2
39
107
24
31
87
84
11
44
10
95
92
20
22
83
47
128
7
92
79
84
2
103
1
18
95
106
122
74
111
65
43
115
20
54
11
62
19
78
21
80
88
128
22
109
10
94
6
128
37
113
12
16
5
49
108
5
5
108
100
85
46
3
95
122
13
72
106
69
55
118
77
116
7
120
75
29
31
128
86
81
72
44
70
18
32
51
89
118
65
87
18
15
83
13
53
2
46
47
120
86
126
31
50
106
10
24
17
27
28
58
35
10
34
123
67
10
6
126
48
36
94
22
96
64
92
95
84
82
63
56
1
48
19
23
14
96
7
105
8
126
53
11
58
33
15
7
86
68
86
31
31
44
85
83
51
74
53
118
49
12
51
106
95
45
10
42
121
95
74
51
91
120
11
109
53
103
25
56
95
41
28
30
37
5
75
115
125
46
50
73
11
49
42
10
118
67
100
31
84
79
79
120
68
85
40
87
121
8
119
46
74
62
78
2
10
4
16
21
61
6
23
77
111
26
111
21
58
6
14
58
80
112
59
119
7
127
7
58
57
14
9
70
13
34
79
75
99
88
33
24
126
11
17
115
51
126
122
73
38
35
98
57
103
98
99
43
115
123
10
5
115
94
94
28
45
19
111
119
17
13
39
19
86
16
57
38
124
114
110
30
68
101
37
88
95
29
68
75
102
108
2
34
112
57
46
4
55
104
105
126
64
11
117
91
102
4
23
78
58
99
28
70
42
51
7
77
75
120
9
72
72
14
43
119
69
59
96
16
73
23
99
87
106
23
14
1
94
114
29
80
40
28
126
49
121
14
38
78
11
36
8
82
13
59
45
102
86
94
5
14
8
47
113
114
83
80
29
82
120
3
40
13
79
70
61
12
94
22
11
7
74
49
68
84
53
104
27
78
80
119
91
7
41
93
18
61
12
50
122
86
122
121
2
95
2
98
44
62
18
5
43
37
125
6
109
116
77
39
119
9
44
53
74
66
106
106
49
33
114
21
44
83
54
53
98
32
97
79
74
107
92
49
103
79
104
108
91
21
109
38
44
109
49
40
106
64
24
58
37
2
46
46
97
72
11
49
106
36
88
73
67
114
11
13
12
41
26
3
22
86
58
45
18
77
112
55
123
63
9
78
49
67
53
11
119
115
99
5
40
58
31
102
111
111
126
40
83
80
110
74
81
17
99
35
110
117
71
39
107
57
33
65
5
64
71
26
118
76
53
100
22
48
57
26
81
58
30
43
98
97
9
26
106
94
37
8
111
50
97
26
83
98
78
78
59
83
114
33
19
9
2
31
25
76
119
51
26
102
97
93
73
115
97
42
107
14
73
123
50
72
50
12
122
45
14
71
90
80
13
70
47
25
90
32
5
85
116
92
35
68
71
33
5
25
50
11
12
49
35
52
62
123
125
86
80
73
102
29
86
10
63
7
85
41
85
111
23
9
24
29
118
95
93
117
1
98
8
44