25
0011111111001111110001110
0001111111011110111111001
1111010110000001111111101
1011111000101001011010111
1010110111011010111111110
1011010011101111011111111
1011111011011110101011111
1111110110111111000011111
1111010010111110111111111
1110101111111111110100111
1111111010011111011110111
1111011110111110011111111
0101110111111111111000111
1010001111101011111111011
1011101111111011111111111
1111101110110111101010110
1011111111011111111110110
1100110111100111111101110
1011101100010111111101111
1110110101011111010111110
0111111010011111111001001
0100111111011111111111010
1111111111011111111101111
1111110101110110110111111
0100111111111111101110110