250
0111111110111111111011101101111111111111111111111111111111101111111011111111111111111111011111111111111101111111111111111111111111101111111111111111110110110111111111111111111111111111110111111111111110111110111111111101111111111111111111111111111111
1111011111111111011101111011011111111111111111111111011111111111111011111111111111110111101111111100111111111111111111111110111111111111111111111111110111111111111111111101111111111111111110111111101101111111011111110111111111110111111111111111111111
1111110111111011011111111111111111111110111101101110111111111111111111111101111101011001101101111010101111111111111111111111111111111111111111111110011011111111111111111111111111111110011011111111111111111111111111011111111111111101111111111111111111
1111111100111111110111111111111111111111111111111111111111011111111111011111111111111111111111111111111111111111111111110111111111111101111111111111110110111111111111111111111111110111111111111111111110110111111111101111111111111111111111101111111111
1111111111111111111111111111101111111110111111111111101111111111111111111101111111111111111111111111111111110111111111111111011111101001111111111111111111111111111010111011111111101111111101101111111111110111111111110110111111111111111111111111111110
1111111111111111111111111111111111111110111111111111111111011111111111111111111111011101111111111110111111101111111101111011111111111111110111111011011111111111111111111111111111111111111111111111111111011111111101111111111111111111111111111111111111
1111111111111111111111111101111111101101111111111111111111111111111111111111111111111111101111111010111111100110111111111111111111111111111111111110111111111111111011111111111111011111111011111101111111111111111111111111111101111111101111111111111111
1111111111111111111111111101111111111111111111111111110111111111111111111111111111111111111111111111111111111111111111111111011111111111111111111111111111111111111101111110101111111111101011111011111010111111011111111111111111101111111111111111110111
1100111111111111101111111111111111111111111111111111111101111011111111111111111111111111101111111111111111111111110111111111111111111111101111111111111110111111111111110111110111111111111111010111111111111111110111111111111011111111111111111111111111
1111110111111111111101111111111111111101111111111111111111011111111111111100001111110111111111111111111110101101111111111111111111111111110011111111111111101111111111101111111111111111111110110110101111111111111111111111111110111111010111111111111111
1111111111111111111111111111111111111111111111011111110111111111111111101111111111111111101111111111111111111111111111101101111111111111111111111111011111111111111111111111111111111111111111111111111111111101110111110111111111111001111111111111111111
1111011111011011111110111011111111111111111111111110111111111111011110011011111111111111111111111110111111111111111011111111111111111011111111111101111111111111111111111111111110111011111111101111111111111110111111111111111111111111011111110111111111
1111111111111111111011111011111110111111111111111111101111101111111111111111111011111111110111101111111110101100111111111111111111111111111111111110111111111111110111111111111111111111111111101111101111111111111111111111111111111111110111111111111111
1111111111101111111111011101111111111111111111101111110111101111111111111111111111111111101111111101111110111111011111111111111011111111111111111111111011111111111111111111111111111111110111111111011111111111111111111111110111111101111111111111011110
1111111111011110111111111111110111111111111101111111111111111111110110111111111110111111111111111111111111111111111111011011011111111111111101111110111111111111111101101101111011111011111111111101111111101111111111111111111111111101111111101111111111
1011111111110111111011111111111101110011111111111111111111111111111111111111110111111011111111111101111111111111111111011101111111111101111011111111111111110010110111111111111111111110111111111111111111111101111111101111101111011111111111111111011110
1111111111111111111111111111110111111111111010111110110111111111111110111011111011111111111110111111110111111111111101111111111011011111111111011111011011111111111111111111111111111111111111111111111111111111111111111111011111101111111111111000111111
1111111111111111111101100111111111111111111111111111111110110111111111011111101110011111111111110111111111111111111111111101111111111111111011111011111111101111111110111111111111110111111011101111111111111111111101011111111111111111110111101111111111
1111111111111110111111111111111111111110111110111111111111110111111111111111111101101111111111111111111011011011111011011111111111111111111111111111111111101111111111111111011111111111111111011011111111111011111111111111111101111011111111111111111111
1111111111111111111111111111111111111111011011111111111111110101111111111111111111111111111111111111111111111111111110111101101110111111111110101111111111011111111111111111101111101111111111111111111011111111111111111111111111111111111111111011010001
1111101111111111111111111111111111111111110111111111111111111111111110111111101111011111111111111111110111111111111111111111111111111111111111111111110110111111111111111111111111111111011101111111111111111111110111111110111111101111111111111111111110
1111111111111011111101111011111111111111111111111011111111011111111111111111011111111111111111111111111111011011111111111111111111111111111111101111111111111100111111111111111111111111111111111111111111111111111111111111111111101110111011111111111111
0111111111011110111101111111111111111111111111111111111111111111111001111111111111111111111111100111101111111111111111111110111111111011101111111111111011111111111111111111111011111111111111110111111101111111111111111111111110111111111111111111101111
1111111111111111111111111111111111111111111111111111111111111110111011011111111101111111101111111111111111111111011011111111111111100111111111111111111101011111111111101111111111111111111111111111111110111111111110111101011111111111111111111111111111
0111111101111101111111111111101111111111111111111011111111101110111101111111011111111110111111101110111111111111111111111111111111111111110111111111011011111111011101110111101111100111111111110111111111111111111111111111111111111111111011111111110111
1111111110111111101111111111111111111111111111111111111111111111111111111111111111101111101111111111111111111101111111110111111111111111111111111111101011001111111111111111111111111111111111111111110111111111111111101111111111111011111111111111111111
0001111111111011110111111111111111011111111111111111111011111011111111100111111111111101111111111111100111111111111111111111111111110111111111111011111111100111111111111110111111111101111111111111011111111111111111111111111111111110111011111111011111
1111111111101111111011111111111111111111110111101111111111111111101111111011110111111111111111111111111101111111101111110111111101111111111011101111110011011111111101101110110111111111111111111111111111111111110111111111111111111111011111011011110111
1110111111111111011111111111111111111111111111011111111111111111111111011111111111111111111011111111111011111111111111111111111111111111110111111111110111111101111111111111111111111111111111111111111111111111111111111111101111111111111101111110111111
1111101111111111011111111111111111111111111111111111111111110111111110111111111111111101011111111011111111111111110111101111111111101111111101110111111111111111111111011111111111111111111111111111111101111111111110110111110111111111111111111111111111
1110111111111111111111111111111111111110111111111111111111111111111111111111111111111111111111111111111111111111111101111111111111101111101101111111111111111111111011111111111101111111111111111110111110111111111111111111111111111111111111111111111111
1111111011111111111111111011111111111011111011111111011111011111111111111111111110111111111011111111111111111111111111111101111111111111111111111111111110111111011111111111111111111111111111111101111011111111110111111111111010111111111111011111111111
1111101111011111111111111111111111111111101111111011111111111110111111111101111101111111111111111111011110111111111111111111111011111111111001111111111110111111111111101111111111110111101111111111111111111111011010111111111111111011101101101110111111
1111011110111111111111111111111111111111110111111111111101101111111011111111111111111111111011111111111111111111110111111111011111111111111111111011111111111111111101111111111111111111001111111111111111111111111111110011111111101111111111111111101111
1101111111111111111111111111111111111011111011010111111111111111111111101111101111111111111111011101111111111111111111111110111110110111111111111111111111111111111101111101111111111111101111111111111110111111111110111111111111111111101111111100111111
1101111111111111111111101111111111111111101111111111110111111111111111111110111111110111111111111111111111111111110111111111011111111111111111111111110111111111111111111111111111111111111111111111111111111110011111111111111111011111111110110011111111
1111111111111111111110111111101111111111111111111111111111101111111111111111111111111111011111111111111101111111111111111111111111111111111111111111111111111111111111111111111111111111111101111111011111111111111111111101111001111111111111111011111111
1111111011111111111011111111111011111111111111111111111100111111111111111111111111111111111111111111111111111111111111111111111111010101011101111110111111111111111111111111111111111111011111111111111111101111111111111111111111110111011111101111111111
1111111111011111111111111111111111111101111111111110111111111111111011111101111111111111111111011111111111111111111111110111111111111111001111111110111111111111111111111111111111011011111111111111111111111111110111111111111111111111111111111101011110
1111111111111011111111111111111111111111111111111111111111111011111111111111101111111111111111111111011111101111111111111111111111111110111111111111111111111100111111111111111111111111111111011111111111111111101111011011111111111111111111111111111111
1111111111111111111111101011111111111111111111111111111111111111111111111111111111111111111111111111101111111111111111111111111011111111111111111111111111111011111111111111111111111111111111111111111111111111111111100111111111111111111111011111111111
1011111111111111111111111110111111111110111111111111111111111111011111110101111111111111111111111110110111111111111101101011111111101111111011111111111111111110111111111111111100111111111111111111111111111111111111101111111111111111111011111111111111
1111111101111111111111111111101111111111111101111111111110111101111111101111110111111111111111111111111111111111111111111111111111111111111111111111111111111110111111111111111110111111111111111111111111111111111111111111111111111111110111111011111111
1101011111111111111111111111011111111110111011011111111110111111111111111111111111111111111111111111111111111111111110110101111111111111111111111111110111111111110111111111111111111111111011111111111111101111111111111111111111111111111111101111111110
1111111011111111111111111111111111111011111111100100011111111110111111010111111111101111111111111111111111111111111010111111111111111111101110111111111111111111111111111110111101111111111011111110111110111111111111111111111101111111011111111111111111
1111101111111111111011101111111111111011111111111111111111111111111111111111111101111111111011111111111111111111101111111111111111111011111111111110011111111101111111111111111111011111111011111111111101111111111111011111111111111101111111111111111111
1111111111111111110111111101111111111111111111111111011111011110100101111111111111110011111111111111111111111111111110111111111111111111011111111111111111111111111111111111111111111111111111111111111011111111111111111011111111011111111111111111111111
1111111111111111111111111111011111111111111101111101111111101111111111111111111110111111110111111111111111111111110110111111111101111110110111011011111111011101111111011110111111111111111111111111111111111111111111011111111110110111111111101011111111
1111111111111111101111111111111111111111111101111111111111111111111110111011111111111111111111101111111111011111111111111111111111011110110111111111111111111101111111111111111111101111111011111111111111111111101110111111111111111111111110111111111111
1110111111111111111111111111110011111110111111011110111111101111111111111111111111111110111011111101111111111111111111111111111111111111101111111101111111111111111111111111110011111111111111111101111111111111111111111101111011111111111111111111101010
1111101111111011101111111111111111111111110111111111111111111111111011111110111111111100111111101111111111111111111111111111111101111111111111111111111110111111111111111111111111101111111111101111111111111101111111111111111111111111111111111111111111
1111011111111111110111111111111111111111111111111111111111111111111111111101011111111111111111111111001111111111111111011111111111111111110111111111111111011111111111111111111111111111111111011101111111111111101111111101011111011111111111111111011111
0110111111011111111011101111111111111111110111111111111111101111101111101111101111111111111111111111111111111110111111111111111110111111101011111111111111011111111111111111101111111111111101111111111111011010111111110110111111101111111111011011111110
1111111011111111111111111111111111111111101111111111111111111111101111111111111101111111111111111111111111111111111111010111111111111111011111011101111111111111110111110111111111111111111111111111111101111111111111111110111111111111111111111110111111
1111111110111011111111110111110111011111101111111111100111111111111111011111111111011111111111111111111111111111110111110011111111111111101111111101111111111110111111111111011111001111111111111111111111111011111111111001111110011111110111111111111011
0111111111110111111111111111111101111111111111011111111111011111111111111111111111111101111111111111111111111111111111111111111111111111111101111111110111111111111101111110111111111111111111111111011111111111100111111111111111111111111111111111110111
0111111111111111011101111111111111111111111101111111111101101111111111111111111111111111111111101001111111111111101111111111111111111111111011101111111111111011101111111111011111101101111110111111111111101111110111111110111111011111111111111111111110
1011100111101111111111111111011101111111111011101111101111111110111111111111111111011111011111110111111111110111111111101111111011111101111111111111111110111111111110111111111111111111111110110111111111111111111111100111111111111110101111011110111111
1111111111111111111111111111110111111111011111101111111111111111111110111111111111111111111111111111111111111111111111111111111111111111011101111111111111011111101111111111111111111111111111111111111111101111011110111111111111111111011111101111111011
1111111111111110111111111111111100011101111111111111111110101111011111111111111011111111111111111101111111101111111111111111111110111111111111010011111111111001111101111111111110111101111111111111101110111111101111111011111111111111111111111111011101
1111001111111011111111111111101111111101111111111111111111111111011111111111111111111111111111111111111111101111111111111111111110111111111111111111011111111111111101111110111110111111111111111110111111111111111111111111011111111111111111011111111001
1111111110111111110111111111111111111111111111111111111111101111111111101111011111111111110111111111111111111101111111111111011111111111111111011111111111111101111111111111111111111111111111101111111111111111111111111111111111111111111111111011111111
1111111101111111111111111111111101110110111111111111111111111111111111110111111111101111111111111011101111111111101111111111111111111111111111111101111111110111111111111111111111111111111111101111111111111111111111111101101110111111111010011111111111
0111111011111111111011111111111111111111101110111111111111111111111111111111001111101110111111111111100111111111111011111111011111111111111111111110111111111111011111111101111111111111110111111111101111111011111110111110111111110011111111011110111111
1111111111111111011111111111111111110111111111111111111100111101111111011110111111111111110111101001110111111111110101111111111111101111111111111111101111111111111111011111111111111111111111111111111110111111111111111111111111111111111111101111111110
1011111011111111111110111010111110111111111111111111111111111111111111111111011011111110111111111111111111111111111011111111111101011111111111010111011111011111111111111111111111111011111111111110110111111111111111101111111111111111111111111101111011
0111111011111111011111111111111111111111111111111011111111111111111101111011011011111011111111111101111111111111101111111011111111111111111111111111001110110111111111111111111111111111111011111111111111111011011111111011011010111111111111111111111111
1110111111111111111111101101111111111011111101111111111111111111101101111111111111110111111111010111111111111011110111111111111101111111111111011111111111111111001111111111111111111111111111111111101111110110111111111111111111111111111111111111111110
1111111101111111111111011111111111111111111011111111111110111111111111110111111111111011110111011100110111111111111101111111111101111111111111101011111111111111111111111111111111111111111111111111011111111101011111111101111011111111111111111111110101
1111111111110111111101110111111111110111111111111111111101110111111111111111111101011111111111111111011111111111111101111111111111111101101111111111111111111111111111111111111111111111111111101111101111111011111111111111111111111111111111111111111111
1111111110111111111110111111101111111111101011111101111111111111101111111101110111110111111011111111111110111111111111111111101111111011111111111101110101111111111111111111111111111101111111111111111111111111111111111111111011111111111111111111110111
1111111111111111111101111111111111111011111111111111111111111111111111111111101111111111111111011111110111111111101111111111111111111111111111111011111111111111111101111111111111111111101111111111111111100111111111111111111111111111101101111111110111
1111111011111111111110111111010111111111111111111111111111111111111111111110111011111111011111110111111111111111111111111111111111111111111111111111111111111111101111111111111111110111011111101011111111011111111111111111111101111111111111111111111101
1111011111111111111111111111111111111111111111101111111111111111111101111111110111111111011111111111111111111011111111101110111111000101111111111111111111111111111111111101111111111111111111101001111011111011111111111111111101100111111111110110101111
1101111111111111111111111111111111111111111111101111111111110111111111111111101111111111101011111111111111111101111111111100111111111111111111111111111111111111111111111111111011111111111101111111110111100111111101111111111111111111101111111101111111
1111111110101111111101101111111111111111111111111111111111111111111111111111111111111111111111111111101111111111111111111111011111111111111111111111111011111111111111111111111111111101111111111111111111111111111111111111111011111111111111111111111110
1111111111111111111111111111010110111111101010111111111110011111111111111111111111111110111010111111111111111111111101111100111111111111111111111001111111111111111111111111111111101111111111111111101111111110111111101111111011111111010111111111111111
1111101111101110111110011111111101111111111111111111111111111110111111111111111101111111011111111111111111111111111111111111100111111111111011111111111101111111111110111011011101111111111101011111111111111111111111111010111011100111110111011111111101
1101111111111111111111101110110111110111111111111111101011111110111111111101111111111010110101111111111111111101111111011101111011110111111111111111111111111111111111111101111111111111111111111111110111101101111111111111101111001111111011011111111111
1110111111101111111111111111111011011111111111111111111111111111110111011111011111111111101101111111111111111111111111011111111111111011111101101111100011111111101111111111111111111111111111111111111111111110111111111111111111111101110111111111111111
1111111100111011111111111111111111111111111111111111111111111111111111101111111111111111111111111111111111111011011101110111111101111111011110111111111111011111111111111111111111110111111111111111100111111111011111111111111111110101111111111110110111
1111111111111111111110101111011111110111110111111111111111111110111101111111111011011111011111111011111111111011111111111111110111111111101111100111101101111111111111111111111111111110111111111111111101111111111110111011011110111111111111011111111010
1110111111111111111111111111111111011111111111111111011111110111111111011111111111111111111111111111111111111111111111111111111111111111111111111111111110111111111111111110001111110111011101111111111101111111111111111111011011111111110101111100111111
1111111111111111111111111111111111101111111110111111111111111111110011111111011111111011111111111111111111111111111011111111111111111110110101111111101111111111111111111111111101111111111111111111110111111111110111111110101111111111110111111111111111
1111111111111111111111111111111111110111111111111111111111111111111111111111111111111110110101111110111111111100111111111111111110111111111011111111111011111111011111011111111110111111111111111111111011110011111111111011111011111011111011111111111111
1111111111101111111111111111011101111111111011111111111101011110111111111111111111111111111111111111111111111111111111111111111111111111111111110111111011111111111101111011111111111111111101011111111111111111111101111111111111111111111101110111111111
1111111111111011111111110111100111111111111111111111111111111111111111111011111111111111111111111111110111111111111111111111111111101111111111110101111111111011111011111111111100111011111111101111111111110111111111111111111110111111011111111111111111
1101111111111111111111111111111111111111011111111111111110111111110111011111110111111111111111111111101111111111111110111011111111111111111111111111111111111111111110111111101111111111111111110111111111111111111111111111111111111111111111111111111111
1111111111110111111101111111101011111111111111111111111111111111111111111111011111111111111111111110111111111111111111111111111111111111111101111111111111111111101111111111111111111111111111111111111111111111111111111111111111111111111101111111111111
1111110111111101011111111111111101111111011111101101111111101111111111111110111011111111111111111111111111011101111111111111111111111110111111111111111111111101011110111111111111111111111101110111111111111111111111111111111101111111111111111011100111
1011110111111111111111111111010111111111111111111111111101111111111111111111111111111111101111111011110101111111101111101111111111111111111111011100111111111111111111110111111111111111110110111111111111111011111111111111111101111101111111001111111111
0111111111111101110110111111111111111110101111111111111111111111111111111101111110110111111111111111111111101111111110111111111110111011111111111111111111111111111111111111111110011111111111110111110111011111111111111111110111110111111111111111111111
0111010111111011111111111111111111111111111111111110110111011110111111110110111110110111111111111111101111111111111111111111111100111111111101101111111111111111111110111111101111011111111111111111111111111101111111111111111111111111011111111111111111
1111111111111101111111111111011111111111111101111011111111111111111111111111100111111111111111111111111111111110111111111111101110111111111111111111111111110011111111111111111110111111110111111111111111111111111110111111111101111111111111111111111111
1111111110111111101011011111111110111111111111011111111111111110111101111111111111101111111111101111111111111111111111111111111111111111011110111111111011011111111111011111110111110111111011111111111111111111111111011111111111111111011111111111111111
1011111111111111101111111111111111101111111111111111111110111101111111111111101111111110111111111111111111111101111011111011111110111101110111111111111111111111111111111111111111111111011111110101101111111111111111101110111111111111111111110111110111
1111111111110111111111101111111111111111111111111101111111111110111111111011110011011101111111111111011111111111110111111111111110111111111110111111111111111111111111111111111111011111111111111111101111111111001111111111111111111111111111111110011111
1110111111111011111111111111111111111111111111110111100111111111101111111111111111111111111111111011110111111111111011111111011111111111111111111111111111111011111111111111011001101011111110111110111111111111111111111111111111011011101111110111111011
1111101111111111111111101111111111111111111111111111110111111111111111111111011011111101111101111111111111111011101101111011111111111111111111111111110111111011111111111111111111111111111111111111111111111111111111111111111111111111101111111110111111
1111110111111111111111110111011111111111111111111111111111111101110111110111111111101111111110111111111111111111111011111111111111111111111111111111111111111110110101111111101101111111111110111111111111101101111111111111111111111111111111110111111111
1111111111011111111110111111111111111111111111111111111111111111101111101111111111111111111101011111111111110111111110111011111101111111101111110111111111111111101111101111111111111111111111101101111111111111111111111111101111111111111111111111111111
1111111111011111111111110111111011110111111111111111111111111111111111111111111111101111111111111011111111110111111101111101111111011111111111111111111111111111111111111111111111111110111111101111111101111101111111111111111111111111111111111110111111
1111111111111110111111111111111111111111111111011101111111111111111110111111011111111111111111111111111001111101111111111111111111111111111111111110111110111111111111011111111111111111111111111111011101001111111111111111111111111111111111111111111111
1111111111111111111011111111111101011111111111111101111011111101111111111111111111011111111111111111111111111111111111110111111111111111101111111101111111111111011111111111110111111111110111111111111111111111111111110111111110111111111111111111111011
1111111111111111011111111111101111111111111111101011111111111111111111111101110101111111111111111111111111111111111111111111111111111111111111111111100111111111111111111111111111111101111111011111111001111011110011111111111111111111111111111111111111
1111111111111111110111011111111111111111011111101111111111111101111111111110111111111111111111111111110111111011111111111111111011111111101111011111101111101111111111111111111111111111111111111111011111111111111111110111111111111101111111111111111111
1101111111111111110111111110101111101011111011111111110111111111111111111111111111011111111111111111111111111111011111111111111111111101111111101111111111110111111111111110111111111111111111110111111111111111111111111111111111111101111111111111111111
1111111111111111101101011111111110111111111111111111111110011101111111110111111111001101111111111111111111111110010111111111111111111111111111111111111011111111111111111101111101111111111111110111111111111111111111111111011011111111111111111111110111
1111111111111111111011111111101111111111111111111111111111111110111011111111111111111111111111111111111111111111111111111011101111111111101111111111111111111111111101111110111111111111110111111111111111111111110111111111011101111111111011111111111111
1111111111111111111111111111111111111011111111111111110111111111111110101111111111111101111111111111111111111111111111111011111011111011101111111111101111111110111111111111111111101111101111111111011111111111111111111101111111111001111111111111110111
1111111111111111111111111010111111011111011011111111110101111111111111110011111111111111111111011111111111011111011111111111111101111011111111111101110111110111111111111111111110111111111001111111111011111011111001111111111111111111111111111111011111
1111101001111111111111111111111111111110111111111111111111111111111111111111111111111111111100111111110111111111111111111111111111111111111001111111111111111111100111111101111111101111111111111111111111111111111111011111111101111111111111111111111101
0111111111011111110101111111111111111101111111111111111110111111111010111111111111111111100111111011111001111110111111111111111101111111111111111111111111111111111111111111111111111111111111110101111111111111110111110001011110111111111111111111111111
1111111111111111101111111111111111110111111111111111111110110111111111111111111111111011111111111111111111111111111011110111111111011110111111111011110111101011111111111111111111111111101111111111111111111111111111111111111111111010111011111111111111
1111111111111111111111110111111110111110111111111111111111111111111111111111111110101111111111111111111111111111111111101011111110111101111111111111111111111101111111111111111101011111110111111111111111111111111111111111111111111111111111111111111111
1111111111111111111110111111111111111101111110111111111111111111111111011111110111110111111111111111111111101111101110111110111111101101111111111101111111111110110101111111111111110111111111111111011111111111111111111111111111111111011111111110111111
1111011111100111111111111111111111111111111111111101110101111111101110110111100111111111111111111110111111111101111111111111011111111011111111111111111111111111111111111111010011111111011111110111111111111111111111111111111111011111111111111111111111
1111111101111001111111111111111111111111011110111111111111111111111111110111111101111111111111111110111111111011111111111111111111111111111111111111111110011111111101111111111111111111111011111111111111111111011111111111111111101111111111111011011101
1111011110111111111111111101111111111110101111111101111111111001111111111111111100111111111110111111011111111111111110110111111111101111111101111111111111111111111111111111101111111111111111011111111111101111111111111111111111111110111111111111111111
1111111111111111101111011111101011111111101111111111111101111111111110111111111111111111111111111011111111111111111111111111111111101111101111111111111111111101111111111111011111111111111111111111111111111111111111101111111111111101111111111110111110
1111101111111111111111111111011111111111111111111111111111111011111111111111011111011111101111111111110111111111111111111111111011111101111111111111111111110111111101111111111111011111111111111111111111111111111101111111111111111111111111110111111111
1111111111111111111111111111110111111111101111111111111111111101111111111110110111101111111111110011111111111111101111111111111111111111011111011111011111111111111111111110111111111010111111111111110111111111111111111101111111111111101111111111110111
1111111011111111111111111111111011111111111111110111111111111111111111011111111111111111111111111111111111101111111111111111110011111110100111111111111111111111111111111110111111111111111111111111111110111111111110111111111111111111111111111111111111
1111101011111111111111111110110111111111111111111110111111111111111111111101111111111111111011111110111111111111111111111111110111111111111110111111111111101111111111111111111111111111111111011101111111100111110111011111111111111111111111111111111111
1110110111111111111111111111110011111111111110111111111111111111111111111111111011111111111111111111111111101111011111111011111111111111111111111101111111111111111111101111101111111101111110111111110111111111111111111101111101101111111111111111111111
1111111111111111011111111111111111111111111111111110111111111010111111111111110111111111111111101111011111111110111111111101111111111111111111111111111011111111111111111111111111111111111111111101111111111111111011111111111110111111111111111111111101
1101111110111111111111111111111111111111111111011110011111111111101011111111111111101111011111011111110111111111111111111111111110111101011111111011110111111111111111111111101110111111111111111101111111111111111111111101011111111011111110111111111111
1111111111111111111111011111110111110110111111111110111111111111111111111111111111111111111111111111111111101111111111111111111111101111111111111111111101101111111111010011101101111111111101111111111111111111111111111111111111110111111011111111111111
1101111101111111111111111011111101111111111111111111001111111111111111111111110111111111111111111111111110111111011111111111111111111110110111111111111111011111110010111111111011101111111111111111111111111111111011101111111111111111011010011011111111
1011111111111111110010111011011100110111111111100111111111111111101111110011111111111011111111011111111111111110111100111111111111111111111111111111111111111111110111111111011111111110111111111110111111111111111101011110111111111110111111111111110101
1111111111111110111011111111111101111111110111111111111111111111111110111111111111111111011011111111111111011111111111111111101111111111111111111111011010110110111111111111111101111111111111111111111111111110111111111111110110111111110111111111111111
0111111111111011111111111111111111111111111111111111111111111111111111100110111111111111111110111111111111111111111111111111111110111111111111111111111101011111111111111101111011110111111111111011111111111111111011111111101111110111101111111111111011
1011111101111111111011111111111110111101101111111111111111011111011111111111011111111111111111111111111111111111111110111111111111111111101111111111001111101111111111111101111011111111111111111111111011111111111111111111111111111111111111111111111111
1111111111111111111111111111111011111111111111111111111111111111111111111101111110111111111111111111111111110111111111111111101111111111111111111111011110111111111111111110111111111111110111111111111110110111111100111111111111111111111111111111111111
1111110111111101111111111111111111111110111111111111111111111011111111111111011111111110111111111111101111111111111110111100111111111101111111111111101111111111011111111111111111111111111111110111111111111111111111101111111111111100111111101111111111
1111111111011111111111010111111111111111111011111111111111111111111000111111111110101111111111111111111111111111111111111111111110101111111111111010111100011011111111110011111101111011111111111111111111111111111111111111110101111011111111110111101111
1111111111111111111110111111111111111111111101101111111111111101101111111111101111111111111111110111111111111111011111111111111111111111111111111111111111111111101111001111111111101011011111011101111111111101111111111111011111101111111111111111110111
1101111111111111111111111111111111111111111111101101111111111010111111111011111111111111111111111111111111111111111111111111101101101111111111111111111101111111111111011111111111111011011111011111111111111011111111111111110111111111101111111111111111
1111111111111111111111111111111111111111100111111111111111111111111011111111111111111111111011111111101111111111111111111111111111111111111111100110111111011111111111111111101011110111111111111111111111110111111111111111101011111111111011111111111111
1101011111111111111111111101100111101111111111111111111111111111111101111111111111011111110111111011101111111111110111111111111111111111111111011111111110101110111111111111111101101111111111101111111111111011111101111111110011111111111111111111110111
1111111111101111111110111111111111111111111110111101111111111101111111101011101101111111111111111111111111111111111111111111101111111111101111111101111111111111111111111101111111111110101111111111111111111110111111111111111111111111111101111111111111
0111111011110111111111111101110111111111011111111111111111101111111111111111110111111111111111110111111111111111001111101111111111111111111111111001111101111111111111101111111111011111111111111111111111101111111111011111011111111111111111011111111111
1111111111011111111011011101111101110111111110111111101111111111111111111111111110111111111111111111111111111111111111111111111011101011011011011111111111111011111111111111111110011111111111101111111111111111111111111110111111111111111111011111111111
1111111111110111111111111111111111111111111101111111111111111111111110111011111111111111111111111111111111111111111111111111101111111101111111111111111111111111111110111111101111111111011111101111111111101111111111111111110111111111011111011111111111
1111011111111111101110111011111111111111111111101111111100111111111101110111111111111011111111110101111010111111111111111111110111111111111110111111111111111111011111111111111111110101011111011111111111111111111111111110011011101111111111111111111111
1111011111111111111111111111111111110111111111110111111111111111111111111111111110111101011111111111011111111111111111111011111111011101111111111111110111111011111111110111011111111111101111011111111111111111111111111111111111111111111111111111101111
1110111111111111111111111111111111111111111111110111111101101111111111111111111110111111111111111111011011111111111111111111111111111111111111111111111111111111011111110111111111011111111111111111111111101111111011111111111111111111111111111101011111
1111101101111101111111111011111111111111101111111101111101111111111101111111111111111111111111101111101111111111101111111111111111111111111111111110111111111111111111111111111111111111111111111111111111111111111111111111110111101111111111111101011111
0111101111101111111111111111111111111111111111100101111101111111111011101111011111111111011101111111111111111111011111111111111111111011111111110101111111110110111111111111111011111111111111111111101110110110100111111111111111111111111111111111111010
1111111111111111011101111111111111110011111111111111111111111111111111110111111111110111111011111111111111111111111111111111111111111111111111111101111011111011111111111111111110111111111111110111111111111011111111111111111111110111111101111101101011
1111111111111111111111111111111110101111111111101111110111111101111111111111111111011111111101111111110111111101111111111111111111111111111111111111111111111111111111111111111111111111110111111111111101011101111111111111111111111111111111111111111111
1111111110111111111111111101111111111111111111111111111111111111111011111111111111111111111111110111111111111111111111111111111110101111111111011101111110111110111111111111111111111111111111111111111011111111101111111111111111010101111111101111111111
1111111111111111110011111011111111011111111111111111111101111111111111111111111111111111111111111101111111111110111111111110111111111011111111111111111111111111111011111111111111111111111111111111111111101111111111111111111011111111111110111111111111
1111111111111111111111111111111101111111011011111101111111111111111111111110111110011111111111111111111011111110111111110111111111111111101111111111111111111101111111111111111111111101111111111111111101111111111111111101111111111111110111111111101111
1011111111111111110111111111111111111111111111111111111111111011111111101111111111011111111011110111111111111111111101111110111111111101111111011111111111111110111111111101111011111111111111111111111111111111111111111111111111111101111111011011111101
1111111110111111111111111111111111111111101011110111111111010110111111111111111111111111111111011111101111111111111111111111111111111111111111011111111111111111011110111111111111111111101111111111110111111111111111111111111111111101111111110111111111
0111111111111111111111111111101111111111111111101111111111111111111111110111111010111111111111111111011111111111111111111111111111111111011111111111111111111111111011111111110111111111111111111011111111111111111111111111110111110111111111111111111111
1010111111111111011111111111011111111111111111111111101111111111111111111111110111111011111111111111110111111111111111111111111111111111111110011111101111110011111111110111111111111101111011111101111111011111111111111101110011111011111110111011111111
1110111111111110111111111110111111111111111111111111111111111111111111111111111111111111111111111111111111111101101011111011111111111111111110111011111101111111111111111111111110111010111111111111011111110110111011111111111011111110111110111111110111
0111111111011111011111111111111011111111111111111111111111111111111111101110011111111111110111011111111111111111111101111111111011111111111111110111111111111110111111101111111111111111111111111111101110111101111111111111111111101111111110101111111111
1111101111111110111111111111101111111111111111111111110111101011111111010111111111111111101111101111111111111111111111111111111110111110111111111111111111111111111111111011111111111111111111111111101111111111111011111111111111111111111111011111111101
1111111011111111111111111111110110111110111111111111111110111111111110111111111111111111111111101111111111111111111111111111111111111111111111111111111011111111111111111111111011111101110110101111111111111111111111111111111111111111111111111101111111
1111101111111111111111111111111111110111111011111111111111111111111111111111110111111111111111011111111111111011011111011101110111111111111111110111111111111111111111101111111111111101111111111111111111111111011111011101010111011111101111111111111110
1111011111111111111011111011111111111111111111111111111111111110101111011111111111111111111111111111111111101111111111111101111111011111111111111111111111111111110111111111111111111111011101111111101111011111111111111111111111111111111111111111111111
1111111110111111111111111111101111111111111111111111111111110110111111011111101111110111111101110111011111101111111111111111111111101111011111111011111111011111111110111111111110111111111111111111111110111111111111111111111111111111111111111111111110
1111011111111111111111111111111111111111111111101111111110111111111111111111011111111101011111111110111111111111111011011111111111111111111111111101111111110101111110111111111001111111111111111111111111111111111111011111111111111111111111111111111111
1111111101111111111111111111111111111110111111111111111110111111111111111111111111111111110111111111111111111111111010111101111111111111111111011111111111111111111111111111111011111111101110011111111111111011110111111111111111101111111111111101111111
1111111111111111111111111101101111111111111111111110111111111111111111111111111111111110101111111111111111111111101111111111111111111111111011111111111111101111111111111111101111101111110111111111111111111111010111111111111111111111011111111111111011
1111110111101111111111111111111101101111111111111111111101111101101111111111111111111111111111111111111111111111111111011111111010111111011111111111111111111111111111011111111111111111110011111111111111111111111111111111111111111111111111111111111111
1111111111011111111111111111111110111111111111101111111111111111111111111111111111110111111111111111101111111111111111011111111111101111111111111111111011111111111111111111111111111010111111111111111101111111110111111110111101111111010111111111111111
1111111111111111111111101111111111111111101111111111110111111111011111111111111111111111111101111111111111111111111111111111011111111111110111111111111110111010111111111111111111111111111110111011111111111111011111111111011111110111011111111111111111
1101011111111101111111111111111111101111111101111111111111110111111111111111111111110111111111111111110011111111111111100011111111111111111111111111111101111111111111110011111111111111100111111111111111111111111111111111111111111111110111111101111111
1111111111111111111111111111111110011111101101111111111111111111111101111111111111111111110111111111111111111101111111111111111111111101110101111110111111111101111111101111111111111101111111111111111101111111111111111111111111011111111111110111001111
1110111111111111101111111011111101111101111011111010111111111101111111111111011111111111111111111111111011011111111111111111111111111111111101111111111111111111111111111111111111111111111111100111111111111111111011111111111111111111111111110111111111
1111111111111101111011111011111111111011111011111111111111111111111110111111111111111111111101111111111111111110110111111111111111111111111111111110111111011011110011111110111111111001011011111111111111111111111101111110111111111111111111110111111101
1111111111111111111111110111111111111111111111111111101111111110111011111011100111101111111111111101111111111111101111110111011111111111111111110101111111101111111110111111111111111011111111111111111111111111111111111111111111111111111111111111111111
1111011111111111111111111111011111100111111011111111111111111111001111101110111111111111111111111111111110111111111111110111111111111111111110101111111111111111111111111011111111111111111111111110111111110111011111111111111111110101111111111111111111
1111111111111111111111101111111111111111110111111111111111111111111111111110111111111111111111111111111111011111111111111111111111111111111111111101101111111111111101111111111101111111111111111101111011111111111111011111111011011111111111111111011111
1111101111111111111111111101111111011111111111111111111111111111111111111111111111111111111111101110111111111110101111111111111111111111111111111111111111101111111111011111111111111011111101111111111111011111111101010111111111101011111110111111110111
1011111111111111111111111111111111101111111110111111111111111101111111111111101111111111101011111111111011101111111111111111110111111111111111111111111111111101111111111111111011110100111111111111111111101111111111011111110111111111101111111111111111
1111111111111111111111111111111110110111111111111111111111111111111111111111110111111111111111110111111111111111111110111111111111111111111101111011101111111111111111111111100111011111111111111111111111111111101110111111111111011101110111111111110011
1111111110110111111111110111011111111111111111111110011111111111111111111111110111111111111111111011101011111111111111111101111011111111111111011111111111111111111101111111111011111011111111111011111111111001111111111111011111111111111001111111111111
1111110111110101110111010111111110101011101111111111111111110111101111111011011111111111111111111111110111011111111111111111101111111111111111111101110111110011111111111111111111110110111101111111111111101111111101111101111111111111101111111011111111
1101111111111110111100101111110111111111111111111111111111111111111111111111111111111011111011110111111111111111101111011111100111111111111111111111011111111111111111111111110111111111111111111011110011110111011011110111111110111111111111111110111111
1111111111111011111111111111111111111110110101111111111111111111111111111111110111111110111111111111111111111111111111111011111111111111111101111111111111111111011111111111111101111101111111111111111111111111110111111110111111111111010111101111011111
1101111111111110111110111111111111111101111111111111011111111111101010111011111111111111110111111111111111111111111111110111111111110111111111111111111111111111111111111111101111111111111111111111110111111111111111101111111101111001111111111110111111
1011111111110101111111111111111111111111111111111011011111111111010111111111111111111111111011111101111110111111111111111111111111111111101111111111111011111111111111111110111111100011101110111111111111111111101111111111111111111011101111110101111111
1111111111111101111111111111011111111111011111110111111111111111111111110111111111010111111111111111111111011011111111111111110111111111111111111111110111011111111111111111111110111111111111011110111111111111111111111110111111111111110111111111111111
1110111111111111111111111111111111111011111111111111111110111111111111111011101111111111111110111111111111101101101111111111101111111111111111101111111111111010111111101111111110111111111111111111111111111111101111111111101111111111111011111111111110
1111111111111111101111111110101111110111111111111111111111111111111111101111111101111111111111011111111111110111111111111111111111111111111111111111111111111111111110101111110111111111111111111111111111111111111111111111111111011111111110111111111111
1111111111111111111111111011101111011111101111111111111111111111111111111111111111111111111110111111111110111111111111111111111111111111010101111101111110111111111111111111111111111111111101111111101111111111111111111111111111111111011111111111111111
1111111111010111111110111111111111111111011111111111111110011101111111111111111101011111111101111111111111111111111111111111011011111111111111111111111110111111111111111111111111111111111111111110111111111111111111011111111111111111111111110111111111
1111101110111110111111111111101111111111111111111111111101111111111111011011111111110111111110011111111011111111111111111111111111111111111111101111111111111111111110111111111111111111110111111111111111111111111111111111110101111111111101111111111011
1111111111111111111011111111111100111111111011111111111111011111111111111110111111111111111111111111111111111111111111111111011111111111110111111111011110111111111111111010111101111111111111111111101111111011111101111111111011111111111111111111110011
1111101111111111111111111111101111111111111111111111111111111111111111011111111111110111011111111110111111101111111111111110111111111111111011111111111011111111011111111111111111111111111111111111111111101111100111111101101111111111111111111111111111
1111111111011111111111111111111101111110111111111011110111111111111010111110111111111111111011101111111111111111111111111111111111011111111111111111111011111111111111111111111111111111111111111110011111111111111101110111101101111111111111111111111111
1111111111101111111101111111111111111111111111111111111011111111111111111111111111111110111111111011111110111111101111111111111111111111111111111111111111111111111111111111111111111111111111111111111111111111101110111111111011101111111111111110111111
0111111011111111111111111111111110110111111100111101111111111111111111111111111101110111011111111110111111111111111010111111111111111111111111011110111111111111101110111111101111111111111111111101111111111111111101111111111111111111110111111111110110
1111111111111111111111111111111110111111111111111111101111111111111111111011111111110111111111111111110111101101111111111101110111011111111111111111111111101111111111110111111111011111101110111111111111111111111111111111111111111111111111110111110111
1111111111111111111111011110101110011111111111111111101110111111110111111111111011101110111111111111111111111111111111011111111111111111111111111111111111111111011111111111111011111111111111111111111111111111101111111111111111101111111111111111111111
1111111111111111111111111111111111111111111111111111111111111111111111111111111111111111101111111111111111111111011111110111111111111111100111111111110111111111110111111111111011101111111111111111111111111111110111111111111111011111111111011111110111
1111111111111111011011101100111111110110111111111111111100001110111101111111111111111111111111111111111111111111111101111111111111111111111111111111111111111111111111110111011111111111011111111111111111111111011110111011111111111110111111111111111011
1111111111111011111111111101111111111111111110110111111111111111111011110111101011111111111101111111011111111101111110111011111111111111111111111111111111111111111111111111111111011111110110111111011111111111111111111111111111111111111111111111111111
1111000111101110110111111111111111111111111111111111111111111111111111111011110101111111111111111111101111101111111111111111111111111111111111111111111011111111111101111111111111011111111111101111111001111111111111111101111111011111111111101111111111
1111111111101111111101111111111111101110111111011111101111101111111111111111111111111111111101111110111111111111111111110111101111100111111111111111111011011111111111111111111111111111110101011111110111111111111111111111111111011111111111011111111111
1101111111111111111110111110111101111111111111111111111111111111111111111111111111111111110111111111111011111111101111111111111111111111011111111111111111011111111111011101111101111111101111111101100110111111111101111111111111111111111111110111110111
1111101111111111011111110111111111111111111111111111111111110111111111111110111111111111011111110111111111111111111011111011111111111111111011110111111111101111111111111111111110111111111111111111111111110111110011111111111111111111111111011111111111
1111101111111111111111111111111111111111111111111111111111111111111111111111111101111111110111111111101111111111111111111111111111111111111111111111111111110011111111111011111111111111111111101111111111111111110111011011111111101111111111111111111111
1111111111111111110011111111111111111111111111111111111111111111111111110111111111111111111111111111111111111111111111111111111111111101101111101111111101111111111111111111101111111111111001111111111110111110111111111111111111111010111110111111111111
1101111111111111111111111111111111011110011111011111111110111111110111111111100111111111111111111111111110111111111111011111111011111101111110101111111111111110111111111111111111111111111111111110111111111011111011111111111111111101111110110101101110
1111011111111111111111111111111011111011111111111111111111111011111111100111100111111111111111111110110111111111111111111111111111011111111110110111111111111111111111111011111111111111111100111111111111111111111111111111111101111101111111111111011011
1111101111111111111111111111110111111111110111111111111111111111111101111111111111111111111111111111111111111111111111111111111111111111111111111111111111011111111110111111111111111111111111111111111111111111101111111011111111111111111111110111111111
1111111111011111111111111110111111101111111111011111101111111111111111111110111111111111101101111111111111111111111111111111111111111111111111111111111111011111111101111111111111111111111111111111110111111111111111111111111111111111111101111011111111
1110111101111111111111111110110011111110110111111111111111111101011011111111111111111111111111111111011111101111111111111111111111111111111111011111111111111111111111111111111111111111111011111111111111111111111011111111110111100011111011111111111111
1111111010111111111110111111011111111111111111101111111111111111111111111111111111111110111111111101111111111111111111101111111011111111111111111111011111111111111111011110111111001111011111111111111111111111111111100111101111111111111111111111111111
1111111111111111111111111011111111111111101111111111111111111111111111111111011111111111000111011111111111111111111111111111111111111111111111111111111111111110111111110111111111110111111111111111111111100111111110111111111011111111111111111111111011
1111111011110111111111111111111111111111110111111111111110111111111111101111111111111111101111111111111111111111111111111110111111111110111110111111111111110110111111111111111111111111111111111011111111111111111110111010111111111110101111111011111111
1111111111101111111111111111111011011111111111111111111111110011111111111111111111101101111111101111111111111111101111111111111101101111111111110111111111111111111011111111111111111111111111111111111111111111111111110111111111101111111111111111111111
1111111111111101111111111111011111101111110110010101101111111111111111011111111111111111111111111111111111111111111111111101111111111111111111111111011111111111111111111111011111111111111111111111111110111111111011111111111111111111111101111111101111
1110111111111010111101111011111111111111111111111111101111111111110111111011111111111111111111111111111110111111111111111111111111111111111111011011111111111111111111111111111111111111111110111111111101111111111111111111111111111111110111111111111111
1111101111111111111101111111011111111111111111111111111111111111011101111111111101011111110111111011111111111110110111111111111111111111111111100011111111111111111111110101111111110111111111111111111111111111111111011110011111111111111111111101111111
1111101111111111011111111111011111111111111111111110111111011111111111111111111111111111111111101111111111101011111111111111111011111111110011101111111111111111111101111111111111001111111111111111111011100111111111111111111111111111111101111111011111
1011001111111111111111111110111110111011111111111111111111111101111111111111101111111111111111111111111111111111111111111111011111101111111111111111111111101111111111101111111111111111111110111111110111111111011111111111111111111111111111111101111111
1111111111011111111111111111110111111110111111111111111111111111111111111011111111111111111111110111111111111111111111111101111111111111111111011111111111111111111101101111111111101111111111111101101111111111111111111111111111111011111111111111111111
1110111111111111111101111101111111111111111111111111111111111101111111111111111111111111111111011101111111111111111111111111111111111111111111111111011101111111111111111111111111111111111111111111110111111011111111101011111111111110101111111011111111
1111110010111111111111111011111111111111111111111111111011110111110111111110111111011111111111111111111111011111111110111111111111111101111011111111111111011111111111111110111101011111111110111111111111111110011111111111001001111111010111111011101111
1111110111111111111111111111111111111111111111111111111110111110111111111111111101110111111111111111111111111111111111011111111111111111111111110111111111111111111111111110111111111111111111111111111111101101111111111111111111111111111011110111111111
1110111111111111111111111111111111111111101111111111111111101111111111111111111111111111111111111111101111111100111011110101111111111111101111111111111111101111111111111100111111110111111111111111111111111111011010111111111011111111111111111111111111
1111111111111111111111111111111111111111111111110010111111111101011111111111111111011111111111111111011100111111111111111111111111111111111111101000111111110111111111111111111111111111111111111111111111111111111111111111111111111111111111111111111111
1101111111011011011111111110101111111111111111111111111111111111111111111100111110111111111111111111111111111111111111111111011111111111111111101111111111011111111111111111111111100110011110110111111110110111111111111111111111111001111111111111101110
1111111111111111111111111111111111111111111111110111111111111111111110111111111111111111111111111111111111101101101111111111111111111111110111111111111101111111111011101111111111111111100111111111111111111111011111001111111011111101111111111111111110
1110111111111101011110111111111111111111111111111111111101110111111111111111111111111111111001111111111110101111111111110111011111111111111111011011111111101111111101111111100111111101111111111111111111111111111111111111111111111111111111111111111111
1111111110101011111111111111111111111101111111101111111111111101111111111111111011111101111011111101111111111111111111111111111111111111111111111111111001111111011101111111010101111111111011111111111111111111111111111111111111111111110101111111111111
1111111111111111111111111111111111111111111111111011111110101111111011111111111111111111111111111101101111111011111111111111111111111111111111111111111111011111111111111011111111011011111111111111111111111011111111111101111111111111111110111111111111
1110011111101111111111111111011111111111110111110111111111111111111111111111111111111111111111111111111111111111110111111101110111111111111111011111111111111111111111101111111111111111111111111111111111111111111111111111111111111111111111111111111111
1111111101111111111110111111111111111111111111011110111111111111111111111111111111111111111111111111111111111111111011111111111111111111111111111111111011111111111111111111111111111111110011111111011111111111110111111111111011111111111111111111111110
1101111111010111111111111111111111111111111111111111011111111111111111111111111111111111111111111011111111110111111111111111111111111111111111111111111110111010011111111011111111011101111111111111111111111101111111111111111111111111111110111111111111
1011011111111111111111111110111100111111101111111101111111111111111111111111111111111011101111110111110110111011111111111111111011111110111111101111101011111101111111011101110111111111111111111111111110111111111010111111111111111111111111111111110111
1110111110111111111110111111101111111111111111111111111111111111110111111111111111101111111101111111101111111111111111111111101111101111111111111111111111111110110111111111111111111111101111111111111111011111111111111111111111111101011111111111111110
1111110101101111111111111101111111011111111111111111111110111111111111110111111111111011111111111111111110011111111111111111111111111111111011111111111111111111111111111111111110111100111111111101111111101111011111111110010111101111111111111101111111
1111111111011111110101111111101111111111111111111111111111110111111111111111111111011110111111111111111111111111111111111111111111111111111111111111111111111111111101111111111011100111111111111111111111111111111111011111111101111110111111011111111111
1111111011110111111111111111110110011111110111011111111111111111010011111111111111111111111011110111111111111111111111111101111111111111111111011111111111111101111111111111111011111111111011111111111111111111110111111010111111111011111111111111111110
0110111110111111111111111111111111111100111111111101101110111111011111111111110111111111111111111111111111110111111111111111111110111111111011111111111111101111111110111111111111111111111111111111101111111111110111111110111111110111111111011111111011
0111111111111111110101111111111101111111111111011110110111111111111101111111101111011111111111111111111110111111111111111111111111110111111111110111111111111111111011111111111111111111111111111111111111111101111111111110111111110111111111011111110111
1111101011011111111111111111111111011111011111111111111111111111111111111111101111011111111111111101111110101111111111110111111111111101111111011101111011111111101111111111111111110011111111111111010111111111010111111100111011111111111111111110111111
1111111111101101101111011111111001111111101111101111111111001111111111110111111111111111111111111111101111111111111111110111111101111010111111111111101111111111111110111111110110111101111011111111111111111111111111111011111111111111111111010111111101
1110111111111111111111111111111101111111111111111011111101111111111011111111111111111111111111111111111111111111111111111011111111111111011111111111111111111111111111110111111111011111101011111111111111111111111111111111111111111111101001111110111111
1101111111111111111111111111111111111111111111111111111111111110111111111101101111001111111111111111111111111111111110110111111111110111111111111111101111111111111111111111111111111011111111111110110011111111111111101111111111101111101111111011111111
1111011011011111111111111111111110111110111111111111111111111110111111011111111111010111111111111111111111111111111111101111111111111111111111111110111111110111101111110111111111111111111111111111101111111111111111111011111111111111111111111111111111
1111111111111111111111101111111111111111111111111111111111110111011110111101111111111111111111111111111111111111111101111111111111110111110111111111111111111111111011111111111111111111111111111111111011011111011111101111110111111111111111110111111111
