25
1100100001100111110001011
1001101111011001000011000
1011101101000111001100010
1110110000000000010100010
0101000000110001010000001
1110001011001001011001000
0100011010101110000100011
1000011000000011100100011
0011011100001010010010111
1111110010010100010011011
0111110101011011010000011
1100110010001010001101011
1110111001010000000111100
1010000011101001101111011
1010000010110101000010100
0010001101000110011101100
0001000100011110110100110
1111111111011111111010101
0001100110111001010101101
1011000101010010001010001
1010111101001000010001111
1010110101010010010011110
0101010110011001001111001
1100001000100101100000111
0001111101010110110100110