75
110111101111101111111111110111111101111111111001111011111101011111010111100
101010111111011110111111111111011101111111110011110111111111011011010111110
110111101110011111111011011000111101011101111101001111101111011110111111111
111110001111011110111111101110001011110011101101111111101111111110111011011
000111111001101011111011110111011001110101111111111101111111111111101011110
111111100100001111011111111111111001010101111011111111111111111110101000110
111110100000010111111111110001111111111010011111111110011111111110101011111
110111111111111111011111110011110001111101110011111111110111110110110001101
011011011101111111111110111000111111100111111110111011101111110101111111111
110011111111111111111010101011001111101100110011111111110110101011101111111
110101011111100111111111111111000001111111101111111111101110101101100110111
111000000111111111100110111111110111011111110111111111101111101100001111101
011111011111011111111110111111000110111111111010100101011101101010110111110
111000011001110111001111111101011111100111111110100111111010111001101011111
101101011011110111010111111111110111111111001101111110111111111101001101101
011100111011111111010100010001111100011111101111111100111011110111011101111
110111110100110110110011001111111111111100110111110111111101010111011111000
111111111111111100110111001111100111110111110101111111110010101111101011111
101110111111110101001101011111101111110011111111010011011111101111111011111
011111011001101111111111111111011111111000010011010101011111111111111001000
111111110010001011111111111011101111111011011011101011110100011000110101011
101111111011001111000011111111101111111110111101111111111111110110111011110
111111101100011111111111011011100111111101111101011011010110101010001101101
101101111101111011010001101100110111110111111111111000111111011111001111011
001101111110010011101110110000111010111011011111001110011101111110110111101
011101100111010011011111111100110010111011110111111111111111110011101111110
110111110101110110111111011110010010000101111111111111001111111101011010001
100101110111111111111011011100111111111011101111101011111110000010111110111
111111001110111111101011101111011110011111101011111010111100111111101111101
110111111111111111001111011111010011101010100001111011011101101100111111111
011101111101101110010100101111111111111010111101001111111111111101000111000
011101110011111111110010110101111010111010111110011011111101111111011110110
110011101101110111101101011011110110111010111101101111111111111101011010011
111011000011111111010011011111011111001111111011111111111100100100111111011
101111011101111111010111011011011111110111111011110101111100011011110111111
101111111101111111110011011011011111100011110111111101101111101011011110110
011110110101111011111110111101111011111111111111111101111100111001110010111
101111111111111111101101101101011111111111111111111110111011100110111111010
111101100011111110101111111001111110000111010100101111011111100111110111111
111001111011101110110111100011101100011111100111111101011110111110111111001
101111110110111011101111111110111111001111110111111011011111011101101111111
111111110101110110111111110111001101111011111011000111001011101111111110111
011011011110101010111111011011111111110110111111111101010110110001001101110
110111011011011011011111110011111111111110111110011101111110111111011101111
111011110111111101111101111110101011011001111111001011011111010010111011111
111110101111111101111111111001100111111011110100011111111011101001111100111
111111111111001110011011101110010101111111010101111101110111111111001111111
101010110011010110011011111001111111010111111110110101111101111001110111111
100101001011110111111101111101100101111111011111000101110101111001111011011
101100100111111010110111011110110111111000101111101111110011110000101101111
100111111111111111101111111111011101110011110111011101010011011110010111110
111111011100101111101011001001111110001111111100111111110101111111111111110
101111111110100000111101111111010110111111111111101101110100111011000011110
111110100111011011111000111010110110011111110110111111111111111111101111111
111011111011011001111111100111111111110001111111110111011111010011011101111
111111011111110111100111111110111111011100100111111101001101111110011111111
101111111011101111011111111111111100011111000110111101111111101111110111111
110111111111111111010111111101111011101111010110010011111111011111111111101
110010010011110111110100111111001111111001101101111110110110111111110111111
111111111111110011011100011111101111111111101011111011111111111001100111100
111110110111101011111101001010011111111111101101001110111111000011111111111
111100111100010111011101111111111101101101111101111101111010111111001101011
111111010011110111101010111110111011101111111111001111101111111111110110111
111111101101010111011110001111001111111111111011101111111101110111111101010
111110111110010101111110111001100010100101111101001111100111100111110010111
101110101101110110101110101111011101011110111111111110111011101110111011111
111011010110000111110111100110110000110101111110111101011101101110111011101
111100111001010111111011110011011111111111011111111111110111011111111101110
111010101111110110100101101011001111111011111011101011110101111010110111101
101111111111111111111101111110111011101111111111110110010111101111000111101
111110101101110111010110111111101101101111111110110111111011111111110110011
101100000111001111010111011110110111110111110111010110111111100111111111010
010111111111011000111010111110011111111001011000011111111000100110111011110
111111111011110111001101111100111111111100101111111111110111111011111111111
111100101110101111111101101111111111111100100100011111111010101111110001111
