37734127142252
800238523695
11496928474434
13508624153196
16002662167739
3082166317010
797125922
32161411455070
5447712455761
19194530026034
19847540253271
12303883233092
5054080344746
10464933393849
28365247973360
9149006637585
35124451961665
42290934111054
39296467423770
18333640205520
3940466261245
14897708493734
1913815024945
866691620628
41412343621116
21063368660762
11702969977731
3669667597
3926848345014
22234432428356
39264607611677
30614718797555
40758631073223
6622567380302
5846172522099
274923012606
22379654999645
2324946251582
8242112182303
9665160821988
95384945670
34438561358768
836719200786
25892851978524
19405400282852
28499973113244
14335124502614
1126959124477
3858167580715
28852951025764
4789277595371
8382446094778
5822190082089
23880412444757
46971774352975
51421434337085
39238976270362
75346809198
4561242961470
4956867556941
16162609083166
424079311900
223753653520
4183825398468
1807706104030
49580953987924
46512835435062
30447434655897
17556489946
825823612131
4683241620
1257752296456
17563563585006
4904063317006
3078774172333
33449704163915
45162245339387
7480980200079
19550493632142
16333678515933
42966268110391
34994776097693
28011677547293
42230566116195
2255207187497
14701875035560
24184757024294
3064503993644
10665272962152
11129753524755
645734873069
250178024551
7726815083359
96403328453
16781709123990
10494442758648
1923419732853
334108509175
15271795946081
39464397970723
