100
8418774
1220691
4641333
5031844
5477673
2399632
38079
7771069
3192299
6000330
6101755
4801828
3074583
4427716
7297051
4139380
8121890
8913587
8591603
5863996
2714003
5284788
1889806
1270496
8820307
6286242
4682833
81961
2709296
6459028
8588123
7581531
8750285
3520528
3307220
714484
6480136
2083416
3928384
4254754
420221
8042023
1248294
6971163
6033241
7314428
5183857
1449252
2685467
7359675
2992756
3961763
3300411
6694322
9394900
9830687
8585306
373345
2920456
3044793
5505048
887884
644407
2796791
1836569
9652806
9348790
7560721
179794
1240123
92639
1531233
5739227
3028488
2398310
7925471
9211834
3742205
6055824
5534189
8984609
8106864
7251360
8907227
2051849
5249850
6736895
2392730
4469946
4566465
1096264
681486
3803368
422464
5609746
4433963
1894554
787856
5350866
8609971
