15
335 425 380 283 513 140 360 349 505 187 358 309 485 495 190
10
123 137 194 60 137 89 153 122 115 198 47 76 38 62 112
31 105 1 155 93 25 74 15 177 191 146 32 47 115 7
116 72 139 64 112 39 173 33 61 118 119 136 32 132 100
37 143 7 159 27 44 170 158 71 72 160 125 56 155 28
4 31 77 184 26 185 184 77 69 159 130 154 44 31 154
87 41 171 91 126 92 108 197 145 87 8 189 64 92 93
197 197 199 16 16 6 181 113 150 27 57 146 54 41 44
61 48 48 22 181 121 124 164 138 94 124 61 191 151 102
9 14 36 15 179 7 87 179 131 20 31 51 198 128 108
198 3 164 32 27 41 42 179 147 169 168 97 122 156 183
