25
325 197 200 241 175 134 182 166 146 96 51 178 71 191 37 2 196 76 160 134 383 203 120 447 143
15
119 150 191 103 8 185 79 85 16 87 2 107 50 163 179 88 14 132 65 156 138 171 28 249 290
1 129 116 25 38 12 182 43 165 120 12 24 165 171 128 117 162 93 101 36 104 157 95 49 45
108 167 12 61 28 15 36 146 136 152 33 130 60 36 133 170 182 101 22 46 289 31 177 16 40
35 76 67 75 35 128 115 73 155 24 179 193 6 43 101 7 162 13 25 144 114 73 5 167 108
115 164 0 148 79 169 125 169 158 47 66 61 87 94 179 148 190 126 69 21 250 4 53 94 160
84 176 8 48 139 26 53 23 187 30 118 13 176 86 145 80 170 19 4 66 171 104 159 134 37
161 37 196 23 39 81 71 197 23 191 154 74 163 139 72 114 60 57 73 21 117 184 45 92 178
178 112 160 182 179 84 176 126 112 132 159 189 35 153 187 108 18 191 143 41 150 194 76 27 166
61 118 68 89 60 1 146 178 178 112 1 183 75 139 180 187 12 42 181 50 17 9 11 123 64
110 177 48 127 134 24 125 85 116 46 46 141 18 79 81 124 105 9 125 149 53 95 84 197 136
149 3 83 146 66 24 187 170 144 180 17 81 102 98 160 91 15 20 109 193 92 43 116 51 106
142 155 177 199 105 155 133 85 148 173 16 166 119 78 149 173 74 14 42 65 125 6 154 193 159
191 108 55 103 25 91 52 151 145 100 175 34 58 159 37 125 119 166 160 87 163 106 151 36 75
71 77 134 49 45 57 191 22 76 193 181 30 199 60 51 180 144 65 136 187 170 108 152 157 76
51 88 172 129 20 157 163 156 56 128 24 135 137 26 41 141 90 79 16 180 2 123 127 162 64
