5000
810862554710
601335460027
488130108961
149717563115
33554435
853169015346
606163857489
943988764911
403375694767
73059369532
6433911140
800781755845
555065838075
425273998772
713328524238
1048576
391236694641
637205300681
691057647908
701258976602
596256359965
693526504257
68719476735
68945616092
939508495188
966245423377
21657636044
509852515180
69
2037
422434197307
4194234
164
425935623858
810029279768
389987134880
9185576409
185303041308
208030116568
495080554644
210032094098
224588852209
349191950648
692022664337
149212758751
2147483654
693655942318
581943660217
438361435542
120
4439224378
345968979234
934599499228
837778839279
722847420662
646817972965
456067110671
16290
860925123278
143282216695
882285698140
809906225444
927723439846
626786189696
288531501641
845695922200
1073741852
22443901969
831082353440
132481836898
85147815245
107888624163
769221415523
525655523043
137438953506
767733987435
268435433
16777215
303538108352
75563293001
837590174674
2097166
877508693029
336890299537
883689840891
371026472859
120200419071
10
824860999645
654732444235
849017511304
955831174157
33554434
430830797903
665025483013
8388628
226254327373
358145462514
783820556585
555628370517
777570706915
16777195
398534187347
623069452413
860335773883
360670156522
154984661222
395322935351
3886547185
769925647048
65535
10369142426
817194579272
17179869252
218253298742
741459647708
355784465977
819767938403
34359738408
234021920041
1982
926674881558
649131025406
687965022184
34359738378
8388514
879955555151
412727631266
704439142938
214447720922
8279
510973737553
682398993458
412422803779
262154
2147483645
686972822294
744720164993
932361684183
978371667982
767512038806
413238944172
988710088557
629088198662
821028159968
110169433675
848688925805
356092947510
287352873842
536870959
129332131218
443335226330
692103575455
96681943317
236088131252
594811203005
799163145161
343646234840
625200428973
143830019380
560916202566
397068317716
1021
2201645247
732014389452
186020037284
109088101143
927247902187
245762121898
220179426616
259550832644
776002347695
184
422811982844
4088
396119852603
2147483647
339272111710
443830254228
514521098357
67
4294967286
156836641966
622085537935
876965724149
15
800878754568
275251531950
17179869279
243165344142
6222154694
403577239623
823972946086
13
952782340618
81450159987
564600362690
229366476254
288815116219
898365459499
629211219199
2147483655
600821974548
296632520893
83696532515
668073206768
628434079535
949641031561
414878324400
217264237234
438695952978
274877907012
2047
761788252282
723242831604
990019956129
541020226364
2147483669
131067
417306674952
789003263545
134217727
849815840367
17179869181
989143268172
17473156121
526227489329
639964151479
268435451
284228092231
285628113136
937461633577
58721176618
4095
388575505730
681030136538
178900787694
319317864962
111223481363
131129
428676238328
563661414955
989270172499
262134
764245339830
194080274771
224083966170
821273340252
930023691083
343709069909
990231929496
524209
815219064218
960313600033
534081575567
571366883549
929671392892
1048537
1
764230591629
622282437940
67108773
973073577525
830494368422
692339844939
990604534725
131016
16777220
1073741830
831657671950
527246322199
179066974722
17179869188
893289339806
425086326844
621383705546
443720046739
834318650352
660272680956
994953729903
220894724659
610489823077
511
689509970135
819351465969
540380178060
549755813882
270906097520
390756668212
4508810819
182683991454
480924175118
711476419313
925034115702
870487488567
593679388868
128
134217758
652845542228
4294967223
181752030674
8193
817543823851
663520338701
184288569577
805610414059
197721339468
124710910113
242850665488
291788134420
980711773727
794181845139
301496751340
601295320236
562079513567
134217641
224863551377
235
546148216494
376104088292
134217730
486896808925
731611019770
524236
721241864054
703332291090
860518000597
16685485876
547181450118
227759291653
464266714063
750810479481
664879979931
8
54
79281815112
473322334952
643485212981
401523446536
306896823983
417901992787
942689724162
19065098006
869554684950
563900954370
8154
398958914930
32598802366
81236876387
84715007950
730837457537
175135443799
676987943622
4052
605205723396
152491336069
33554452
1048586
47432359965
382978562519
8388607
1023
227749336163
163303235313
254709997331
789520137302
932077076626
171418296202
445782856295
12
93495335619
958347780769
35534127875
65483874315
241864009458
607
861498721447
688369602876
152154560745
997502507274
197772872161
269954053931
840812296470
725887876596
119139339987
2097127
277666789181
67108884
600959109965
910728979397
589938663945
954047684775
173848252289
485456455485
644152782348
1120
108267133100
647133605854
438968240092
57779543633
508884826617
890656395290
19446473126
618594187529
528615280505
779075400398
2147483604
750012056847
6555279027
123243480206
656602048705
55722041187
131072
228092220320
434445702342
871094451743
7
129826511181
780418652517
578100177434
93248377355
16777168
324752989793
215927205810
627809710032
68719476767
741733212680
263
879040071126
337713222562
596085981219
703285849274
637163896486
828246165221
8388552
18940220992
380701469914
950
686504350907
121376376225
912774312982
408169983978
4294967305
145888806985
946497357778
57386003583
960628682155
763024030325
136546472998
201162541838
921233464242
693555056049
615833505988
802004894825
415332732636
882059210378
279107195779
206090477634
536870854
345838874262
2852933312
564681058255
499394829566
327624654221
420793744980
999717686849
625659577362
780141774238
581884534314
44796299192
956738072189
776155184520
34359738365
875410287798
512460631530
381473703658
805621457822
837836643458
538154917011
720143229348
549755813931
839109867610
8260
255854836750
131064
384336731301
4294967292
521872379460
16777264
316140165837
878591369303
928453292759
590936162142
972059228177
854485487604
718162067592
497365871812
736441480674
137438953547
272522474439
67108857
16385
773354953371
268435455
537571194238
17179869176
729596860342
571312187499
859937660848
133799931483
138319937307
33554485
34359738335
400406081962
581
646304004638
274496803287
559840228675
769870721697
688205266540
731373655855
829261959284
886026478451
119812938415
351437314121
256248003863
27546760128
32763
915202977487
2039
312604674975
44266530440
876060384439
796987696966
16777301
712048416792
3771523154
324610336701
43830199252
619649094678
165679099725
554270604253
391465492484
485656859411
169
220178548437
729356331056
65566836956
34359738372
262140
720610380122
909027663378
110802990534
151545662381
436309623901
268435370
72639806351
389522541008
42701043369
48993109654
616401520621
68719476756
402015792685
988337720396
455836921982
131478647164
602999668336
805910776236
10043354487
646985309685
932363470420
659601483698
949843209853
48832347858
668206342382
522651146572
431941874215
423883640882
18039518351
123
829338186215
508658113724
215845234876
600065943306
698430996581
521216398481
548722319376
933366644004
451914234068
534450888155
292034527343
382609629174
17179869190
549045337197
131121245506
65453
131127
653162825043
31
279082008586
927703209085
148753064805
543583369484
350400736428
19012716484
110943691984
601753758947
248517865778
859351552444
714104537148
942707621654
105130210772
856847844632
815273885056
8871418092
32717
517597069595
982729415686
344118451110
419933664126
655641331403
298232374361
473390914135
391564099687
727740087604
172746233761
643613330382
840785472538
187992132778
929420148843
202523146587
396838895394
840734146102
976404698766
316210275159
119680717714
699741284072
268435382
961048363343
745294153228
907949621973
774781762939
68719476740
936887498472
65494
642039189106
545045132367
181890585610
413758051669
68719476816
355651738240
894249004013
4194392
477495779731
275631238347
299325534164
795854565235
1066
670547924906
702297968807
86678358204
965688165844
524367
313244758919
734258754577
70106100776
911746327422
312731468858
8388603
142767056102
32707
85932365242
4194305
2097143
11829250365
359612046012
714247922174
117834478327
2097151
896752742256
8388581
536870908
399012413697
899000291059
689967634959
963640663976
365066251209
136021460199
284136618250
524322
193898080557
545134726100
977032748693
606564037753
238389645325
68719476741
685551297785
995994090236
856966022081
956561509795
756474506147
344375494599
793676791841
256629753387
880717706462
231050231344
713567634472
100041428
79444282594
134217736
982368272258
950963553206
974059176904
195730783929
659422494841
5677049817
536870912
202765377335
320175069573
358354110957
100
302777953693
964663098341
755819409132
813276896486
525485892277
936601419044
244422053082
10207671150
462439971919
746277607382
385553991385
335857455164
489614828018
16448
946268372603
800415171897
16777226
105023225632
560734424246
536870881
33554431
738699586618
748414966669
305634462105
694124871309
161151487417
197
958998953123
284752249393
672623707619
871922578092
695736788686
998006408547
214525306209
262106
289786586502
268419376058
390492979371
639998702056
526991924958
68719476736
464478329494
196376852818
68965831153
203662687324
98296233915
194084846674
484068283232
255221284357
39969284867
474289722809
709093951297
809475042560
400331117105
881939492871
17179869215
529040236285
859673988245
570703177703
856333827850
841547228246
1048631
534439658389
779398342949
47
629919923702
399433764713
68719476679
50672028778
376860846623
586096980508
556756974732
331211537098
681498428196
137748439045
924494876490
438200389805
6652740940
907233211175
20654195812
854865694982
310373355264
486609587840
328991336103
119210471667
962201698726
917146148754
111142675255
996388836391
726100903407
68719476728
65561
16777214
766617771613
266758562951
456977092846
148498882597
426270654090
451171565977
394755703220
386826362350
385182705607
693287370539
393912323183
43237415721
606494997655
8589934596
874925023617
353038562247
749843059708
315738273382
621190706222
558766360603
881251057982
679689730177
317213578048
609244395434
5
327354022345
609547019354
327383129557
495435127902
835670623705
957563190347
806876751860
549755813888
267139663146
133953449068
774992098498
770139335284
8202
91
608508870662
373588260242
529896071273
589626106598
701822082363
183519387211
89219916860
4294967296
252461444837
60489069938
312982716480
609492833193
410721008634
90123832239
190786053321
965521387741
189567136946
8224
596584413967
365285210782
737567143855
76742042892
77027155843
849777323263
134217712
529927347592
558777919863
524289
42340947756
424983321883
33554337
107433077530
879778593878
344196719116
436816828857
423218936963
644385145496
926193720918
11121489167
436201353086
33554440
32800
538877495519
415738671051
723128788186
490899343935
208126349574
68719476836
294644698360
4194239
935364911927
273131032916
595847816695
107881187720
67108948
302036741835
860817813749
953
839716260195
643322327009
16777308
232389539506
508
951312987980
9
986420590401
909507210821
130453086881
31082245758
223190307057
419878415331
668680011337
307015362508
538529662613
147563368114
131073
225107937566
687493149155
31171186036
151867793078
705913909077
8092
727068612125
682145616642
90228506163
107036689556
497096113714
842279035483
183313659834
796487314779
548757858221
131
822365014486
125614648811
416761660460
938119904498
39674991793
8388586
64708397941
539
478728777137
1073741903
772972863473
1981
324598828559
64
762255117940
779976189352
68719476706
74460490920
447594113780
663597314627
187336233403
524282
621009208335
317482136078
804697720501
137647730926
219905801948
589311489514
996566186421
417316718686
839742907567
134217762
657987645594
957970059928
646991272723
711280624369
796861603808
798387218593
65
590609748860
930922280565
727719095325
113476193309
56420431478
134217731
509537105764
285962620976
692868881635
535916885315
24985312771
153796421577
846466308066
36866277933
554923025145
737973104706
17179869133
841430386101
1048578
373471450953
506731418406
436727050523
2147483638
914196450608
597142765196
498283312941
438086484991
825593513601
508658249813
908700272521
11
825278671987
901002316946
514225283759
299188699457
763094495862
869635635991
8259
351389375211
236215277846
860288246802
126
314911188342
467633367004
104472455099
275394048296
773749316022
8388645
657362969424
114250748875
490231109640
524241
254998058422
600570758899
911836155428
95078934218
841952178090
549755813889
65038980580
549755813944
274877906939
909207569661
537608571847
592389768577
103936840845
135261008179
771475526538
522400067938
162864723251
166658259408
312013995971
964359616753
177863762929
747692382870
347768897968
137848407466
923106749881
812889335992
508559722078
2097149
17179869187
2086
987245216878
81188247449
65449
164713149742
737793975230
73
2147483588
106240706380
134217681
34359738465
103067148191
16297
467590306915
180863600129
262189
167119165472
232878027800
131031
75091903328
724193533202
742720784979
555937689443
33554532
517156307573
731329686863
778729603540
517013331615
165623176376
126345289281
999732796088
52936118077
4194367
161226992343
342654940480
726802019193
624846326308
812574822373
290
134217774
968340246142
778585896003
278324170554
284252049900
890754429242
213527392659
34954621331
42111290907
224909024669
100509092312
518989882846
616817845001
913417866809
389510671307
600243029486
16387
260705553234
209291233101
141042966527
134217767
8140
389366948953
1048494
682832421716
844563781074
780475047330
112
147330107557
84865593923
826565006360
446554724227
983789671318
929083861395
535139670033
37303189688
32243850232
596992015691
376630012630
167667677878
495067268652
879942231465
747571955478
591940003559
876089543645
844822125787
356245830471
940196396821
699182632011
758639493462
89444058879
803800868156
48754438950
261082317668
241649668078
482984169109
488515222226
898465193184
657189310252
557131193732
691181566632
798645269331
466691758411
115414831858
485269585918
934395747180
117693892815
785001887139
954897341525
2097155
987110085824
517727752195
479382029770
785884582034
8388608
630159632236
275420510407
215023378797
74
950605869314
536870838
660920850842
355973714278
224188185564
357383925372
131069
505576253745
375304929597
153589343840
1048668
393241986701
239530136774
16380
121767211494
84
31686102288
896407919649
40567269672
224954903691
896858297131
262
73935852058
459968820160
563594988815
619587458240
4032
871213840833
717207269245
861355469086
498313851081
873252846231
747289297463
76826428691
306786229284
931463093389
959226507816
68719476712
371711299090
572861298632
783826008318
886028407186
372221278656
740305219006
298851911316
922608000092
680530685989
524288
424985237698
50656759708
18270401937
208183853611
482071530772
889712146293
62076344054
381549242413
535995811821
541637287925
834852863203
298192726287
383356163677
744064345782
985663922313
478469333740
753373773744
83480738262
39754552708
716430570510
549430334867
8388618
4011
314864390287
645772478055
641108307827
1019
409033773500
584947530189
889554824741
46058565546
620561472054
656312161784
189703159593
67108800
632235224298
958061922179
16
299325571706
1073741764
4194337
61
997073375260
153246756383
800715211236
524253
4294967364
375378443282
191933496859
450136438925
65472
290260327065
197358987896
83522760222
947621378999
776424265562
2130
868150736276
722184837039
706148247685
704948965320
484368988405
598169736154
910492079563
883607441442
250925875432
519626602065
321259131241
67108767
753310322525
527050307964
975045800561
262145
5651976566
125217709925
159149064054
879623207789
831075708439
323372142176
66206831541
6
742583124239
212994961208
251869004723
4179
969898589924
351626030589
328152357425
395839944094
143508970399
134217719
921116755133
648480978151
211831209384
874154674673
527617183805
16777202
563
137438953521
8589934594
874016187701
37158794723
20
362013149634
675614981981
16291
636381688643
233769033049
105940101378
594188038533
34359738359
736756941443
884916342218
44478405962
763580763566
214159696313
679205189239
811787373538
867322838495
12920672493
39276001361
8388599
364664973557
305096272066
815643562178
825369960804
120007662243
32756
677153147814
131148
495592068065
337154311524
833006876883
592937364198
2097057
971662977410
1034
235706266820
56391087069
418266632870
772551843959
80589593226
2097229
561965204867
67108828
30407934899
468945664805
915354147874
32817
898825897642
1048608
222537848418
963070097826
4194316
944366805557
696116037733
122435872342
34359738432
67108860
100546591575
693049988919
8589934531
481369924328
754411370313
674242959508
445573058811
946726404525
983950211034
360991616899
362328507344
945153237214
910878319850
30463878444
131037991465
470482194398
2097103
533928656312
807947482309
8249
142813752394
131080
228965334078
560187808420
290343574753
234372143281
750645477972
274877907035
260280265932
1073741816
902812116258
415458722120
604622355950
50079952578
47317001457
189723971941
270410885909
47225134010
1090
356940660004
32779
524316807159
699940950792
873077638161
4294967294
589951691742
308448977406
331769845168
214051193080
4194334
443476550631
124523140920
288596367786
131019
82
1091
141328688838
488874320075
2147483719
521435197883
549755813962
4194371
542324618937
793557565164
14419279666
380533331789
52637164766
626316117566
57624781763
308691656879
1978
682753616742
716974135386
871710542810
877852510285
636098250722
547765894494
640148135791
329729868117
896689887055
599640174789
8388602
230234612710
485773975486
52273407927
271712308180
506275158277
581256217680
136498341350
559189986254
801619267053
526262193893
310857079505
523676742113
295891784341
386757921242
562668823844
9972812205
87306628138
127
807656936270
524378
99051961981
74860602016
256225342317
360779460834
384061327243
131017
704384612499
976052623422
4194308
906778773946
445722855417
891617997652
563026672846
752460201024
411175169067
435898689283
851283566680
959929948264
150449666079
333775146936
565184358670
33554423
746136095436
643325451095
2097104
151986709473
112765623853
165212832008
860356098515
512
422947322422
708061657907
223736404876
649065309579
244447852555
487221862223
2147483634
302121240887
1048665
707723982752
4294967295
967791500149
897187709290
110
737796090869
89864445002
182700666820
292559712676
876226768941
71140408267
326208558608
209169990796
4094
807514280098
615034148096
986823897372
836321408751
844449195550
756730818539
160215827740
909050754533
772111267159
382139778687
4194303
518512554780
115995984161
454995802090
17179869141
790716180813
846377988133
350581088657
68719476749
961793458154
545879846803
519108926061
137438953467
114990786095
524298
264081931940
753626986287
109039064042
434719507630
16474
305644825051
947210253282
382387253647
131079
321977473687
860714866574
29623596219
889078024603
140650565235
512471406936
249310621349
232420445178
794792008005
917990882546
16431
471507101797
848870483933
542223203769
831201663713
117429572893
761360222478
769334632461
4
704660352939
929808644214
518773928465
781572043742
251141451482
30122871712
400620075952
966574930202
419941868493
551683469728
985237749517
119317876799
396169520524
379751954827
768150028396
220982341363
476557359945
2907315217
921083147078
203031384629
84057091728
536870914
279659998985
23696808164
135318017197
585343976532
948211488693
784822175262
34359738298
471817062749
626408194818
456378409017
877991742999
28783585486
32770
700927249168
787341836756
121341245759
367828667333
157753837241
722754360023
549755813809
137438953462
1073741810
262080
255627627040
703817971928
954445040595
985427147593
16327
205836977586
134217828
460923749432
250001541688
709579459364
997919441314
872532357298
726925577353
700345307376
418241578607
811129362471
32769
446290237037
395415266394
393369017253
949011491722
914163550693
518333879849
727808483067
33554462
209551916288
216181495575
571958159259
55
822065045100
214947680619
153743511813
761300107327
17179869180
4017
582723708101
635139257017
547576666155
32832
31009855010
672497748846
195706025030
473574024805
269497783824
943519686134
270478148943
146023332112
700953015515
118
17179869148
584764674362
8388614
292193922052
887956327939
230169334726
656785802432
144564376807
17856574257
469612662146
947404314471
92701467493
726518379350
770652204670
13655793147
86001987609
881259222545
549755813839
56
448902644067
887679941941
4837839378
676518475638
1073741760
904151943057
277025781676
728579372385
149411495366
107777379789
754003404810
65441
948426911317
993834467500
920652269155
479415971459
410972227075
675654658116
268435458
866663824845
991509799136
737429351035
88715444016
522335095888
2097237
93449869616
536870948
81713008706
222716988921
353328022041
737471313177
801602543104
575341329922
35
134010169373
183334714604
21
594257209290
706466900900
918056425422
607524505444
130642011318
328727797086
372511954705
502408083746
328355730628
861322439555
897535694147
4105
510740649207
888631178006
167348777419
87176685863
710321097979
68719476669
825707940902
369918324012
320639794864
704318659451
918002777558
505264470261
1073741789
17179869189
4194306
977358998270
754036796652
65546
514595457155
235041908566
718535669178
95133332948
79924766885
703852794858
259003566128
262224
321488521642
16442
44887427659
735743622068
549643339598
828900774280
908140566029
920335094801
640795427580
480988520896
389691590151
16777184
833201924937
855695228896
864633071420
359181762631
555642609379
16430
342781468187
453715250119
274877906898
538483132294
949193832228
97
171498808555
231745328388
504
596144589903
930915639814
292682982164
681119042391
100394745043
281970810970
693468215538
897730723891
120442795808
51099472110
244672271419
28022000507
805810464408
999001521325
178099526239
305098628442
862586609624
137438953463
983732405880
544168632968
918201668258
24750596177
462692205495
78473372206
425833114723
57
875293152230
200400635776
722147765682
76581784931
661882022944
59218838484
808961549820
132953944835
522035648181
469762719224
670754687169
694276549878
940055270537
847146080979
811497007294
907276940044
134217729
81390999934
419010113548
807387665292
536870916
8139
934394956480
131092
16777152
65529
575666353549
8388670
72465843366
554364013281
936186425775
597298057148
805606402377
689682009099
66
393149103069
4294967368
50116270466
3
42111677843
958762003672
746196258069
100487909765
472079191989
672182456355
274877906940
170311902185
667760351485
905335208539
4294967304
603711608679
26120864886
24992015450
307100111452
149968806083
843867533118
124275408899
131041
709796818514
1073741894
8263
63512212698
168421068945
445303057794
693556640629
992327177708
107072155733
807374483646
386779984754
581324894382
53681643552
21997138059
131165
116250701275
227867228587
740377429580
680422722579
4194352
8589934658
131154
33554510
764100536735
171988381634
8589934602
134217764
716736878106
482989412752
224
244
894346098041
4294967297
559445128792
658236062918
32842
208594731409
972055934571
96
974265059285
791109210314
45
60449296680
182802725228
575654717308
377916896113
1029
687381909560
979568810962
437903519993
16320
895511263416
741836759706
592084324189
998705823665
722205199697
600121393727
385117047554
1114
132376644463
613502779068
351426618846
959602323959
220315961309
386540162648
131066
511667584452
675821462319
310319600753
549755813884
285149615110
436934749444
8395679575
956108329351
556464465118
277093240293
750637617518
808629549120
4194304
33554433
612823014011
924447021150
645675515026
563940711873
218218263695
894722271412
783022326100
247278427454
246295340471
8589934591
724596541556
979500694390
631606967594
619448741342
626023895378
339787523093
853880368408
262144
777369971419
421448275979
549454827145
16287
79066838634
401462381298
293729282290
901886402631
550529039203
507369282262
762267733585
274877906874
789459480295
32743
351384536683
408352117392
4294967298
81715998303
2147483671
698208955365
101874870982
335784906345
652936927703
274877906867
573325430103
65609
773508607137
461862070802
737607428345
400627125537
402266234805
598837865719
677602658708
635926364816
819349826258
324954983180
323337887409
617166720505
1073741896
2097158
884730715825
131122
598818941589
42168163417
912153176793
731014466966
315340471228
406142766871
980
330005680986
537303056413
465933509506
270133713938
351609725424
608544988574
650532753246
168686856665
235872063310
535343236653
345463548988
90302433623
374868593852
283168020873
942825067278
330529230267
16364
1017
319798928755
115255614283
209091334505
200189960268
65528
519773206418
499467465341
798712862625
836782570967
723387561501
558798041418
876570146537
38488111963
168715700680
91944349723
274877906905
707315489821
845794505845
355278901376
18
954047718521
87917696998
777272025286
920938450840
555535997700
48379981918
398797206739
996745850924
119016932485
556312098410
8186
1048654
334874081571
795130884481
451931002746
32771
872805675753
768122568328
824776287287
499993597854
222267391937
274877906944
523093349481
232172572079
638127614161
621937997903
49643173502
615707788383
4294967227
2097144
34359738367
99239112611
293295021248
213440568368
404604575262
246693332059
585051872836
526817002550
920141555363
584036436923
32694
631490804033
67108865
411260585494
37
746630238940
293606128236
870691402282
172970322021
220493096606
147118715752
860588360958
883929365452
33554480
268435534
67680328217
536870828
215744630564
536870919
458004227501
508462655197
52870783343
160277808444
290162482027
32774
476702584502
169132742794
3914730031
137438953474
16381
412700403992
4294967210
304513815964
232953525835
982244056740
33554442
836528885672
549755813924
347942058363
452751249594
851318021151
736226992241
212460101567
725207305873
892941743907
493320172484
568467582501
8589934599
91553777193
336645762432
727175068131
390400484383
353342813295
570913019828
343822996040
8589934595
499546932624
715590329563
268435460
370763072831
600533505250
8589934547
653604148454
139699510355
177066121759
634440248263
67108769
87322024307
4104
971213291919
307541494377
217
963280419509
17179869192
8589934609
154860967174
353140410086
377145379027
524287
33554531
747358706592
491086161992
919382660953
549755813845
140353949016
442171428289
995617580848
368649601603
17179869261
274877907041
262232
318668344400
560681643708
387357499494
437966829918
116407927142
698656189402
27487725288
890491301217
17
222620949678
826020067399
134
766332306551
442012109861
998931184351
641944548558
19
314093258294
152619668042
16393
844088599492
751674054304
137
105147513175
907591115424
969079600386
549755813934
592934659414
756747620544
8589934620
339648522402
277785668814
162187919274
554739566559
538907511488
55674167153
763734648547
34359738348
1048561
782497457801
951
274877906943
920052324311
551262867451
18304826766
855036272878
328468823168
4294967362
224641072187
114461122019
664703539713
17179869184
980799263608
67108866
259118185282
801975575214
536870931
2147483702
268435429
336413435309
483403404183
566533435774
48
923620540071
274877906903
950598186958
315263897565
134217720
838278978990
846190303860
38832959784
795261226074
8189
661998066075
555556074136
278177450046
622092657366
671915409171
976321030406
2097243
769569150280
332851121722
561647604806
768764009432
137438953469
886846410182
565600707267
4294967222
26
73081607746
470197611789
957109108016
341687365937
272416686039
759195247055
408559887001
842342242284
514837174983
58707345896
750335435790
342199426696
894805482063
268435395
946155824
468015027935
935523999056
468697440256
8589934588
2097161
221
776649978633
557700935656
758536570671
498028278429
466927600841
32
354957612102
648912513643
313924202381
768159951588
717773232521
37955627583
266396350866
652328663695
753189496571
387425541605
505177102477
532763018879
334680299184
411601552468
245269634677
702240985883
1073741906
266497442043
890330391157
510836854309
573323755312
302983751911
957647391093
814495273241
914300196665
644909373957
502276229588
520414664540
742274893842
295348773085
599503647273
36190524149
74745465786
422882983364
666243853676
518602359435
144128698172
252274218140
256925532137
339334169113
560483890320
413
16777312
8841855140
763145925552
790329091337
588273270863
844505347358
274877906857
688528466491
131076
68719476727
8103
780175684568
223
4013
779868060839
903375441958
434412351610
213650865272
575649292732
34359738376
897470553295
502815920055
18831082815
196835459189
440732651453
722459133576
214257390484
726869281756
643671139157
870183271027
152949044104
534850011453
65541
986822660135
336492244809
38677275837
307661120788
137438953481
409428975133
790090448686
28988462772
831504716012
567362408372
26253715742
361615950159
792826994468
298
245651483254
20255052205
511519294672
536870933
599427287642
215979846310
502
787612416520
326381973849
218739990044
8118
253686726456
4294967290
728083725205
387299655520
150161409943
171131526149
581767721842
304669774294
755013549374
625146253695
567555072768
375182713528
395204070550
301718416216
492264083394
226700000002
99822413428
77227752506
502994721674
484306010768
373438783586
268435551
943029868013
686870552463
942715625714
746346965342
825028059458
8589934593
1048615
749479860329
240077563571
168776066600
972977951631
326002995749
574282437543
239
872559468718
549755813895
134217743
207536948499
137438953400
773972340263
532777465336
555690251918
698500910662
138144741544
512843259288
166766229477
486801737560
536870911
549755813864
663978243848
1033
915328101674
391216395613
492634997569
922309058708
949397317743
204
925401096764
454321217728
622128869142
714212127190
546091703832
141
360002081354
933925127054
518222830090
796169810833
994071463111
990
897687230436
980974428502
33554441
561409518375
911080074136
218139867180
502700634891
77830451451
383445978028
32716
550645594902
557432272806
725843860490
873673489598
184491443673
65581
808633298220
549755813795
23092001451
975053503626
305235090324
933223520623
296536045735
658205140533
151822510332
220263352299
578628323535
509210109448
977587781416
719571764364
1048582
137438953446
134217825
137438953551
582507926341
777682916347
431202079301
4194309
212355120670
397010484060
401847002338
8195
1024
567917720701
86165733420
63
221436512623
89
572315784204
840800310340
882726472210
46673392175
92052948433
245627204664
1073741824
533905795580
110686123101
34359738322
927330224018
34359738369
952951595679
579303596650
88372116418
782891421665
88423227458
623084248516
591955437271
734900429658
652955776686
938568909964
536870917
32767
786069822605
329761392480
262089
410004964488
33554438
920257534135
29328140278
418686126279
4194315
821032090075
32793
470420784726
957571050562
612079483971
264839985656
454470167310
937447195110
261
326656755305
495156357859
905312053476
527770764851
875601071230
273542669088
951561899097
363958413844
713712163714
195747771212
835748384755
17179869170
546958789747
22217108213
487210853895
996208289223
487751991612
635091764987
900300362697
326450482986
356226510621
866803426854
552470603699
308250012708
79101488219
256184781183
432581850053
767459486278
902248243008
137438953377
1073741724
758322832188
260076843132
578146072084
70295902394
456893603399
965777081865
919604514176
797259755741
743075588594
892481721664
980374609375
56202754137
870242191581
738744263361
373981342475
395275766354
54748970653
682605923659
830953907896
877777123942
2097074
610388086663
501476040721
65554
34004379028
61105513271
2098
573104768398
359924388310
293301720411
341204932099
798373119424
59348699929
262222
255641091804
107783021627
878851003703
475357428427
549755813897
936787311168
953665981793
186990285263
632942514469
969814491961
849890182794
330746873971
717373717020
280193978636
547172435993
857462247661
156663779379
328069558630
65601
44746293635
364692589458
496260431041
146500174640
159
467526379860
188689743971
781791926899
184553473499
108324403989
513
57630852296
157722348422
653166174625
907689412030
661736040887
18500894670
490260169398
438752313271
371255769418
8191
692684990007
917018301692
2581911885
65536
941644698292
1109
252315053205
512858298192
235336137214
8254
412383942344
257
8589934597
2097152
944201948311
2147483578
776280226747
418339106633
1073741851
32795
878642564107
1073741831
51781309847
584051309810
44293792136
477682244850
522178861004
674321059636
993062295715
213
411704493242
16401
16777127
944467682700
11989038883
1073741755
982693911248
536870873
380220048221
327637422745
67108801
660311017838
536870987
268435480
549755813822
688433181414
553645188218
273365617288
332615811659
8589934558
292004000351
67108892
253565351543
279557432483
442781771974
828499966428
235846199277
554957178722
33554402
470264325035
914942885929
591854276128
219260359439
828265734277
583279419050
472749521012
270201071013
928130600988
274877906947
836563261661
149200010910
322070142113
430990057373
17179869092
288344707692
314112354274
2016
16384
32778
16777283
65526
346018152730
973293836446
287444122884
993632301471
25823462651
29
6003633657
438721266729
466560498950
84279185416
195740201579
224829282207
552038448282
196
425
324331908646
984010201452
68719476734
274877906955
207033034914
252264086408
40309775596
802402037920
11119601491
970877554441
254379955260
124
702304807350
415029110109
361292966372
34360740830
429331740007
700021149658
65500
407931737108
202771261912
30428759208
332051685721
87
486486126491
773676120206
944407267080
698415631870
187771702164
824914716907
947250815887
604924026988
117566081259
3618800960
346477666439
65611
25
279423473204
8177
67108873
420407366063
65585403464
534101332740
813674858042
892556473435
981746138249
588534423414
723820330512
826125158568
869039511523
722428036574
206516850248
698522495446
1048569
17058265327
878689733361
291816094837
983342428014
65577
131006
212315485861
1276964754
93157641168
245321074869
245873091389
471825461758
603596398790
884270662990
557046274157
636044616622
8198
952874251824
376181740109
735862591634
462261552049
68719476732
901370386656
65530
73438378773
268435446
194146608693
547747512899
145589196546
434306451766
33554348
609314654780
17179869147
8388617
356770063621
448170760612
176666015013
840070182741
452055525477
911409788628
747845264826
449208953702
496415980579
46778839374
540892020593
288267684523
948
109684309527
98680567846
63319302081
241609721678
776267628898
828485840624
979221998136
107234854359
2147483718
34359738412
588407693827
3162621776
34359738394
91432855019
243430873322
764117278071
586845873320
739820321105
980767353130
610530964360
777574482268
524194
566020482985
795094900887
59
256
529718127835
661468169725
40309587648
491831367237
826974768071
940806008496
438145007489
8192
67108809
17179869185
785489301785
470053725387
713187450832
687309858907
178985174540
381332333004
274877906951
704913275185
263549952244
27
454695683765
756628421313
499528305799
347010379195
960980587482
131032
201162616921
878556320940
33554432
8983152461
68719476694
170784837995
642884034533
335490348021
465710514058
682951923878
380641704111
715367277711
494543305853
872165243151
985208075649
830537195284
852280391301
201401600595
2097169
940470899465
501090049485
262094
2097163
463312882693
763573870863
795220897044
549755813966
763645605405
702773547863
263341326167
814543690112
178088575829
806981724092
298360027640
2097174
955497280298
131074
783287402542
129868095461
729488402631
802896451499
869152465471
655515501356
959530574524
974477725751
982135254989
659221880461
225886265572
143102223994
801024026118
531793346504
501164656675
30307645350
792385596415
520218692122
15854824898
114185800540
621895924609
1092
897092963876
787806417935
4145
985596645481
8388520
331512975727
535864980022
243
161041308257
501770694639
4294967204
280344094057
14856177667
312339120725
607437175274
280782380816
448317935882
886959714798
109462950292
634207916700
557085457506
574614987810
434894997083
998063858807
403395774519
288689397457
522888444299
561321564627
952151210917
628280835209
4058
112395545431
341253944791
567829786666
285954086565
776358879733
20651846782
240966738841
690737289308
2147483650
4194302
411112951917
880490362733
437716918648
9992321217
545117112943
821759520573
925367811011
895985217114
603129176622
566177995247
244515585422
160101948647
4294967225
365015779163
893346550325
1055
65545
887456435524
41
190955846231
79907491597
33554409
349995635911
124140398333
613703045921
8388626
862360802716
749559139093
143644124886
929365525250
670279760598
683583997398
840892903631
865434034579
865738317111
530725594188
4294967246
524213
563905153874
650133376313
435909443715
102435833639
990511957840
524295
927912460169
58430880686
685767575089
304428919509
254699432167
520309219097
1969
599785327882
594780544782
8388673
34359738295
2097067
330059437655
258
325216769135
205408535909
524296
86273558007
188544761040
727979914620
1048484
864336638491
941442925396
957580174983
594226100715
636709405945
154888423345
98352135461
780769420231
426047278305
16392
76952257540
894065181602
881327445263
134217721
37311569286
8388566
68719476636
829794686061
8589934592
2147483648
411251293431
547980445196
400347020919
179174483744
643511347761
33
622724835984
2049
822476359038
109937707835
131051
575
103929123989
808249485490
674812914405
491612924938
749289021755
210524288529
487189361682
22937955114
685721136935
536871012
602137953811
700427385160
83789230476
519
68719476658
34359738368
858960395014
522087666333
449943043213
547854533743
764358180859
7287748831
824157191259
134217733
125179429052
853666530200
131020
461152496110
185561300670
255
619423954832
44333712191
138824948405
1048526
2050
491359215406
4090
490022873423
658662981701
536870915
1048575
407499483927
104326668738
19152902935
181439467903
981712176184
4086
243323459112
153117864563
39096086307
879752048801
962444330816
400047999200
8589934628
108576627148
411673571875
90182471954
283577692929
131056
277649049914
142358091078
16379
47622675108
263214685733
66958428220
168
187169718445
879920971255
50656387294
749876749763
524284
757456181274
70
693316204645
921281033222
47450205032
598960208848
838390137796
250244075543
455982866908
121
113077959772
586164533686
884844502829
8589934605
192301995850
828455872392
274877906982
769554066008
539835227951
983109450466
259029185335
626804608884
549539811765
130107958843
992663460839
878837596204
881018597912
630468094865
518715150504
838407022324
859142987336
262219
740896319997
216237416410
575656447221
519110957536
532592827713
692426999521
322414512014
262214
8388583
741528100136
78
640739902700
1073741823
207
400899099698
315548992285
569671105252
481247397989
974230811257
105052414745
618109348217
274263949194
19571740089
380258751444
399422807326
217457110378
219293031120
405551798346
68719476738
449221649297
289817568406
91497920124
126829195632
549755813930
524291
508268729139
408282955237
457843174721
895935754614
384365719746
836389332882
540639008036
223235435977
860184701328
918737076162
852410944217
379367233433
482031287662
441046378590
716987727369
1048522
68719476637
531815779338
921537806530
4093
364275417763
524490887798
1663185235
2097179
725515646768
517843329312
455711051979
392177741394
524323
101228486067
2095
625136936742
419898480493
4294967363
258117996160
602175802072
344079228075
134217723
308647078003
20219823506
579290495954
34359738400
826111528013
734904002132
4194295
911390468278
555193154071
363377157859
978767324883
789564858093
604205487442
577117983766
47508995189
762383384241
962396339963
681438238280
759237670283
559018256327
718742588953
116129306241
847708438405
947719128640
316879120893
296138368375
231540448750
967189825335
936412675652
632866054841
385267573973
416
174350747533
131102556701
645577717718
117562734036
484298400869
517784172710
16777217
835240777016
591282305397
16777316
549201274192
16382
274877906962
872412016440
790536847603
137438953542
8589934629
17179869183
268435543
755773000363
334972794894
581857717264
1111
417062759703
626427447751
1048659
8388530
197302286822
366824329256
4294967261
886326301213
759851301806
919239903636
268435461
179709460541
887441475478
376151266481
337551387568
69681182831
870361227657
200448184864
246
797924269789
599364135400
454529628004
806258642337
688465350943
137438953523
31272359270
524189
549755813922
32721
816526220148
208215320438
305256830342
394767392075
953600185488
822393508136
21533032353
39927082040
584965495480
876172365358
297331089139
272086296723
673001605112
16777206
855296884195
641546555043
193133476450
268435356
38410745421
399141311525
435002520518
163211385557
268435522
467409666884
198983341456
555555946965
249025588658
898905365183
266
275791619227
188679989280
34359738345
419625831335
484365665905
90470622109
791943239720
268435459
771775436350
90804629871
307849756527
86367863724
4352237468
723902430083
2097153
239586945193
533907955922
481515557141
505430873421
657014962618
33554344
650671918995
275837948400
823169339854
175
126860990709
215470256916
629320385436
849663503900
677530643811
90082295286
918026749817
802032957019
467213707415
349312526776
734150354761
561535005276
114063649711
471657604357
67108938
33554369
782259479022
201487394928
649236060306
361493628279
992659206004
294890795576
111636486266
139
354379707408
668038709127
348037932057
951878570025
359107874562
120090337872
522678383122
79133565103
313166767026
172463969165
268117445455
183
46909611031
364206764832
333510138743
105792926860
176851200168
262774868028
123883015224
155673401023
949425750378
253103778507
264929815659
695047073656
334785762081
779936408895
514716213514
910999151090
66110244595
343065700080
284901431650
591910867979
647264371028
392204153140
1048544
646541133422
341883017094
80741181504
675104266399
408551979175
300804379766
2147483577
131083
666506372597
197109417294
720304579834
682799459328
316347259889
553564347621
315917935174
227888443297
4194275
855184813185
480801676284
565806171281
676629480511
725496095804
877561011570
858450449144
234415523179
950074795923
1073741821
150091685959
1025
322789842861
860691047261
487240558401
856162761734
421783420766
637031685381
67108861
320200431341
758149886193
7942176022
881105713610
1923547866
154641897872
750312492896
4194313
292419073589
338138770176
101778662642
642169816223
134217765
228557458978
784308757744
732183181159
579667086100
600
704427852505
229809975909
137438953473
641151350343
761683489237
939750640817
2097058
1048669
829092222551
951360360687
940538304544
531618612442
126113487611
82672186202
65579
134217628
632952864664
795966589518
801816640131
171203116118
633518109957
4194245
65537
101006127799
789047169072
625979575753
306020991543
732513961584
308238381459
4089
67108947
2147483649
89842751002
449443563842
36551652770
145577785763
274877906945
17179869194
2147483603
845743402234
776807793242
4014
765501070103
16777223
607641722812
698297992934
560080957661
591160347773
1073741815
68719476796
407287967866
222369473576
301762507934
762011033011
725935813443
909177923497
215805684548
2055
908367974416
382796835276
341101023138
168446711371
172203043070
111761641103
199703801644
229021287881
783346238439
757065304053
361535821179
669266874744
533278832090
874570828236
849041066038
354004686423
915470828672
735328684109
770101329915
4194299
92147318931
695516319544
62099351634
833632843157
264760634861
539494420777
625157421861
13023929676
820332310598
150219163809
399146103492
16777219
102812823358
292140346871
505546473542
663605342229
386727773267
231802955149
268435457
891763513633
996916842793
964539722796
934493276177
951559942715
787667456248
268435548
415946691531
14
862805591398
597223044777
4159
806321983402
683941021055
659956755454
594
701411136866
552768567686
599983769744
613938956853
819293346453
896923245026
4183
39373588807
975260542829
906360876199
936554495574
110856753908
137438953457
124118997643
906495512557
161
287321028863
515826866831
42
42682801695
524549165647
578934568346
559187723485
826168364980
901370154995
587209593372
258991913431
962557372231
994823294658
8589934576
1020
93602283359
619005710169
8929824328
969157481901
660651599972
23971950385
67108819
490148237379
106366892617
458221015092
4025
678845904610
215532991508
259443094497
885595469218
779829042815
67108848
567884413201
967426684036
876916432326
462121812010
205151506971
4294967340
67108863
758957180896
260818117602
549755813965
635257335975
339344459829
64572588050
378851197171
438
803419789198
388351165290
234253062496
113682285089
625545682937
871389762933
279062269595
412877254173
4194363
250244056772
490036838560
570443246785
727991622806
483838394062
40259222218
221892791177
4294967365
179008824410
111
145983124855
930988982030
533174269204
887174349255
95099197682
952883086145
581291741404
684411813938
896905025796
994
159716695931
263493782073
33554425
460386807062
546439361396
906694754365
517510984563
899004051722
154683521716
401706952802
75
132089304399
262135
851352062736
863274866168
34220014697
864356566148
807709345317
245781836271
801530592038
225681725910
870297423383
96624823748
666548712427
818789769570
783728126551
1048489
589402238457
8388612
570436456188
374981933299
359454832018
724101979913
137438953422
634239548001
287317677524
34865452848
984208679863
206318542617
717534613318
923069412517
16355
464902553753
193846181428
34359738396
653671467235
243899844639
695821850636
17179869199
409719537937
166443042204
577632832134
287288060151
425193967436
929879207356
25098686261
714885923643
274877906950
34359738370
120516640446
609466261209
963504004748
543420686377
708053991643
2147483620
8388616
17179869275
458021686550
95906867316
262119
337214755612
300853964592
131058
276097505266
210
4170
248137788449
16777193
108421840850
65482
251608514491
8201
32775
745680118699
66632486411
937462663617
690023019554
926745637531
202314991694
529142792557
254631872806
494353040965
903090691889
469549409338
413546732349
817095254437
369468161618
839255307682
512143020288
258270708179
20587095894
297870411656
807463633414
781799203702
874905765065
129989424048
849128607751
932607093011
731197837312
4194261
969444280986
740553374699
120636629770
250726828805
135345000023
688701791319
68719476750
514978132623
670299092581
67108864
619045774659
935135519721
390382658597
664808036730
183374671349
4194311
4742296956
239425727977
35242288970
68719476660
166055443463
149903718890
504609380120
155841788144
373893912538
8589934497
959298616980
422606952958
105093789326
8388589
547586710027
328401151610
880733980990
8589934649
227898675559
469388021234
648500790808
441959292308
797633586280
68719476737
724704103344
357678353754
664574610777
134217807
63815614447
860230498269
33554476
632687013430
588227831530
812549082308
843922349928
607255161472
236229831452
641183374225
323185407893
101049326988
524330
63392479588
394777544594
941333768248
577679895392
274877906984
77
238976380216
862736347912
549755813896
27291119065
418808168743
211334153111
489379743044
2058
266094911544
378565441777
549755813890
915036652245
437222937119
23111354670
8388548
634469312845
549755813891
457541484712
30094645743
48786349683
618418301047
805441442746
262103
68719476729
536870913
262141
965180247877
451805822272
8589934510
770771488535
348398072875
38062608866
823282384951
273765624600
4294967370
354190415115
837965335013
64603292886
768775513222
237006360843
218381323623
389779316522
998015485854
588765623655
446111284913
368247191584
16478
702518070328
980308366061
24739124730
219488721195
757380888287
6073114501
697946305456
488265650149
477
832234342613
312976468307
434148841817
437206294243
67108779
119754718622
307019361222
4294967342
286168125716
514
145490146247
504686949022
960924438559
568146673274
2056
418708672643
573940851921
379777739384
606483905965
619566020771
317260622047
131078
754012775415
153248915347
896375309319
896848620075
8589934549
993022136211
2048
53365304666
262136
553404661157
90207375836
58
138739294681
470426645118
575374187835
842136611312
584833542279
116
193499756304
878068448830
812818722812
890887083449
319331098916
93976899311
929637690353
89776968641
187843406991
267905878025
171307977872
485783760014
891471024487
29824507198
900903638351
611634349289
8181
59885927104
78075409933
471
4194335
536870871
310531328534
503068446704
3778830919
762208086965
393404323843
536856390921
4194294
796702607902
754511392106
80465708760
280712019962
743541108196
842875017769
134217724
155458733695
844026022073
75209208398
964664138958
682459344083
127902187229
234642227491
681957497983
329146801125
121674610066
288311689096
32837
837864828245
8589934580
74640466002
33815252045
816100343231
23794461108
165386529154
529291668891
8388684
635737506536
755455963241
50415803675
999228628902
513032184614
420545399913
973137852660
174478646530
685864347469
130242161087
244341839257
34359738375
608135603410
63382233842
65497
427673001275
106858352371
267020983517
615991949292
832735414442
351594430751
536870965
334355865342
341080732742
1048568
429264235848
940104585537
268435403
950406697095
651223906719
971778965735
8160
88510208770
984700103669
402417681246
494568773710
2040
39
153442869464
551312880038
4026
119986728287
131075
14462096397
606449798615
129
385515049882
656301415677
28
544194265186
368202316153
741801705045
128970002280
305
680806647722
903743253771
923126798377
211457677149
813329164359
536870903
863133192966
714063826550
920921812661
802336820297
885695326336
757530717928
2111
524264
142512452541
299658867628
425151934994
765697154596
778643211371
20430504947
515
479191649574
891170264564
619910301765
268435414
999166025131
312286933436
729534345184
75156670562
67108894
889297640211
256262812549
483380657828
2147483658
228835081680
705896105755
16473
311154773363
816794086977
317127781376
700527338245
17179869206
972388706186
935659531997
563438924743
35108412454
681376008281
549755813790
68104171510
117305795667
77069085112
137438953471
155216971103
444267579713
529630155275
1986
597356713116
389580919234
591489919262
423074479498
500333580825
53128522310
790935236494
837297987662
15239526394
227587295930
888724947360
388139730077
629870564086
434214766593
502851728948
615964636024
281862776999
387985867096
479238010077
498646265992
549755813900
712674269236
540971089941
83563335910
125384174026
631255314418
885859499558
4294967301
455
962260266510
134217672
451755666382
641014756270
102106052052
76260392024
204144612326
667393692421
955058700181
435071146179
566846930496
687661636682
274877906954
33554511
53129314600
688556944216
917465905014
393750915991
353628089293
376877559852
187330875128
753088750441
99624287122
298522729306
828959390063
11905668777
357849002523
16777216
137632259801
133610428768
575022594388
240385966070
576016628359
78506408257
534429765765
133388124388
180955082628
362302238426
369079129827
977317823771
995559249918
1521478265
691532000947
640479513049
20831899528
805123274152
2097164
1048613
243450218840
141584794735
290885398120
34359738362
760375707827
119579275965
968814652211
137438953433
232355037211
137438953489
262143
335103610827
642609114047
344295101943
251860251591
212574361984
910876381300
822177475777
524324
649520363246
959946356997
896870285374
742246514278
293193040199
649361817882
162565283605
642434833074
268435456
420777027190
564681522731
86117995985
497101635595
2
509
268435408
195031432883
705468813263
403034902667
66391827271
583743018454
423791976502
550121032633
723226590887
293066137761
293899060066
689015132242
40512505531
501341564637
1032
508340329333
752386290355
927194437447
369645798307
431513187041
896056545200
137438953502
262149
888058438543
55399276504
427298303126
642143449635
866819352384
785073490409
782720770984
590868775051
105248405685
425208183753
459254164053
810016406371
32796
211377627879
574055375011
117834730504
845299853560
162556032141
8589934583
969105389502
971440853909
730835876137
943789476853
668845936620
985678906429
8388609
984878403206
636485307596
215420219587
36
282740543907
757160442014
683618915496
239125497136
519816281138
549755813887
590459348927
53
587077053944
123033409658
355835521279
735728977311
548316324412
410066280933
608743795905
110130068532
599846145761
221481795559
182547088810
766048284687
884859519753
971420784033
592569893792
958877237436
9918747949
52096121298
48611542790
4153
32736
183336922331
34359738386
549896267796
583089912220
860340060073
949078063228
429661075746
340193733431
121145347023
409419628374
241016999351
4194331
840000373417
578834039095
906871394232
576754840306
122999640602
286556842624
297834536462
724064972848
1073741917
541172914377
376354397966
78431590728
708146327947
549521177860
386531182069
335468541092
664360636489
274877907003
70802841974
45533824210
65007354176
363852396203
2097159
550933689897
34359738366
856253528556
137438953390
380654766521
338229528058
285683077143
641374124802
58287539588
32434003468
722904499413
248
561592102369
352862008635
414487582914
104275889313
134217718
667772719279
541
112379388323
244242347621
559412847107
112078619014
524347
168250401278
557664484814
960278392967
847380635252
879137640839
360468818568
524271
521075367775
117954265688
874698940787
578244117077
839196953128
458740876928
564688217178
24501602884
741098898802
4194314
995782099880
610255044300
842663586916
428912832726
494686163099
910448883479
371330674208
122138843775
637437190352
382474116201
511039786226
537975314192
658414758070
801709540637
900292528174
118345393045
202625549173
973335796906
153932529173
466497166433
348125964270
568984021533
825974645798
128243872560
546949888086
359446694754
13495094975
2147483609
725190546677
257239777626
733256021070
2147483579
1073741828
823347910343
536870992
785424175586
330688744808
800348093073
606993002219
377739986529
920194850107
497001610421
517685190616
509835955506
136622698324
1073741879
17179869236
725852373554
295041104540
419750042608
238871771568
183196729622
108103126702
997072911938
724732980277
719160028485
774870871378
274877906878
690929118377
148954477141
2117
416647531973
42455578492
144147195289
971402661949
146590611798
67108858
215582041823
941326617556
276560176595
262202
4294967379
61184539451
1048553
707738476974
882919148583
701472087202
217769133743
1317677403
17179869270
881360669617
356650534642
262118
887383185426
67108927
930827132896
363533950890
18300348826
212517258400
670396889367
808578523554
433144256042
349633546837
477624952088
243380320759
855782214314
96410341515
545643520582
430197354598
279713859590
192887620048
560304248005
720936766628
16777261
722489550570
538176182121
833101628241
741688334611
726022393641
49170799024
673049217565
653351665178
8199
35695264494
516132481063
768685713154
631030568760
401448421228
883873565393
318624200822
836476347270
659830190649
702369046498
803156964473
690183505529
953288690789
424126871267
513152539056
856799481656
880924265609
499402697975
62
310402430420
370553169677
115909329069
581207151601
884702875175
439192753222
655468986520
299682750193
505808148435
360265935069
550411312
851664685547
671093942371
562625581158
150896417018
330982638892
365237452513
403921074338
17179869115
169775263683
96279261889
240247910144
1048651
936869746951
281829858387
373608213140
262120
14850241922
621826828110
847942280630
147773550451
137438953559
841125475607
4097
524319
268435440
232161668614
33554422
134217775
67108803
204081626175
531855242591
536390145613
1073741757
1073741794
33554426
577953661879
405031256202
518116460842
37149019241
923831237166
417698389434
168786931323
510684931636
662116661101
576274657111
32758
704288495304
325530310222
596063943285
396869510845
4041
901319836766
690687035878
566256398746
524865551351
816685321523
291762312152
760560481120
144236298567
24900814201
16777136
763224033981
536870831
573910774113
419767646141
141400176817
817153981216
301227348677
167264379348
384753019950
50049532349
149972310152
618076135147
744747042248
488271560991
614300448819
847282639782
381631016240
476673688592
389490892861
41538403572
677991715511
558928093633
504638418823
133871314898
221521810814
226148631470
274877906937
337317128099
939137939360
157143642389
196805096766
512785997743
10258596061
536870957
2110
558318978873
16882700281
67108868
144419973848
346936791936
630146600692
507330937509
784510803327
556215887845
699593279856
849292599591
131071
829938364840
644548020982
737223211895
183935905517
8099
362534109732
16288
635356860520
524311
383690369435
998196948026
416504799442
43979893023
758073316118
695765365006
8185
164080905456
67108955
524261
33554361
137438953378
331720472361
262175
595634348338
482185017261
593621714077
565340852846
717467856496
51
126308495651
80453051884
322041828528
549755813904
281806552993
230792078596
8546457133
603438160526
787492201521
40258206481
301802343211
362936584408
859260828444
920525840789
536317722770
8589934589
72527466009
126687161927
353556108878
562746312807
650892703410
814514423627
495504563759
715603150776
945317880876
4051
651358785768
618572430703
79352688711
415425928638
738885928361
252
99789685649
907069034356
32856
345962530543
262267347824
151497424802
854016018992
620397714461
505153470136
1073741893
684305802974
646329599465
107
346054991106
913712489532
9167814547
980703331463
857355514140
8589934509
274877906938
1014
115899351582
172
467738523379
246513727983
799154846547
145301787901
788548348164
26733359954
673175081088
112866728980
687410711795
826841432267
805178598999
75288812472
137438953472
720824843696
95839040920
536870904
111498678934
749616312727
137438953550
262185
929903524696
514944019101
590408610258
354755625813
30352253600
630227163160
1073741817
86790046096
2097154
888798288518
536870846
985347262899
560638768769
134217728
311369974154
65168008260
982709726899
640489748574
482286454117
801356427446
907402597618
94089667980
16446
141854717662
375716851666
15458202462
149984251435
2011
275397511320
306627021218
1073741825
921626087727
820893472592
612454907513
367635402175
996766792178
44
414075921980
723503851228
174604335300
587079900015
275863324610
805081941626
763272881376
108985220759
536870901
328298751242
407813635866
673028726074
34359738436
1057
148795314331
4096
292741631570
578422799262
1073741765
804557706329
570788811166
428691083910
268435464
1015
946863422800
648082168948
605480619977
950429713380
996052169966
467406881308
102
618187380253
408533083900
59157628527
384063791481
911468914348
442370723427
174176239625
34359738458
656069439027
99873870972
1048566
2147483741
650697498068
165558122497
47692916372
365293929487
31123270697
417755046213
362125196124
240208449415
423158523986
470606306214
588336872813
137438953479
4091
441493693230
808746057754
450485590548
63657968202
299175202872
1048577
904768460906
16777181
397528716521
620259747968
202796106757
32768
623139939623
293081409989
538769852082
791984225187
754881462748
659519919724
173637448081
609655816814
16777139
405341840105
699571619983
454
303340104400
126033086175
211468062699
303463032601
16383
41412978940
5645248842
83430410293
737141687514
106400504074
963700834405
423515672316
959277231352
8197
253740025783
646222201494
813912651808
747239928661
4194307
751180070932
212627857889
786945862970
868176252165
682103363153
786032174543
2054
641206896225
858058576367
981398545928
79
982747517449
137438953396
680923427666
343629244609
684485269374
567312282699
91561285528
979681123383
669444967909
47634597960
2030
448500784496
2147483585
911227343490
2042
792256023411
52542032322
247
403842065389
650583709629
