15
6
10 1
10 1
15 2
20 3
20 3
25 4
10
29 4
11 1
16 4
25 2
39 3
7 3
5 4
28 3
26 3
11 1
15
3 1
7 3
6 2
5 3
6 2
2 3
4 2
2 2
2 1
4 1
1 1
1 3
2 1
1 3
3 2
100
82 3
81 2
37 1
78 4
64 3
8 2
89 4
87 1
66 2
15 4
100 1
92 3
21 2
20 3
13 1
41 4
41 3
16 3
87 1
3 4
80 4
100 1
70 3
72 4
38 3
45 1
71 2
76 2
81 4
59 2
39 1
92 3
49 2
53 3
59 4
74 3
92 3
42 3
44 1
82 3
7 4
12 1
3 3
37 1
46 2
84 4
98 1
21 1
63 1
62 3
64 3
30 1
58 3
33 1
8 2
65 1
5 4
44 1
85 3
68 3
100 3
9 1
78 3
39 3
77 3
69 2
55 4
87 2
37 1
85 1
60 2
5 2
40 4
42 3
52 2
43 4
16 3
64 1
35 2
46 4
49 3
49 4
10 1
5 3
53 3
91 1
74 2
87 3
17 2
48 1
40 1
48 4
9 2
68 1
82 3
26 4
87 4
95 2
27 1
57 3
200
3312655 2
107245 2
7689419 1
650295 3
4042942 2
3375301 1
8352664 4
6056131 4
7586464 4
3366705 4
9130927 2
7124706 4
8324915 1
6097919 2
2533549 2
7311234 4
3617715 1
740155 2
381295 3
1164239 1
298909 1
373427 1
493201 4
6325301 4
5377071 3
4562420 2
4202993 4
699491 3
2498021 3
9449674 4
9690284 1
8795589 2
4896893 2
8849987 1
6905247 1
5137032 2
9178738 3
1910699 1
6215783 3
4858905 4
6926851 4
7255568 2
2011361 1
3532581 1
810925 4
6914111 1
6612777 4
9925145 3
3815211 4
8956868 3
6390301 1
626850 2
3695356 4
6169196 4
6987482 1
6365229 3
5088221 1
9179717 2
6671293 1
3794536 3
5024458 1
1376028 2
7732707 2
4640958 4
132224 4
2613246 4
1639593 1
5280350 1
8219900 4
1980983 3
6117035 3
9672627 1
7855612 1
1020500 1
9273031 1
3274092 4
9446652 1
6746659 2
5831578 3
392053 3
5256889 4
9539761 1
8776705 4
2866555 4
8937009 3
2564938 4
880793 4
2083819 2
8827167 4
5513852 4
6352190 3
3763698 4
3416195 4
3859475 1
4728335 4
5963517 2
7981335 3
2322589 1
5133543 2
4924985 2
3211866 2
8436967 1
3464676 4
5110419 3
8336649 3
906749 1
973667 1
7123129 4
1361951 2
8979501 3
7090688 4
9949206 1
6692955 1
1136387 4
8100378 4
7259736 3
6322874 4
1947853 1
2475852 3
8217709 3
8917495 4
4931736 2
6204404 2
6214273 3
1185553 4
9608112 1
6835503 3
5319808 2
1577028 2
9882530 3
3548378 1
7682969 3
3901966 1
8561084 4
5325586 2
9682872 2
6021419 1
9708555 2
6605875 3
5191306 1
7646360 4
7662940 2
7932635 1
6893564 3
6158611 3
5919163 1
3500392 1
6483771 3
4958872 2
8060533 3
4360308 4
5790516 1
3255908 2
9436568 2
5817183 2
5115540 2
1363060 4
4869361 2
5873477 2
6513865 3
9666310 3
9847180 1
1157890 4
9300094 2
4664598 1
4317239 4
8247220 1
6501794 2
9511010 1
5200638 4
3045177 1
8794848 2
8541414 4
7063727 2
7023659 3
4564903 3
3637215 2
1905367 2
2602474 3
3099043 4
70731 4
2330818 2
9037202 1
9708224 3
2050661 4
8048894 2
1640063 4
8030893 2
2792237 2
4521815 4
5603023 3
847446 1
3605725 4
5544411 1
7212895 4
8887656 1
5688436 2
3573078 2
3837644 1
6169936 4
200
1 1
32 3
4 1
4 1
1 1
9 3
20 3
1 3
19 1
29 3
3 1
17 1
35 4
11 2
18 1
6 1
20 2
8 2
22 3
3 1
19 4
27 2
29 4
28 4
20 3
46 4
16 1
5 1
30 3
22 2
15 1
2 1
15 2
13 2
8 2
37 4
21 2
32 4
39 3
37 4
18 2
18 1
20 1
19 2
2 4
13 3
13 4
17 4
28 3
18 1
8 3
14 1
24 4
3 3
20 2
16 1
19 1
10 2
7 3
6 2
4 3
29 2
42 4
17 2
21 2
6 1
10 1
4 1
33 3
9 3
23 2
25 4
15 3
2 1
14 2
16 2
5 2
37 3
4 3
15 1
37 4
17 2
8 1
21 4
6 4
41 4
8 1
3 1
9 4
9 4
17 2
20 2
37 3
10 1
17 2
28 4
25 2
6 2
35 3
38 3
12 4
27 3
24 4
35 4
34 4
18 4
8 3
12 1
12 4
2 1
7 2
26 3
21 3
30 2
39 3
45 4
5 4
40 3
28 3
50 4
30 2
25 3
29 4
28 3
29 3
8 2
19 2
20 3
2 1
19 1
28 3
7 4
49 4
9 1
21 2
20 3
3 2
13 1
4 4
19 1
24 4
2 1
4 4
8 4
30 3
16 3
21 4
11 2
31 3
3 2
23 2
33 4
12 4
6 1
7 1
32 3
13 1
31 3
31 3
30 2
26 2
26 2
12 2
27 4
40 3
8 1
6 2
16 1
21 2
15 2
5 1
21 2
40 4
18 1
14 2
18 1
27 3
39 3
3 4
5 4
44 4
24 3
19 2
10 4
12 2
16 1
16 2
18 1
19 1
15 3
22 4
11 4
1 2
14 3
16 3
42 4
16 1
35 3
9 4
19 1
200
6763431 3
4145285 4
1994375 1
1067912 1
3295210 1
751505 4
2438250 1
3777284 3
2312790 1
6327724 3
6722953 4
6718730 3
4945656 3
2970529 1
178954 2
477692 2
3725422 2
296013 1
8164931 4
1276912 1
2745048 1
2702118 4
1484339 2
2539573 1
828961 1
6834696 3
1048308 3
600587 2
1591576 1
469293 3
5982341 3
2650619 2
3877023 2
2201984 1
3893031 2
2445070 3
8745363 4
296647 1
2394838 1
3468164 1
467685 2
1400300 3
708126 3
2942279 1
547717 3
6489236 3
3724626 1
4275140 3
1816463 4
3603423 2
1557126 1
6322184 4
473007 1
3584953 4
1959298 2
9772510 4
8352865 4
3599406 1
5892392 3
7188980 3
8605121 4
9594780 4
2900742 2
1982897 2
148548 1
653892 1
5504916 3
3375363 3
6548899 3
5184197 2
817558 1
799957 3
465285 4
4798611 2
1053616 3
3672126 1
1960482 1
7841467 3
1771409 1
4120742 2
646385 1
4928642 3
1792131 1
2425543 2
4149214 2
1788901 4
1323978 1
2808980 4
2408134 4
1361044 3
4680023 3
192499 4
5892536 3
1822199 1
9245681 4
6802884 4
5459501 4
1306292 2
4004927 2
4604649 4
212721 4
1308377 4
1145437 1
1207622 4
1377282 2
3931243 3
471655 2
7101292 3
2146356 3
981793 2
3532672 2
5708903 2
4108134 2
514975 1
2088387 1
1522927 2
2817346 3
729387 1
24779 4
3557981 1
9825346 4
5309435 2
4417972 3
3355293 2
2208937 4
5523612 4
7004571 4
2570314 1
4995416 4
6972 3
2776606 1
3969717 2
344425 1
5703656 3
773547 1
3536614 1
3853837 4
4636501 4
5470938 2
8039671 4
4740390 2
5448327 2
3524428 4
4656955 2
5827520 4
5929528 3
5677509 2
4084233 2
2544060 1
3764688 1
2030086 1
5883031 4
2617971 2
5687913 4
7105550 3
1768335 1
9378570 4
6576249 4
2607710 2
1261895 3
5089386 4
1826718 3
205795 4
1545111 2
1938441 4
636578 4
2640897 4
3935663 1
3622172 3
3165660 1
2786627 2
4385162 3
7528565 3
2922650 2
3305485 3
326821 4
5362232 2
5237386 2
5073849 3
3808058 1
448221 1
7039867 4
2244101 3
6662018 3
1510091 3
3648545 1
2052144 3
4459093 4
3663266 3
4412505 2
3929964 2
2662832 2
4540130 2
4790320 4
2860458 2
4115472 3
5092911 3
5608989 2
9090601 4
852234 2
200
2 1
4 1
4 1
1 1
1 1
1 1
2 1
4 1
3 1
3 1
4 1
3 1
2 1
4 1
3 1
2 1
2 1
3 1
4 1
4 1
1 1
1 1
4 1
2 1
4 1
2 1
4 1
2 1
3 1
4 1
3 1
3 1
2 1
4 1
4 1
2 1
3 1
1 1
1 1
2 1
2 1
2 1
4 1
1 1
4 1
1 1
2 1
1 1
4 1
2 1
3 1
4 1
3 1
2 1
3 1
2 1
1 1
4 1
2 1
4 1
2 1
2 1
3 1
4 1
1 1
4 1
4 1
3 1
2 1
4 1
2 1
2 1
2 1
2 1
4 1
1 1
4 1
2 1
1 1
3 1
3 1
1 1
2 1
2 1
2 1
3 1
3 1
4 1
2 1
3 1
2 1
2 1
2 1
2 1
4 1
2 1
4 1
1 1
4 1
4 1
3 1
2 1
2 1
4 1
3 1
1 1
4 1
2 1
3 1
4 1
4 1
3 1
4 1
4 1
4 1
2 1
1 1
4 1
2 1
2 1
2 1
3 1
4 1
1 1
3 1
3 1
1 1
2 1
3 1
3 1
2 1
2 1
1 1
2 1
4 1
3 1
2 1
1 1
1 1
4 1
2 1
1 1
4 1
2 1
2 1
2 1
3 1
2 1
2 1
4 1
3 1
2 1
4 1
1 1
2 1
3 1
2 1
4 1
3 1
2 1
2 1
2 1
2 1
2 1
1 1
4 1
3 1
3 1
4 1
4 1
3 1
1 1
4 1
2 1
3 1
4 1
4 1
2 1
4 1
2 1
2 1
4 1
4 1
1 1
4 1
4 1
1 1
4 1
2 1
1 1
2 1
1 1
4 1
2 1
4 1
3 1
2 1
4 1
3 1
2 1
200
1352850 1
1222776 1
2104288 1
3417675 1
2273826 1
2587718 1
259889 1
965841 1
7786051 4
1532428 1
98532 1
2132271 1
3832352 1
3896379 1
1650764 1
3204187 1
2661440 1
3951708 1
2817862 1
444283 1
1352852 1
2533746 1
769997 1
3650530 1
2299249 1
2767815 1
1167001 1
3130283 1
1589247 1
1076410 1
5476820 3
1220948 1
1591253 1
999513 1
1697638 2
3699899 1
203666 1
2580116 1
1978512 1
1698080 1
3572803 1
3846357 1
2267814 1
625241 1
2838066 1
5039696 2
3222827 1
1041769 1
5435699 4
1782500 1
2988141 2
256795 1
2057694 1
365960 1
104306 1
1892714 1
971433 3
1592493 1
2004994 1
921940 2
2590485 1
3586956 1
3772164 1
3420074 1
547369 1
3428057 1
3213592 1
3704748 1
331888 1
2013432 1
1166900 1
3494554 1
696528 1
3896363 1
593776 1
3925541 1
3180499 1
1552384 1
3173741 1
2574473 2
2732758 1
26647 1
610948 1
774525 1
3177789 1
1192589 1
1526887 1
246467 1
2136901 1
247238 1
3069670 1
2469372 1
344161 1
1804295 1
2520360 1
770700 1
3541571 1
2082835 1
3525236 1
2240516 1
1804246 1
1071448 1
2471579 1
2809996 1
1354511 1
3840141 1
2294772 1
1373868 1
2826320 1
2829184 1
3586706 1
1545446 1
1066498 1
1959850 1
1712247 1
23072 1
3120178 1
239464 1
2217583 4
6765 1
3069530 1
7159382 3
1360528 1
3151478 1
558792 1
3552121 1
3723631 1
3038687 1
1476309 1
1056031 1
612792 1
30021 1
3001106 1
3319963 1
2765535 1
2115292 1
357146 1
3580540 1
3131006 1
2029114 1
912885 1
3005289 1
1553384 1
3932449 1
1104359 1
2388202 1
2125048 1
3648183 1
3438549 1
3249613 1
1416003 1
3259164 1
5935144 3
1106884 1
2468994 1
747577 1
1321624 1
3480417 1
2287860 1
2225904 1
110330 1
3792511 1
2224123 1
2497619 1
1390244 1
966158 1
1177780 1
220529 1
1297777 1
4717610 4
8389863 4
420125 1
3886659 1
1168905 1
578287 1
1425704 1
2280401 1
2259388 1
1463327 1
54467 1
2949953 1
1954209 1
3016234 1
1829251 1
2115828 1
3245071 1
1372935 1
3720130 1
2272593 1
3745906 1
2961769 1
1480152 1
105469 1
542232 1
3992000 1
5540192 3
2715505 1
903626 1
685722 1
614909 1
200
3390860 2
4788459 2
4240252 2
7240880 3
2048747 2
5429654 2
167327 3
1202238 1
3954293 2
4544578 3
4930058 2
3083510 2
870011 2
2970865 1
7000487 3
1057185 2
4036026 2
6245756 3
1288635 1
4968983 3
7617050 3
6403955 3
1502045 2
1862253 2
2324978 2
2782130 4
2530863 2
3087195 3
2773420 2
720849 2
685847 2
824987 2
3213580 2
4341629 2
444335 2
687147 3
2824751 2
1684807 3
7089448 3
5862723 2
5644298 3
2306447 2
3713268 3
3707995 3
3090661 3
5145965 2
5005568 2
1244004 3
4581511 2
1521103 2
3433156 2
4347684 3
5962791 2
542508 2
3210972 3
6316967 3
676978 3
3588449 2
1679297 2
3801516 2
829881 3
5248651 3
6869025 3
3150132 2
4822986 2
3712767 3
5510979 2
1854652 2
3452853 2
5046936 2
3134647 2
1076472 3
931355 3
1315549 3
6768985 3
5992937 2
696310 2
3306746 3
4984037 2
1656341 3
2096959 2
7620936 4
5403814 3
820589 2
3399600 3
2700362 2
6352144 3
4462079 2
5975471 2
3752462 3
3260318 3
5720664 2
5065212 3
930323 2
4940061 2
2849957 3
2294303 2
6380320 3
1088324 2
794443 2
967308 2
3914388 3
5808335 3
1569626 3
3566715 3
3828178 2
4493177 2
3152057 3
1408580 3
3017247 3
1710241 3
4615460 2
4407254 2
8386024 4
6303884 3
2264512 3
3261227 2
3516236 2
252741 2
5784797 3
3512844 3
1289986 3
459984 3
7009545 3
3904276 3
1864007 3
2091645 2
2824327 3
7782024 3
1790476 3
669916 3
7099956 3
4111307 3
3499792 4
5074277 2
1172959 2
3464438 3
147511 1
293016 3
2809476 2
1105315 2
526429 1
4039163 3
4931660 3
2183932 3
3301099 3
234954 2
3924815 3
645018 3
364385 3
599683 2
3308048 3
3503377 4
74676 3
1808417 3
972499 2
784283 3
2317880 2
5606152 3
4239765 3
5535480 2
30635 2
4865111 3
5871069 2
3643752 3
1920602 2
5190613 2
3972555 3
7908083 3
6553770 3
275990 2
5886278 2
3152441 2
7988581 3
6869292 3
5288796 2
3274806 2
4637145 2
1438609 2
499908 3
4502253 2
2520357 3
2807315 2
3795414 2
5343604 2
2400525 2
7301777 3
5703381 2
4382864 3
1655979 3
1903008 3
4207338 2
5323003 2
2577986 3
2940976 3
5772075 3
1779892 3
3459232 2
2556096 3
5102640 2
200
2735384 4
8238896 4
8447733 4
3877168 4
725503 4
4167744 4
5750581 4
7722826 4
589970 2
2987506 4
2278407 4
7439828 4
7621379 4
2715759 4
6916820 4
535520 4
561555 4
2672978 4
1064987 4
5416116 4
7049051 4
8266029 4
1200108 4
1318732 4
1628005 4
4042756 4
6167534 4
1587031 4
6102675 4
3021140 1
2635610 4
295733 4
2656316 1
1573093 2
2507901 4
2574975 4
8417528 4
2940268 4
5220282 4
8411007 4
1059988 4
4057714 4
1165062 4
5659059 4
5891096 4
2228823 4
5670506 4
8767055 4
3312138 4
8913752 4
2499077 4
1349944 4
6366784 4
5019174 4
2937224 4
4003593 4
6724838 4
9642597 4
4958135 4
1125522 4
5838588 4
5136942 4
427887 4
8725972 4
3525846 4
7206797 4
1908634 4
3709062 4
6045210 4
654467 4
6999228 4
931643 1
313925 4
5347589 4
4711274 4
8144922 4
8585639 4
3734395 4
2835196 2
2719832 3
4028514 4
5031618 4
543569 3
1037272 2
429807 4
9829675 4
8124736 4
7449925 4
1704472 4
8517753 4
4294662 4
4099956 4
8868863 4
9791079 4
272753 4
7271489 4
6957846 4
153818 1
4990349 4
6762244 4
883877 4
4204485 4
9378172 4
5216199 4
3111687 3
6553067 4
4442612 4
7421384 4
4695022 4
4174490 4
5930687 4
3304570 4
7555803 4
8206799 4
2054970 4
460676 4
4415654 4
8299386 4
5485654 4
1804992 4
9799868 4
5431297 4
1414299 4
4766653 4
8277851 4
4351164 4
485536 4
7332926 4
5753496 4
5048567 4
7851028 4
6564537 4
9681626 4
6000883 4
5616952 4
5409881 4
9388508 4
4540644 4
7482211 4
88934 1
3911855 4
2255604 4
4645245 4
4482614 4
3057333 4
1025855 4
7956868 4
7011533 4
8964647 4
154837 4
6314890 4
9810746 4
9908881 4
4407612 4
4177552 3
3790766 4
7084881 4
4945900 4
7710781 4
3001354 4
5100443 4
4247888 4
1645297 4
1509350 4
9366007 4
5873611 4
1755826 4
3431691 4
7427266 4
6668849 4
1035127 4
2988793 4
9691561 4
9048010 4
3206344 4
5227490 4
7173809 4
3293778 4
3286211 4
145581 4
2863538 4
8281212 4
1507098 4
8118772 4
2807511 4
4147434 4
3003667 4
8058118 4
5009567 4
1517879 4
3709062 4
5196006 4
4111315 2
3374061 4
7702243 4
3658954 4
5261374 4
9770895 4
9106857 4
2018635 3
200
779191 2
381970 1
2764295 1
975320 1
154374 4
3162382 3
3372873 2
2011429 2
602841 2
4499968 3
1282848 1
2194415 3
158175 2
4965734 3
219865 1
443262 1
2170641 4
5699302 2
7617973 3
4648669 2
1269834 2
4920160 2
183622 1
363946 1
4932820 2
5773682 4
1108426 1
1729897 1
974838 2
1469163 2
4176912 3
3968003 3
419513 1
3462126 2
6630197 3
2178896 1
6141628 3
1588254 4
2087334 1
2694349 3
305635 1
2261088 1
1262510 1
3888903 2
353188 1
2969315 2
4475579 2
205220 1
3823625 1
243937 2
9177784 4
2295176 3
1456571 2
3489749 1
2889847 1
2331396 1
4077357 2
179482 1
4117483 2
2660543 2
2696478 1
1285720 1
872685 2
1177322 1
3192824 3
2809688 4
3122956 3
2284661 4
132313 3
4349024 2
4385449 3
2141754 1
1602553 3
1844653 1
1883954 3
2531729 1
3445434 2
624414 1
4261600 3
5320569 3
3222011 1
247789 1
2679428 1
7734927 3
6840316 4
6422534 4
3548585 1
14167 1
1717060 2
3530292 1
885376 3
3586424 1
5636894 3
5510033 4
4207422 2
12449 2
6657348 3
3680846 4
4598109 3
1778260 3
3644849 4
1444821 1
2722969 2
5792744 2
3146226 2
2308250 1
2086084 3
3471133 1
3699591 2
1554526 3
2976666 1
827514 1
1678376 1
2053439 1
2227861 4
5645088 2
2459691 3
3372378 1
3992760 3
3826840 2
1111235 1
5470071 2
2393604 4
1284 1
1518135 2
73305 2
3513532 3
1379947 1
6435310 3
1145653 1
1695507 2
7249484 3
3105492 1
3206935 1
5464245 3
983667 2
2510176 2
4621997 2
4587623 2
3342820 1
2714082 3
5903671 4
3366795 1
5843389 2
1490092 1
1668156 3
3757539 3
688916 1
1332527 2
5639868 2
2876330 1
6730296 4
7772659 3
2825137 2
1713557 1
5239852 2
2994577 1
734172 1
3622384 1
1229726 2
3478995 2
5459670 2
813651 1
3396220 3
5600708 2
2785194 1
1998975 1
5636127 2
3707481 1
1720301 1
932443 1
2411623 1
995388 2
4370661 2
3187191 1
4838444 3
453892 1
6205209 4
2575089 1
4728023 2
1076379 1
701932 1
1368900 1
944056 1
2949215 2
1669230 2
2930100 2
820051 3
2058887 1
2457654 1
3537519 1
1541401 1
1760673 2
2574458 1
3402754 1
3412739 2
9264012 4
2777491 2
5640825 4
9198409 4
200
385733 4
1741489 3
3134779 1
2167818 3
6130188 4
5987700 3
1229675 3
4872664 3
294182 3
4904749 4
47299 4
1621523 1
1843620 4
8453987 4
7985156 3
3310112 2
22377 1
7205419 4
1625272 3
2883261 3
4099826 2
1187867 2
4680229 4
2044894 4
764913 3
787835 2
106600 4
7742621 4
1108954 4
2369292 2
2706312 2
3100313 3
1009885 2
272410 4
4623614 4
399262 2
5178 4
9703490 4
1188027 2
3331496 3
4867569 3
3072220 4
7044423 3
3454081 4
3157280 2
1274233 4
1136582 3
5207504 4
3259092 3
1604849 4
2030193 2
3846482 3
7744417 3
5182214 2
4273670 4
2075780 2
5946081 2
7548321 4
7803098 4
2083682 2
5501753 4
4933400 3
6418544 3
2779891 3
7008602 4
3256238 2
50085 4
896833 3
743736 2
4808092 4
2705428 3
1612803 4
3960082 4
901475 3
52565 2
7064009 4
7274178 3
8234119 4
8305852 4
6828198 4
125761 2
5182354 3
2005186 4
1430108 1
4348376 2
1698052 3
7748426 4
5582545 4
1954503 4
1830753 1
3490517 2
6577724 4
4726027 2
3033958 3
887397 2
5016497 2
1012764 1
443322 2
7859014 4
6986473 4
6523698 4
6998245 3
1254309 4
4636782 2
3451620 3
3451504 3
8964577 4
4299589 4
8943007 4
6105293 4
1733564 1
4291427 2
9306352 4
7441276 4
8022585 4
4687545 3
3328191 3
183283 4
173914 3
807858 2
6872605 4
8581329 4
6767871 3
6148394 4
2144546 4
4919393 3
4393034 4
3700715 3
804842 1
950997 1
1248674 4
3130911 3
3958395 4
1019604 3
2070132 4
1076331 4
2613721 3
1312779 4
398933 4
6024644 3
1066238 1
7224715 4
2198744 2
4627360 3
3171926 1
2738626 4
1614647 1
1718975 3
338899 2
3411899 3
3151096 4
2090902 1
2976917 3
5128296 3
2937177 3
86871 3
1169751 3
1206845 3
2608083 2
1089672 3
2628269 2
300030 2
8377463 4
2348957 1
5745045 2
5720618 2
3190237 2
5317473 4
4008735 3
916529 2
5566121 3
3883863 1
7419330 4
2714626 4
23305 2
5743730 2
5339175 3
527261 1
2498760 1
722684 3
3820063 1
2324904 4
2188003 4
9327609 4
3827165 4
3122267 2
246858 4
3157250 1
9300548 4
3274614 4
3404866 3
55308 4
6975118 4
6541760 3
1093383 4
9568077 4
2774612 3
7381010 3
5852948 3
1533544 1
1
100 4
1
10000 3
