15383
100
997
998
1000
1003
1007
1012
1018
1025
1033
1042
1052
1063
1075
1088
1102
1117
1133
1150
1168
1187
1207
1228
1250
1273
1297
1322
1348
1375
1403
1432
1462
1493
1525
1558
1592
1627
1663
1700
1738
1777
1817
1858
1900
1943
1987
2032
2078
2125
2173
2222
2272
2323
2375
2428
2482
2537
2593
2650
2708
2767
2827
2888
2950
3013
3077
3142
3208
3275
3343
3412
3482
3553
3625
3698
3772
3847
3923
4000
4078
4157
4237
4318
4400
4483
4567
4652
4738
4825
4913
5002
5092
5183
5275
5368
5462
5557
5653
5750
5848
5947
