100
729767 470182044
299592 686574392
566387 766031282
235491 453813405
259186 525869765
138175 705854253
751959 745593130
197952 882231359
60304 710324878
683598 418706157
400610 951042566
11 1
11 0
11 10
11 76805204
11 2
796982 825765259
629682 640686368
270933 824537238
644758 380992063
763992 982278760
760378 752979886
313096 359478476
962560 506506888
126633 617820914
767941 641248117
466432 971041712
316143 272596368
56651 994470241
313647 121123657
528747 845884908
632688 20712854
520654 701667858
299558 84263664
986635 379653463
1000000 738045799
933160 104611506
324121 933379893
200553 582298634
294154 426442342
788010 414245830
602129 958725792
918969 436125285
664648 66190891
273645 676332949
515048 809818909
38601 939345682
364257 205225608
51562 370170156
584972 904127248
607921 764322626
704945 496770521
540584 388217003
206134 417044693
662634 836977287
415762 798224349
328805 246503350
271858 503104638
32496 36448318
562931 45302322
993323 727857010
1000000 411394508
426890 928766230
844929 560946401
42038 233645987
592832 38940845
130250 371942048
301874 84419048
936215 35500754
916738 230056356
491376 786796051
41611 208366355
266852 352551270
627245 838004100
133275 683597161
834220 143226378
314048 944775537
551409 239326771
253777 292592907
839192 127696419
2 1
298973 395051851
446747 762398827
137638 302201718
798415 832754960
623082 437390706
938619 95485198
2 2
213232 164268668
859007 383533601
762884 725053442
655271 357186381
640467 402328116
233333 333333333
445174 316782170
723642 804371224
735470 275338093
969624 384455082
982734 550681652
997197 892147504
