200 200
6 51 81 152 166 174 194
5 6 21 66 161 170
6 36 52 104 150 157 198
6 16 35 102 122 153 154
6 84 105 117 128 145 147
6 32 43 77 149 182 197
6 6 11 69 109 119 139
6 18 32 136 171 175 181
6 29 125 127 136 152 160
6 1 73 78 106 133 190
6 60 67 92 110 114 117
6 18 62 87 97 108 180
6 54 80 88 105 119 120
5 6 25 35 55 150
5 14 45 79 109 168
5 4 70 104 109 195
6 92 150 170 179 197 199
6 5 69 83 86 123 188
6 59 65 67 73 96 147
6 5 19 21 74 107 143
6 16 22 23 91 119 124
6 18 44 66 70 94 109
6 34 108 112 135 148 193
6 2 56 74 77 181 198
6 55 63 81 99 121 181
6 11 83 99 121 173 195
6 13 22 80 116 121 145
6 21 28 29 71 93 159
6 18 29 74 84 103 104
6 41 57 83 137 161 194
6 38 60 105 110 139 140
6 38 59 71 117 150 175
6 4 66 87 95 134 187
6 15 44 105 108 179 192
5 29 146 152 173 193
6 5 75 132 166 168 191
6 11 38 61 64 96 180
6 93 106 134 171 175 199
6 73 82 86 107 150 190
6 16 24 96 125 140 168
6 90 135 138 148 165 168
6 3 10 39 140 144 199
6 7 12 41 115 171 173
6 46 56 63 67 113 186
6 13 83 140 152 159 164
6 55 120 126 136 172 179
6 63 64 80 119 194 197
6 37 48 62 72 91 187
6 34 101 106 118 163 193
5 3 40 127 169 175
6 9 47 101 108 181 182
6 34 91 95 117 171 196
6 5 92 105 114 127 175
6 8 66 84 109 183 190
6 85 120 145 148 151 158
6 39 46 73 92 93 132
6 10 43 87 185 190 193
6 39 99 103 104 148 178
6 79 87 112 123 151 169
6 15 70 96 143 154 195
6 25 47 61 93 120 153
6 32 63 72 93 109 145
6 9 62 94 113 115 192
6 13 23 62 78 101 192
6 4 15 73 108 122 135
6 4 108 132 134 158 182
6 31 66 79 110 123 194
6 31 42 115 119 124 180
6 9 22 71 100 142 165
6 83 99 103 172 187 191
5 26 60 63 94 112
6 17 20 28 86 106 186
6 16 56 65 107 134 141
6 13 49 64 135 165 186
6 7 13 17 57 85 111
6 13 43 73 119 135 137
6 40 121 138 146 162 182
6 67 78 95 131 133 162
6 38 45 59 86 131 197
6 9 98 129 148 155 185
6 22 28 73 86 94 164
6 29 71 107 125 126 149
6 32 86 104 126 164 173
6 27 29 93 97 141 185
6 24 125 133 143 158 171
6 47 126 134 154 170 199
6 8 24 59 75 84 165
5 41 73 78 110 138
6 8 20 35 62 169 182
6 7 49 56 65 85 132
6 18 65 119 149 179 181
6 52 62 70 111 140 163
6 13 57 73 76 145 148
6 35 53 92 111 114 175
6 42 60 115 160 166 174
6 33 38 56 74 96 115
6 6 59 84 120 136 194
6 9 22 69 82 94 153
6 12 39 101 135 153 169
6 11 127 137 171 184 187
6 22 51 77 83 102 197
6 7 56 71 160 166 197
6 12 29 78 110 164 172
6 10 13 44 73 162 173
6 7 23 55 75 84 89
6 29 41 105 173 177 191
6 44 50 89 102 123 157
6 5 25 34 49 61 77
6 15 31 70 177 187 197
6 8 44 65 66 140 153
6 38 73 89 101 116 198
6 6 49 108 132 160 182
6 43 64 67 97 98 174
6 64 103 118 134 161 191
5 34 87 94 100 159
6 15 74 91 99 128 173
6 35 80 88 103 136 187
6 6 17 32 51 59 148
6 51 126 156 166 169 190
6 9 21 63 90 123 190
6 63 102 119 133 136 193
6 1 8 15 36 71 121
6 51 87 144 145 176 199
6 18 50 60 70 146 181
6 80 92 101 102 182 191
6 20 44 85 93 153 182
6 5 13 59 179 188 194
6 45 89 131 145 156 194
6 18 44 57 93 111 159
6 49 111 158 190 191 200
6 30 74 83 91 111 167
6 46 51 52 63 172 185
6 40 53 71 84 109 140
6 20 37 100 128 142 181
5 44 118 121 131 195
6 12 74 107 122 147 190
6 34 44 128 157 184 199
6 52 83 113 143 167 195
6 36 94 103 114 123 136
6 44 71 135 140 154 164
5 51 97 167 176 178
6 51 80 114 123 196 198
6 15 39 51 57 122 163
6 23 40 88 137 182 187
6 47 95 114 138 176 180
6 24 77 92 102 143 191
6 54 114 135 140 164 174
6 24 95 127 142 168 174
6 61 75 78 118 163 182
6 11 58 60 84 97 195
6 45 97 102 106 130 174
6 33 118 120 147 184 200
6 91 124 168 185 191 197
5 65 126 130 143 167
6 9 61 68 157 182 187
6 52 70 79 103 168 174
5 23 56 97 114 199
6 15 52 106 156 166 176
6 21 41 57 90 146 183
6 23 43 155 173 187 200
6 33 37 98 155 168 196
6 48 83 85 120 151 175
6 3 27 47 62 81 167
6 2 23 26 43 57 114
6 68 69 73 100 123 168
6 27 36 60 72 140 145
6 23 26 38 70 144 157
5 98 107 132 153 159
6 4 68 154 155 161 176
6 29 40 66 97 144 168
6 11 67 126 150 165 200
5 69 72 94 144 187
6 34 76 94 152 163 200
6 82 106 147 192 195 198
6 14 26 27 92 123 182
4 21 51 87 102
6 13 38 51 81 158 181
6 14 56 90 107 174 175
6 32 45 82 85 99 126
6 31 40 59 109 113 139
6 4 30 60 118 132 147
6 11 20 40 159 161 182
6 14 24 56 131 188 200
5 29 30 74 114 145
6 19 58 111 132 171 197
6 26 31 50 157 168 178
6 132 137 139 158 171 176
6 14 143 158 166 177 190
6 35 90 97 126 159 188
6 89 93 99 118 131 199
6 71 101 115 132 134 167
6 10 36 45 105 109 168
6 10 21 125 139 144 178
6 40 76 84 97 166 186
6 3 95 99 111 165 182
6 6 66 92 128 196 199
6 36 77 81 86 104 139
6 53 60 102 111 116 178
6 12 65 97 100 116 173
6 30 77 83 86 96 125
