200 200
3 54 150 154
3 52 126 175
3 22 145 176
3 87 94 160
3 18 20 113
3 15 39 52
3 77 102 179
3 68 77 189
3 138 153 176
3 66 97 137
3 50 119 144
2 94 102
3 19 47 116
3 75 133 195
3 88 95 151
3 1 3 133
3 15 35 79
3 112 147 193
3 64 84 181
3 21 157 160
3 10 23 165
3 58 111 141
3 35 77 157
3 72 90 150
3 25 40 159
3 42 119 160
3 52 121 174
3 67 86 167
3 148 151 198
3 61 105 172
3 21 128 136
3 30 69 194
3 70 103 141
3 53 98 141
3 77 100 188
3 27 60 196
3 33 47 69
3 133 190 200
3 56 130 148
3 7 53 191
3 11 178 180
3 41 48 114
3 107 150 182
3 3 79 176
3 66 79 117
3 16 75 93
3 75 121 162
3 54 108 152
3 7 108 183
3 14 56 173
3 108 184 192
3 25 87 105
3 7 11 134
3 84 85 187
3 86 103 151
3 44 119 165
3 6 39 194
3 102 157 160
3 10 13 164
3 65 177 195
3 168 169 172
3 59 73 152
3 84 177 192
3 70 76 183
3 68 161 173
3 19 92 126
3 62 85 164
3 68 123 187
3 24 135 196
3 61 130 188
3 32 98 165
3 50 90 133
3 6 26 82
3 8 89 158
3 76 119 158
3 44 94 131
3 7 22 156
3 23 106 130
3 47 65 93
3 34 88 194
3 92 149 199
3 131 141 180
3 70 136 166
3 24 152 174
3 49 109 182
3 27 113 142
3 70 98 134
3 40 77 120
3 6 132 167
3 1 20 70
3 64 168 199
3 129 148 156
3 18 65 96
3 62 89 169
3 36 71 78
3 85 105 183
3 27 116 175
3 51 124 155
3 43 57 87
3 10 107 127
3 10 74 190
3 8 21 146
3 39 41 137
3 1 7 103
3 85 89 139
3 23 160 189
3 49 142 163
3 14 57 172
3 12 15 71
3 24 99 197
3 5 33 187
3 41 78 132
3 99 173 177
3 75 137 177
3 13 66 144
3 25 28 35
3 17 84 166
3 23 55 180
3 35 70 193
3 63 94 133
3 60 127 137
3 15 46 167
3 113 143 177
3 50 120 149
3 24 185 193
3 10 21 37
3 37 72 175
3 17 155 198
2 10 32
3 73 79 165
3 101 132 172
3 98 115 177
3 28 65 153
3 7 77 102
3 70 125 126
3 90 111 161
3 32 120 127
3 95 144 187
3 93 153 196
3 25 75 124
3 47 89 156
3 132 145 189
3 9 85 104
3 15 131 187
3 8 112 141
3 51 73 77
3 105 167 171
3 65 91 94
3 37 86 157
3 81 161 190
3 7 14 169
3 151 158 169
3 61 101 159
3 174 186 191
3 114 173 199
3 75 84 165
3 42 136 156
3 60 135 200
3 151 157 172
3 37 38 161
3 7 174 197
3 3 143 164
3 25 44 153
3 16 30 112
3 2 14 85
3 85 88 199
3 41 129 164
3 64 99 101
3 35 51 99
3 56 88 196
3 84 94 170
3 86 100 112
3 39 63 156
3 87 151 185
3 35 102 186
3 34 71 116
3 3 112 198
3 12 97 132
2 63 196
3 31 51 150
3 26 33 144
3 44 119 195
2 107 158
3 62 108 193
3 47 95 143
3 10 32 177
3 13 103 174
3 14 71 145
3 25 66 140
3 88 117 170
3 37 61 196
3 70 104 191
3 10 98 189
3 3 147 160
3 6 54 98
3 37 108 197
3 120 140 173
3 65 147 153
3 5 18 178
3 65 83 175
