150 150
13 14 24 52 72 75 89 90 92 108 121 128 131 142
13 10 18 29 35 36 41 60 68 83 102 107 137 140
13 22 31 45 83 91 94 96 98 106 113 114 117 119
12 2 22 34 46 66 69 80 89 108 116 128 130
13 3 8 10 46 59 67 70 75 90 106 120 137 148
13 3 7 31 36 40 42 51 62 85 88 90 101 120
13 9 25 27 28 40 48 84 97 100 101 109 116 131
12 2 8 20 34 52 64 69 94 109 118 137 147
13 20 50 65 92 97 111 116 117 119 120 126 139 146
12 37 46 54 55 80 103 113 121 140 144 146 148
13 17 40 51 54 67 82 86 92 93 107 117 148 150
11 4 33 46 47 117 119 132 142 143 149 150
12 35 47 55 71 82 90 112 120 121 122 125 139
13 10 13 18 28 44 49 56 58 60 87 122 129 140
13 5 24 31 46 51 55 65 75 92 100 131 133 145
12 34 39 51 78 81 88 98 110 114 122 134 138
12 13 18 39 45 68 76 92 94 95 107 113 124
13 21 22 35 37 41 43 49 91 93 109 132 137 149
12 5 8 49 75 76 88 102 105 113 119 126 142
12 6 23 32 65 67 80 98 101 114 121 125 142
12 11 21 42 53 61 69 79 86 90 114 115 123
13 12 14 24 28 50 51 55 83 87 92 114 115 118
13 3 4 13 31 59 83 85 96 101 103 128 144 149
12 41 51 59 65 90 100 108 111 113 122 133 141
13 13 16 18 50 54 64 88 98 102 115 119 123 124
13 22 39 43 44 48 89 93 100 104 107 121 132 137
13 4 12 35 52 53 80 90 109 120 131 132 141 147
13 23 37 60 61 72 85 94 103 116 119 137 144 145
13 19 21 35 37 53 73 84 91 111 116 119 125 148
11 5 9 27 31 59 101 118 125 135 140 149
13 10 12 31 56 62 69 70 71 88 89 105 128 141
13 3 29 53 57 64 82 84 88 96 112 114 115 149
11 21 32 38 63 73 75 103 120 125 131 138
13 11 15 20 25 45 78 82 94 109 125 132 133 134
13 14 21 44 70 82 90 108 111 128 134 141 143 145
12 14 45 83 87 90 93 95 103 116 125 134 139
13 10 27 35 44 69 77 78 80 87 93 95 109 137
12 30 34 39 41 48 54 73 74 79 129 131 146
13 6 17 20 33 43 79 83 88 96 110 113 122 137
13 22 25 36 46 59 70 84 93 95 98 119 123 143
13 6 10 13 39 56 67 75 78 81 115 123 127 137
12 9 13 23 25 30 45 66 94 103 133 140 149
13 13 35 45 67 72 83 90 107 117 121 125 145 150
13 5 30 70 80 83 90 92 101 112 114 126 132 137
13 9 21 37 38 43 65 68 70 81 88 98 110 136
13 10 13 32 57 58 90 93 94 95 108 109 113 148
12 5 8 18 39 43 45 53 85 88 108 126 134
13 1 38 42 59 70 81 94 121 122 124 131 135 147
13 2 5 41 65 76 90 91 95 102 119 121 138 148
12 11 27 32 42 60 79 82 108 112 126 136 138
11 8 35 52 63 83 94 96 99 101 132 150
13 15 45 57 58 73 84 89 98 99 100 128 129 133
11 6 65 69 78 88 111 122 126 130 132 150
12 15 24 42 50 56 63 94 99 114 116 124 149
11 4 20 48 63 86 87 88 97 111 143 149
13 20 21 38 41 67 74 77 98 100 107 121 132 136
13 15 27 41 46 63 75 78 82 104 117 119 126 143
13 8 36 53 55 68 81 83 97 103 107 133 138 140
13 1 16 18 24 30 32 43 88 106 108 110 136 144
13 5 38 48 51 58 79 89 97 103 120 125 137 143
13 15 19 25 30 44 45 60 66 83 90 92 102 137
12 39 46 57 61 103 105 109 119 122 128 135 140
13 10 14 33 38 54 68 82 99 101 106 126 135 139
13 1 16 35 59 69 83 105 115 117 121 128 136 139
13 17 21 25 26 27 29 32 34 58 62 79 94 122
13 11 20 35 49 50 83 94 109 123 125 131 139 150
12 24 26 33 43 69 96 102 118 124 127 147 148
12 13 19 31 37 43 54 71 83 86 102 131 142
13 15 18 35 41 61 65 67 84 91 95 98 118 139
12 21 33 51 57 61 70 87 93 103 106 107 147
13 1 28 31 32 33 50 72 87 97 99 117 118 130
13 9 11 13 34 42 61 63 67 69 74 75 111 126
13 1 18 45 48 79 88 93 100 104 114 120 137 146
12 11 12 20 23 24 64 72 85 87 89 99 120
12 21 35 64 83 87 107 114 119 126 135 138 143
13 2 7 13 19 21 64 65 89 90 102 111 140 147
13 3 11 24 25 28 33 35 48 49 70 82 122 143
13 7 12 55 58 62 65 95 105 110 115 119 120 141
13 4 7 16 21 23 28 40 43 48 75 83 133 137
12 32 35 36 55 68 71 73 76 82 116 127 144
12 28 30 33 36 48 63 66 96 111 113 133 140
11 2 49 70 79 101 102 129 135 137 138 145
11 24 34 35 52 57 62 75 110 134 147 149
12 5 23 53 57 66 72 92 117 137 141 142 147
13 4 31 34 55 58 77 81 82 85 89 116 133 140
12 46 52 55 59 74 92 109 121 134 138 142 145
12 4 23 26 39 59 66 77 84 108 120 136 147
12 4 26 39 40 46 72 82 100 123 130 131 144
13 1 17 26 41 64 79 86 94 103 106 112 120 146
12 11 14 70 73 92 94 106 109 113 132 144 145
12 1 6 8 12 19 36 52 78 94 95 112 117
13 2 10 19 30 45 56 75 81 83 102 125 135 149
13 1 13 45 46 49 52 63 83 85 92 115 140 144
12 21 42 55 57 72 84 90 91 96 121 147 148
11 17 41 54 55 65 93 99 105 114 140 143
12 3 26 27 28 32 39 69 87 104 111 113 117
13 22 34 47 57 73 83 84 85 88 102 137 138 143
12 4 15 20 53 80 83 86 92 105 114 126 132
13 1 13 34 46 71 75 83 84 102 116 131 132 145
12 5 23 37 45 55 58 70 76 82 90 125 142
12 27 52 57 72 77 93 97 98 123 131 134 136
12 4 19 39 48 49 50 58 70 85 93 108 132
12 8 21 24 40 48 81 97 98 100 131 145 148
13 21 22 39 52 54 71 72 78 102 116 120 126 132
13 11 39 51 56 58 60 63 67 96 106 117 129 147
12 9 13 14 25 47 56 115 126 134 136 145 147
12 1 14 57 69 77 78 91 92 109 112 135 147
12 45 59 64 72 81 87 92 103 105 128 133 137
12 20 55 56 58 69 70 71 83 111 117 120 144
11 10 16 29 43 65 66 83 88 96 108 147
11 19 43 45 52 67 83 106 111 116 133 145
13 18 22 24 30 38 46 57 69 73 78 83 126 136
13 2 19 22 59 63 64 75 84 92 106 126 134 136
13 16 30 34 38 53 54 75 82 130 132 134 145 148
12 4 19 44 84 91 95 110 113 115 116 130 131
11 9 34 49 58 64 74 76 83 103 121 145
13 14 17 30 51 53 64 73 90 93 107 110 117 143
13 6 8 29 33 40 50 77 103 108 111 124 130 150
13 4 11 21 23 31 42 80 85 91 114 121 124 141
13 6 35 43 51 58 63 76 84 104 108 127 144 150
13 9 10 14 46 62 70 81 94 102 107 111 135 149
12 5 22 31 54 55 69 76 87 98 99 129 134
13 5 13 15 24 33 50 95 103 106 120 121 147 149
13 10 21 25 26 31 38 46 80 83 99 106 111 142
13 2 14 25 28 47 59 76 78 81 111 114 125 133
13 3 5 25 32 42 72 73 77 97 108 134 139 145
13 15 16 24 30 39 40 64 94 105 110 112 119 137
13 12 30 37 44 49 68 86 114 115 126 129 138 145
12 13 28 36 60 83 84 89 96 110 123 133 146
11 10 15 26 55 59 66 71 74 83 107 110
13 7 39 46 62 63 66 74 76 81 90 102 118 134
13 8 38 48 52 75 79 81 112 113 123 134 148 149
13 41 48 56 62 72 77 96 106 118 123 128 140 145
11 2 15 22 54 60 81 100 117 118 119 134
13 14 20 30 36 47 51 69 99 102 118 132 137 146
13 5 7 14 28 32 48 69 74 95 101 131 132 139
12 5 50 72 84 85 86 104 106 119 135 136 149
13 1 16 17 23 36 41 71 84 117 118 136 137 148
13 6 10 12 48 64 85 99 112 125 129 130 141 146
12 5 33 36 80 106 116 130 132 134 139 147 150
13 9 35 41 50 52 75 101 121 123 127 132 133 148
12 16 41 48 60 67 72 88 100 110 138 142 145
12 4 21 30 37 85 87 92 96 105 133 136 150
12 28 39 56 61 91 102 111 123 131 132 141 146
12 8 20 42 53 62 68 71 77 99 101 127 138
13 3 8 19 20 30 35 37 38 63 119 131 134 142
12 32 67 70 93 102 105 111 120 129 130 137 149
13 29 31 41 44 49 57 73 75 99 107 110 117 144
13 15 32 33 40 51 52 53 72 74 114 119 141 144
13 10 14 42 48 49 85 89 93 103 105 117 119 144
