10000 50
1075 1076
1025 1015
1052 1042
1088 1073
1086 1096
1055 1049
1101 1094
1095 1091
1034 1046
1014 1029
1009 1032
1065 1089
1037 1042
1007 1023
1110 1096
1045 1034
1027 1028
1054 1044
1004 1021
1033 1050
1024 1049
1075 1079
1074 1064
982 1002
1089 1098
1021 1031
1022 1037
1047 1033
1064 1061
1102 1099
1028 1036
1038 1031
1096 1084
1011 1034
1110 1093
1019 1023
1061 1085
1086 1086
1092 1073
1070 1060
1041 1021
1006 1002
1004 1012
1049 1038
1086 1092
1020 1031
1078 1072
1096 1093
1027 1038
1052 1062
