10000 10000
6369 38
2580 3186
8952 3649
7909 3106
1531 4838
1127 1431
1190 632
2078 3677
6458 9082
5007 9049
8463 1533
7033 4836
5701 9688
6323 2304
5861 7134
5921 6291
3128 38
4143 5667
4418 6687
7508 6877
2979 559
7114 7719
2783 6627
4417 3580
2170 5561
7334 3294
155 5537
2624 6811
3852 6324
5466 1883
458 5353
2195 1928
2209 433
7105 2280
7776 8829
9284 7008
8518 7362
396 3479
3031 3245
9370 6874
8450 315
4903 1825
1909 372
1753 3368
629 4305
1723 4410
4045 2679
5295 1872
6431 496
4853 8724
3447 5795
5412 4082
1046 6788
3813 8553
184 7222
2314 7033
5773 4648
7506 6123
3305 1291
502 8371
1586 2201
9338 507
5028 380
9506 7879
3928 3566
3586 2264
6165 2370
5880 5245
8773 4439
3016 4344
2803 4355
6441 4092
9929 3930
7747 9235
4231 2607
2765 2247
7589 2649
5370 2359
2126 8786
6926 8266
8143 7043
2316 1724
976 2397
8489 4206
5223 9981
6470 3819
9762 9506
2755 4652
2017 7591
1045 5765
4891 7698
248 1986
4819 2343
9690 3714
4370 7288
7463 7914
7833 2388
2864 7492
3239 8785
8852 1236
9231 7143
5452 1506
250 6598
71 1874
8453 9126
5629 1885
5799 9000
2471 1140
4767 2044
4981 9881
1102 4341
8839 8266
7070 5126
9869 1521
8624 3503
392 3168
4944 3713
4050 3498
3766 8617
5017 5482
961 6090
2542 5325
7784 8018
6765 9825
4236 6572
6738 7735
1978 7463
6591 7326
5235 4846
779 7322
3118 7585
4350 3399
1824 1547
9168 7446
121 7611
2035 1762
6581 102
5639 5381
1985 5314
8273 4716
5344 4814
3269 5709
6968 3232
4064 9664
7022 5196
5854 9971
3015 1126
9774 1886
4643 6558
519 2569
9440 4691
3378 3565
7663 6844
1586 2909
9855 514
9953 9054
5521 9715
5696 3800
6351 7291
2418 6409
2440 3890
8170 6107
4924 3284
3527 5151
3486 8726
630 9645
2160 30
9112 300
1871 6058
9866 328
3159 2308
2574 2642
7506 8285
7951 3570
720 4345
626 5254
6808 2702
3611 3931
5767 2277
286 6278
3752 2090
4840 1015
9030 2865
7115 7944
2182 1552
2769 1621
3975 8447
4717 1844
9355 1595
6780 8140
982 8160
5472 455
758 7469
877 3204
2778 5391
2536 4911
6152 4754
1302 582
1113 1493
3079 9031
6883 1193
5400 2332
4693 5746
2776 9586
4435 4779
1740 2197
8355 1566
1554 2829
235 8092
1479 5254
3504 8968
580 7261
6707 8884
979 3814
9784 3275
506 2662
9576 6913
5678 9568
8015 80
958 5360
1425 7035
5203 1986
4370 6456
1280 9756
6497 8533
9740 2968
5802 8418
2529 6097
6753 706
7649 7739
6728 4636
712 4498
9174 4706
4332 1998
6957 6389
1281 5217
4315 1622
2352 5319
869 3783
4874 5181
6113 6817
2797 797
7844 8211
4310 753
2940 513
7901 948
3946 1059
2827 6762
9904 4628
4905 9854
4846 8673
3577 1772
2412 5861
1182 1568
8 3566
370 9607
967 5031
600 4755
8115 1879
9659 7126
7226 2656
1136 3595
3750 7095
3790 8242
1304 797
3751 4932
5323 9998
5492 4202
330 1138
2502 1667
4257 4883
3614 104
8251 9325
5907 2416
5411 2017
127 7673
6884 5552
9570 7396
8763 6354
8356 4287
8225 1394
39 586
2340 2490
2479 8247
8001 2897
9931 8116
6395 5876
8268 300
474 9911
4294 2919
8841 284
5077 1416
4501 1677
8228 5631
1924 1509
9090 6809
831 8664
5748 1738
162 7336
7810 6209
664 650
9903 4972
9516 3751
5802 390
5456 1065
4148 6965
7825 7399
1684 3939
7974 7574
4951 3141
6482 4295
6371 4281
4597 8911
5670 4869
3367 4790
2566 6953
8874 7967
1664 7860
7026 4774
5502 7128
6330 1124
6665 6817
2098 3144
4936 7386
514 3845
390 6329
5998 5512
8389 1740
313 2506
7410 8023
6845 4164
5639 5907
8499 2482
7272 3964
2642 4275
4464 3833
1538 2488
5858 6300
1706 6366
7633 468
643 5156
8009 3161
4347 5020
1148 785
4079 3879
1387 808
5799 3836
3738 5059
717 5894
1597 2032
396 6646
7599 384
4840 1618
8551 803
7009 4973
388 8454
2197 233
4086 3167
5717 1742
8464 9578
7309 1523
830 4392
5743 1244
1381 2962
2020 3961
2323 2374
4631 5341
7629 3225
5305 9041
4379 7277
8677 5933
1627 3178
4325 1869
7709 7437
4606 3665
1966 2844
6729 7996
1781 1509
2506 2890
899 4731
4212 6504
9945 6862
3 2878
5087 5361
7315 9343
5792 4235
7694 5280
7586 3036
1486 6916
781 8627
5827 7836
1093 1867
4378 9915
3096 6451
2227 4337
2438 2044
4410 7408
7770 8931
1479 836
8322 6360
565 1175
8051 1751
5358 8110
2317 2988
3453 6289
8016 951
4504 367
3101 4499
7607 7962
6442 5076
1359 213
3952 3139
5042 4621
1921 3580
4341 9858
3493 2352
63 7248
9229 1465
3276 8579
7682 4553
5312 4967
6941 188
6075 6431
3053 5149
9078 6880
6298 4805
6668 4206
1212 2819
3852 149
1330 7367
4182 9648
4573 6030
6128 4337
212 6578
3370 9908
3357 5815
7461 1991
7894 3681
6288 263
3830 4794
6770 5476
9958 4617
5231 9068
7798 2450
3893 67
7742 8417
6908 8972
3345 6650
4393 3281
4700 1852
7874 4381
6829 1420
5610 462
4029 333
1206 5162
6122 968
3968 6618
7527 5058
4438 6612
5105 9957
3531 4509
5715 6412
8737 5661
9407 29
5801 8979
9204 3613
9334 3341
3398 2577
782 7547
1309 610
7203 3489
8433 7772
9277 7237
1922 8236
1991 7715
2340 9832
6446 7669
2621 2602
6200 6607
169 8548
6612 393
3047 9748
610 7197
6178 7057
9313 4473
8512 6540
966 6667
7077 5866
6607 8327
8872 7818
5907 2316
6521 3125
1630 7809
8642 9797
6139 7764
853 1149
8394 549
8365 9711
4872 5419
6093 9193
2850 6532
7226 1716
9496 5183
6184 2476
5186 4945
6920 9038
4512 9417
2480 7453
3386 7251
6774 2367
5711 4150
4494 3338
8030 6532
108 4512
5604 6539
1882 9881
8355 3076
1853 1291
103 8583
7695 1387
9553 6208
7422 8689
6446 7081
2862 6991
1332 2377
2826 6251
2384 9843
1938 7183
7715 9495
6036 6727
6604 8154
94 6580
8099 7522
9608 1982
412 5480
1362 2948
9558 5298
4545 5130
663 2435
8121 2480
396 3635
5416 8943
3939 7987
1845 1314
4956 4649
6723 496
1980 6920
5094 3310
9669 7345
517 2066
8361 3546
4753 4072
364 9459
5268 8277
6428 1668
6529 1223
821 5535
5980 9505
8469 785
688 925
2572 1268
5556 1519
6152 8557
9054 656
5962 4088
7421 1386
2199 9518
3245 8233
2449 9996
9385 9615
3317 31
4165 7083
8160 6647
8761 8559
4380 9505
2752 7769
8697 2691
8733 7059
3856 7850
1965 5763
5189 3354
5971 1345
487 9194
29 5467
1600 2279
9500 2188
1222 1839
4925 489
3281 9607
820 8290
390 4476
133 167
6775 6316
5265 5940
137 8642
1626 2339
873 4807
4630 4910
2101 7433
6109 2372
8919 5738
1031 601
344 467
514 8429
2362 1111
2025 2446
5529 5090
2740 2996
5563 3608
6977 8553
354 3841
3649 657
1849 2177
4677 6609
6227 8161
300 2112
819 3868
2208 1026
1199 8355
452 4456
6895 1918
5061 6336
9142 9803
8298 7702
9131 90
8504 6847
179 5418
1460 7548
2265 3252
200 2534
2365 4363
9231 4409
9026 4224
4072 1193
4615 7005
2070 8686
3684 6851
5422 6834
883 6131
2338 2288
6862 5349
7295 4336
5596 4406
6296 6409
1582 9888
8102 339
327 8086
7344 5551
579 8425
480 397
1731 6979
513 7794
4847 4793
1417 2374
722 653
8211 1323
3450 3037
3612 6095
2901 899
7209 7200
4573 7998
8096 9239
238 443
6890 8387
7829 2152
8099 9495
4002 7905
8737 5021
7811 8691
4166 2955
8938 9012
7074 5937
8902 864
527 8762
8702 4055
1061 6439
1322 7561
2709 14
2533 1606
7938 2328
8439 5149
6408 907
3190 8472
7511 170
5320 5554
7604 135
6126 5912
7899 3823
8539 607
3928 539
9922 2095
2527 7212
7229 2618
7281 5005
7964 811
8363 3348
5386 1221
7700 8614
1375 6431
5416 9604
5427 6455
8474 7037
3191 5121
7472 9237
2993 8102
2513 1188
3794 2301
4095 9165
3003 1272
9964 8116
7592 6356
3859 3985
6958 8239
7081 8161
946 8596
8846 6251
1499 6528
6336 8348
1350 9468
391 2996
8208 3250
7793 2034
7865 1019
6065 8504
4667 5687
1722 4813
2791 5603
7927 3336
6756 8132
2466 6655
4605 843
2009 9601
2214 4968
3559 313
2136 845
9063 2480
5442 12
4092 5967
9993 3656
6550 8003
3557 2093
6332 2124
5249 4974
1884 7064
3693 6895
4588 2765
5369 8112
6923 5706
1566 5037
5328 744
7390 207
3712 1633
1265 6414
8547 7437
8349 4682
1475 6993
6320 780
383 8642
6964 9955
4858 7394
1997 4583
6987 6723
6565 4403
3419 7181
8857 4054
9637 9012
9270 7570
2372 961
7560 4543
1105 2457
1419 7630
4579 1372
4918 6100
3277 4520
250 5096
3791 3110
1205 5315
6020 324
1832 2782
9143 3203
8705 3406
7295 6053
243 2016
891 7529
1519 549
4529 8603
7997 5096
7411 3597
6624 6469
7229 1474
7730 4006
3436 9564
6169 7273
853 6924
5124 5374
9549 9512
1039 8538
1922 4365
3089 1684
2928 4970
5653 4645
4391 5012
7194 8736
9334 2690
4021 4365
7265 2783
2342 9359
6358 8665
7052 2700
3466 1443
706 3368
7908 8410
1100 8959
9952 8007
904 3780
9955 3476
7779 1104
9079 2387
8429 9272
7524 4234
5010 6330
1225 3288
7334 2891
2936 8889
9329 7902
8653 363
3154 7016
5300 8761
9443 8242
629 2602
7090 4572
1257 9802
1030 8266
9790 2989
1439 6486
6968 375
2799 2965
9760 9394
6270 5399
1361 5272
3791 3248
4017 1728
7360 5632
621 5994
1934 4021
6013 5335
5369 9389
3931 7267
3852 8529
537 644
6267 9223
467 9822
5912 8937
6335 9067
3024 6746
7637 9414
6537 3169
9977 5146
8527 7592
576 2097
9754 7992
973 4954
9769 2622
2887 5750
1 8356
8142 741
3275 5391
8632 7845
8185 2973
7227 1834
1782 5855
5578 9474
8982 6158
9762 1785
2168 335
9684 5624
9392 5915
3194 1768
4634 7727
846 1695
8548 8272
2243 231
3132 1959
9891 6278
8765 7863
1525 8789
7043 710
6815 179
7851 4772
9415 4378
4112 363
277 1688
2654 7612
3170 7651
4621 7220
8345 8106
3874 2864
5287 7626
6823 4962
480 3518
2113 462
1130 2584
3621 8361
787 2814
5183 5630
7791 7219
499 3239
2500 1967
6656 6967
4209 6037
4696 2681
3729 4553
5675 783
2537 3002
5644 9494
4450 4522
8002 1684
759 7435
6640 4918
4748 5229
8329 9412
6558 6165
7781 3591
4308 4701
3828 1926
2432 1924
142 4753
3158 7164
8957 4740
2065 7997
1204 9712
3663 812
1517 6508
7936 9122
1536 5555
3764 1835
9953 863
194 8635
2724 5106
1470 4693
1910 4499
6773 1872
6551 3139
605 8633
4041 1510
4758 5813
5425 8837
7796 470
3056 3974
3001 4986
4060 4508
713 3607
8030 8788
5994 3612
2406 537
7569 3306
3958 758
8977 4003
9829 6607
7855 8216
6559 1932
4315 1212
540 9153
4335 8144
8330 7184
9108 3931
272 5074
6287 8080
5850 6056
4061 1640
4216 1698
3998 8467
8339 837
3602 8003
6195 2987
4504 1730
7456 904
7247 520
9095 2003
8580 5042
8361 3306
2219 6423
6548 9615
8988 9354
2013 9598
7313 4825
5857 9464
9964 4668
8730 8933
8018 5119
2178 9170
7962 1555
2989 7389
2877 1625
3951 7795
3646 8934
9485 3565
1111 4490
9575 9554
5133 8092
433 408
1481 6837
5344 3776
2486 2960
4124 3304
2409 8161
4623 1112
3451 6635
4728 4413
3342 3978
8277 6001
456 4154
3350 3254
7374 1725
6352 5377
8850 1516
336 3542
5106 2909
1006 3633
6395 957
8825 6274
9770 1501
685 3828
4006 2475
9555 9062
3592 8591
5558 5152
7750 1598
6917 1725
5410 3281
4191 6633
2080 3413
6261 8119
9544 9834
1481 7101
4335 2838
2450 4225
5910 1076
7833 1400
474 1142
9665 2487
1386 8042
9591 2843
2076 8724
2458 2394
2433 5873
717 1931
4577 4133
8058 7320
8963 5969
5723 1306
6763 9341
9928 7606
9448 4382
3846 6968
1515 1268
2566 9899
7298 6467
4483 5734
7798 9555
7558 2739
8471 7782
3867 8946
3905 587
892 8388
341 1234
2996 2436
1948 7769
1501 924
1819 479
6819 2738
3601 8044
1076 575
4716 9568
4657 9542
7092 4672
5117 4299
6361 8848
1890 4412
5445 6250
5238 2629
3472 7111
2880 5744
5972 1987
2723 2753
7267 9990
5157 9976
1017 3227
3329 7850
9837 4607
4847 9052
9944 1222
3344 2679
1757 476
3347 4130
2386 1157
6885 5413
961 6645
5262 5543
2728 2422
4460 5725
2852 5100
7579 9013
5859 5134
2770 9125
1673 411
98 8109
4156 2914
5762 7544
3122 5630
7115 2959
5732 1909
6934 6171
8225 4441
347 5210
3924 6063
2893 6539
8442 9557
3115 9240
8038 8645
8155 5863
2047 7368
5770 9620
5340 19
1206 2621
1734 8842
2380 4823
4299 1666
1798 8395
3494 6671
8649 7183
9077 6464
9511 5953
6723 8670
1108 9112
5275 5204
3555 3588
5596 7428
7535 5556
6921 9369
3825 5702
1682 6200
8640 2707
4715 153
3204 9643
7810 1064
997 2964
5521 3738
1120 8789
3188 9313
1214 6146
3106 2816
8352 1888
9769 4104
1375 6949
138 4361
3079 8639
9867 5360
5709 8660
1422 3657
8190 1532
5029 6917
8529 3118
8398 4563
9838 3931
6146 9919
3402 6921
4877 6048
7240 4412
4826 2472
3587 3894
4039 4954
3741 7348
6004 5538
3711 3793
6673 5026
9108 9744
1818 5086
2699 7269
665 2179
3091 4326
6719 488
7952 7080
1748 6032
228 8874
3841 9171
781 5550
5489 7669
5896 1807
2620 7512
3083 8279
532 3672
3620 4024
7657 7990
5272 4109
3091 6388
3623 6984
8838 2578
5458 1327
2692 459
2634 7047
2702 2401
9878 136
9163 5589
4943 6056
5055 3625
4574 1354
881 5569
4703 8176
4839 9611
8325 1387
4259 3555
9487 2976
9250 9313
6825 3430
4492 3586
5091 4770
106 1925
8111 4935
7548 8359
1591 8199
1459 7779
9246 1317
3408 3255
646 69
8468 5494
4249 5918
561 6607
4050 7436
7513 5377
3271 6218
1747 6230
3545 1942
7564 9068
3026 6292
944 2189
1865 401
2797 5440
8474 5527
1617 5827
5049 1636
6462 2746
5747 3579
6205 5033
5992 9562
5997 7019
6327 1582
6865 5771
9251 2526
9401 6720
2484 9615
7465 9850
7098 8890
2847 3639
3945 409
6825 8948
6826 8868
9551 36
5832 9307
3209 4886
9304 2612
9885 2047
7838 478
69 6153
8781 4546
2753 9331
4655 9375
3036 674
3940 3956
8198 965
7659 1449
8160 4842
204 1823
1277 7595
7834 7106
1406 8781
3290 3908
7174 9835
9957 2923
9394 7880
4016 91
7568 2914
8023 9104
1394 559
4350 9954
8251 7573
1926 3194
2562 2295
4720 4619
7995 7219
5392 38
8438 5895
2568 4834
8670 1318
5154 7996
687 8021
2151 5308
6607 5044
1384 1397
4090 1962
5601 5297
5221 5180
9373 9255
4785 6656
5226 5437
8874 2265
2459 231
9763 1968
7065 839
7995 8993
6210 3839
7607 206
5694 413
5445 4860
3848 7911
486 3905
280 2464
4134 7063
2935 2307
7395 9838
1886 6521
5893 7652
3300 8873
8650 9301
2024 1429
1582 6920
6216 7658
1627 4628
2464 9679
2467 3062
4835 9368
7759 1970
6284 7996
2831 8065
5863 4084
771 315
175 4178
3843 9861
2493 6215
6180 6760
8000 178
8676 723
8581 5718
2031 8043
5594 1442
8872 1914
4080 5550
895 8305
6823 2495
1962 4589
1719 5385
3103 3122
882 8775
331 6937
4927 1572
1247 9773
858 4720
1336 7585
7021 3350
5917 3767
3529 8105
8672 5242
1630 5301
2695 1617
420 628
4993 4602
4376 6071
394 9858
109 4744
5774 8488
5805 3321
558 327
1778 6751
4432 6254
5567 4946
8194 1682
26 6129
8690 8433
7841 6531
3771 7178
911 1122
8200 7631
8022 5065
6462 8687
9267 578
3402 5682
644 8899
8632 6977
7252 2031
5647 7042
8563 3960
1584 8230
4154 6038
8563 8438
3388 6208
2550 6820
7444 6768
672 4769
7157 353
2933 4331
5086 8834
9256 1251
5269 4809
7800 4836
9084 380
5477 1819
664 2909
6622 6417
296 2420
739 3771
9252 366
5268 8941
4479 4419
4312 8670
6592 8983
9250 8078
9601 6130
2193 9491
5821 6614
8206 5582
4391 5686
7230 4021
6839 3373
1655 5811
8147 3926
479 4506
6731 4100
5977 8498
1789 4990
3833 3548
1452 7067
2664 7776
164 3148
3881 6258
8754 8941
7808 7455
5601 5892
7026 8647
2369 5995
2843 2542
2714 3267
5858 2283
7433 1568
6539 7012
4460 3459
6763 5185
7174 9777
8244 7837
9440 4631
8797 8970
831 5479
2374 5257
457 3009
3799 2255
2846 478
4158 9302
4318 7218
7760 302
3281 5989
6629 2567
2889 8867
3440 920
9507 1350
8866 9236
5404 9385
4236 6611
9132 8980
5485 353
2013 3109
9294 2968
4176 5590
7385 5348
8589 6617
9886 3326
6507 9647
3735 9809
2788 4317
7018 9658
4514 5084
5221 9508
1344 279
301 9725
1045 1257
8535 669
8634 6326
8070 472
2578 9160
2120 6496
6474 6364
8747 7681
9657 3887
3157 9947
5178 6974
3460 1865
8569 3339
5813 2753
5863 4244
9912 418
4274 3186
732 696
4002 6856
7497 6014
4583 8081
5774 5129
4229 5421
3665 1255
5593 9116
8008 752
6395 8067
1542 9569
8360 7539
6959 9633
2873 2274
8797 2360
6833 4708
9094 1486
7107 2959
7757 2403
7033 8306
3568 187
3425 6813
6777 3498
7483 4805
9214 6556
8089 2886
2855 6362
884 8169
2786 7372
1599 9425
5499 783
7050 4822
8453 653
2253 6957
1848 4014
7085 4854
8538 7178
943 7627
3033 5425
8812 9487
5512 8256
7217 784
1800 7399
3455 4779
5235 9756
6582 4815
1373 2482
3566 1594
1453 2376
9057 5234
5576 6780
2207 1804
1530 8167
8978 9014
192 9610
3378 756
3452 3310
6055 5177
5591 9394
3698 5979
4061 7134
7672 1626
587 5812
5333 2150
8549 7392
2449 8237
7562 8199
179 2297
1205 1787
5039 6185
8830 191
5288 5270
7398 5740
2186 3542
4256 627
9548 9442
6828 6418
33 7102
121 695
1616 2678
8013 3006
2670 474
9240 7332
9095 8539
4033 3230
1944 8416
2332 2870
8964 8750
9524 6129
8510 7420
633 940
9256 1904
8914 1083
4140 2547
9766 8611
1993 8430
5924 3082
5274 519
4855 4800
7361 1796
4301 4251
7825 9044
6897 4910
9139 5978
9818 1623
3236 2414
376 1735
1384 9164
3512 1164
5783 3333
2128 2606
6354 3720
6177 8046
1128 1004
1466 2789
3694 2398
4105 3167
6129 5469
1536 5136
861 799
6081 5930
9888 8190
1947 5980
4805 6082
1625 3262
6062 8888
2625 7285
4901 1925
478 4889
6412 8628
8942 5047
7126 9738
3355 4861
5611 9153
8074 3936
9487 6122
3926 9322
7301 8476
6623 8203
8708 6581
2067 537
1391 2707
9487 8819
8151 5483
8347 7163
2616 4148
9967 6883
6999 2269
9772 773
343 5622
1145 3262
691 3916
6778 8631
9623 1061
8496 4495
2591 3648
1469 2714
3495 2347
3755 4940
6929 5896
7115 4982
6545 2387
36 5170
2970 7509
8893 8911
9706 4462
8199 6626
454 5214
5873 7255
6314 7800
4465 2511
6268 9331
4270 6078
9415 9425
9285 4941
2377 3729
1926 5024
316 2230
7458 8343
5008 2037
4063 3841
8395 9323
9497 9104
5075 112
264 5151
2147 4608
4245 1466
9861 4741
2724 3481
1500 9623
2745 9680
5947 8606
5737 529
1359 6623
3353 6400
3391 1496
6442 6693
6417 7919
8113 7334
1161 7767
6812 8840
7208 1463
364 2140
3808 50
6897 4332
7414 2684
3613 1576
9404 9218
9317 1299
2413 2574
1655 901
8715 590
5004 5162
9092 2023
9933 9517
5634 6399
193 1406
6896 2405
8160 6873
8859 4496
4668 4607
134 2416
4184 4612
4826 3316
1247 3698
1535 1157
9109 4968
1884 3087
6532 3501
7053 7473
3656 5416
5728 3291
2895 2495
1919 5537
5785 9570
6076 6375
1727 6841
7947 6685
9562 4331
4603 7713
7921 654
2090 7505
5272 3286
4117 1815
5623 2530
6244 4170
793 6357
8989 4788
5218 8316
8301 3025
4205 5697
6833 3050
1577 134
4455 7425
7664 7840
1438 8287
3546 1657
2758 815
2517 2103
6945 8667
4687 9628
7923 6075
5667 5228
3276 6298
5275 1639
7378 1097
7195 2282
2818 943
5536 148
8572 627
9220 3810
8346 9976
141 2758
7531 4347
6025 9230
2211 4597
3946 8739
8659 1214
5416 6479
6761 2291
8991 1797
5797 44
1344 7917
6029 5540
2730 9106
4524 6348
7773 2472
8654 6781
7537 6573
5712 5421
3792 4037
2070 9623
1436 366
335 1673
9987 6124
7927 6300
103 4688
5519 4217
6056 2756
8778 1389
102 5796
1848 8708
9678 5619
6003 1767
3378 2279
1919 5423
6627 7462
8991 2824
3003 1580
146 3603
2143 1739
5572 920
163 2769
3817 2034
3545 8515
3691 2102
2404 5566
5397 5887
4102 6611
4345 7061
3122 5615
6080 9799
8150 2000
5755 2342
2307 6009
599 7216
7455 2461
8803 7809
8533 5061
3277 5972
8836 8473
3705 352
2202 328
5333 128
3025 364
7945 3850
37 8884
3437 8059
4794 1713
5455 5382
819 3848
9513 6788
4312 8992
7042 7687
2388 7148
1796 2572
9769 7471
2068 7874
9875 8556
7134 7739
1240 3363
1381 2387
5204 951
4545 3774
5805 2222
1497 8211
7826 1850
22 654
3912 3594
23 336
6716 1176
2584 2435
6997 1913
2342 5467
3614 5287
1587 9087
6352 3650
9544 1986
7518 7243
5270 4578
3241 713
7598 6159
423 3334
569 1217
265 94
7792 4603
4317 5854
4166 230
3983 9765
8404 2992
9422 2120
4793 8604
8778 834
7635 1022
3685 9749
6792 2169
1972 5934
7791 3617
3520 8181
4913 4936
196 3878
709 8394
5805 6452
376 4682
7005 557
4438 9372
1115 7216
8167 4783
1748 6083
1170 6935
8224 7022
5601 2305
9682 8194
6417 4040
9841 2833
2123 2339
3341 1899
9444 8680
9603 4803
361 8583
5152 5378
4945 2593
321 5300
8433 181
1305 2129
5976 6227
3467 4176
3503 4809
6866 9366
8133 9946
9918 295
6581 8012
2148 2670
4982 1493
1951 9305
8583 8785
325 6884
4737 9704
6482 7658
7632 1415
6303 3267
8195 4461
9558 2889
7614 3564
6832 2885
7908 2913
2101 136
7983 604
1879 6265
8619 1930
6899 4914
4815 6205
7240 9291
8939 6814
6851 2139
3113 9169
8410 5354
4278 6264
4453 1401
363 6518
5701 3748
1021 3585
2547 8486
1335 2829
607 4323
1963 4146
6309 3154
4142 5820
3422 8377
2987 9097
6493 3156
7541 8184
2107 5809
989 5325
3921 4513
9492 5679
2407 8517
3066 1665
5230 8038
6957 1461
9220 45
6937 1364
9857 2106
6961 6670
9212 1483
2631 790
8287 1681
8891 7267
4685 3614
5409 4395
1545 3591
8055 7120
8694 5312
9949 5920
1933 8046
482 7338
1415 8194
5774 5865
5029 6416
8984 1860
7761 7514
3932 5191
2925 5253
452 9288
6249 9314
4925 5288
8717 6562
4419 974
9120 3820
7888 4181
2255 4330
2855 5359
3703 5096
1020 8994
7128 7295
1233 8553
5033 6936
3266 4660
8909 7969
826 1176
9718 5015
7241 8881
4645 7915
2262 1439
1057 5288
3414 3339
3605 9269
333 4488
5409 8639
5535 1160
9265 2511
44 7980
9805 1777
7320 621
2555 491
3925 3925
820 4386
372 5112
6348 8703
577 6774
4688 2526
3369 9349
1205 1806
4485 7748
8669 8273
2490 1832
2366 6399
7065 5428
3667 5629
3092 3559
7992 44
8976 2593
8099 2661
2646 2984
8656 6541
3668 9300
3007 9905
4911 7228
8089 7447
2194 2227
8431 5012
5368 9544
5168 9855
9256 253
1021 3646
7895 3024
7161 415
517 6297
2909 6633
2702 559
4215 5605
1152 5403
1824 3363
5507 1056
5106 8259
5655 9076
2457 1431
7966 1890
4223 338
8890 5869
9081 2544
9354 7625
9814 1951
8400 8219
9419 4660
9494 4966
3480 6636
7958 5528
9758 396
2938 3974
914 2873
2375 3506
1319 1670
4393 5529
3891 1867
3552 9755
7873 601
5405 5037
3519 1566
7787 5601
4607 6660
2287 2391
4722 6935
4327 4184
8244 63
5297 8187
1985 6482
5174 4793
8406 1427
9070 6180
6350 5028
6141 3451
238 7659
4298 1994
3653 2733
9156 9751
8267 4115
658 8088
4020 368
5813 9945
1525 2989
990 4963
2605 841
2184 6274
9915 7967
6732 8626
1587 6965
4867 2559
1826 5123
4596 4296
3408 5488
8294 6037
3003 71
4496 6370
5270 7362
3284 5443
6662 1357
8735 4631
4870 4267
6851 5348
4858 115
2424 6712
7401 1388
3253 6747
1103 5958
5171 6803
3787 6431
6303 3891
4233 9133
4006 613
177 4906
2919 7376
3523 8916
7563 6583
8691 1643
7931 3479
5057 8259
1505 3346
9407 8566
134 9740
9345 4693
5212 3438
3605 8724
9596 6805
186 7472
9702 3256
8262 6553
6209 6503
4793 974
6817 9274
1789 4409
9494 6190
5151 4350
9648 499
1028 5335
9659 9331
641 7419
4218 7188
9491 2090
9900 2336
1906 2819
2412 5801
6855 2417
9958 7646
5966 4406
6153 220
9699 571
923 3071
2586 1902
2835 9203
3504 5090
1287 7372
1894 1790
2002 100
5887 2816
4253 2103
3248 4469
3276 8812
1100 9177
6284 9689
5352 7646
5539 6001
5768 4699
6912 7769
7625 5989
7363 9553
5883 7788
9792 9779
2818 7023
8686 3286
5045 3752
5005 1786
878 3278
3746 1915
3955 70
2614 5579
4070 691
5257 2260
1156 7921
7469 7998
3341 3251
9841 707
5029 9952
5259 6529
5939 3896
4709 6919
7031 4309
9821 1130
4277 1667
5587 3800
6187 4900
1692 2324
6054 5102
5898 3701
4835 7930
7913 5533
5621 1887
7191 885
5618 4665
3086 1663
6597 4750
821 235
9724 460
1677 3940
5737 3617
878 2217
6379 32
1572 998
8049 4001
8370 4091
3590 8983
8878 6211
3163 1661
6646 7369
138 1573
3984 3285
2944 3490
8082 1531
8815 4744
8862 8086
363 4672
2009 3981
925 8393
5618 6734
9614 2074
3890 6259
2018 1897
6307 9933
7478 3899
5752 6506
8887 6883
3975 3559
5944 5582
7868 8170
7807 6258
4975 5498
6073 1939
1681 4968
4031 9472
2513 8729
3118 5567
3988 2099
2528 4051
1458 659
2890 1489
2369 3703
9979 3369
4396 8714
9374 8054
1866 6574
8016 664
8931 2171
3597 4089
2911 117
7716 9321
6246 242
3746 2291
510 2563
5343 9390
901 6416
6536 8881
4668 3430
9340 362
1893 9041
9823 9498
2074 2228
8570 187
4957 8159
6477 1352
9025 3429
1812 556
6122 8595
9493 1618
5609 7670
8498 8419
6518 9291
8364 2089
1133 9219
707 3758
8427 8891
6694 68
806 9683
6411 3613
2589 7582
1068 5523
3664 7969
3963 2354
6758 5172
1166 4484
1754 6500
7838 8205
5504 5433
1135 8688
560 3667
5631 6017
1272 6682
2200 1479
686 2547
6292 6291
6680 8621
6537 9960
781 5864
9625 454
8083 5421
2387 3386
1727 7193
7025 2379
367 5055
423 7816
2058 8429
3474 6159
3012 4891
1369 7011
4650 3495
779 134
7394 3520
4866 9581
4641 8300
2068 7159
5338 8849
9589 2384
8620 6955
7531 1133
8926 2432
4614 175
5049 4228
1411 9768
1547 58
2039 1505
5948 4263
249 3614
206 8585
845 868
9821 5532
2372 1333
9079 9030
2016 7100
5839 2053
8639 1223
4313 5902
4908 8028
9266 846
4431 8989
85 2786
4863 1366
8142 5648
2895 1769
5905 4184
2080 1867
1212 6872
9433 8404
5171 3597
1728 4721
7102 7815
7448 5967
4973 7863
5315 5199
4756 7127
5334 2532
7150 7741
3306 4558
5107 7512
4719 6197
591 4749
8989 2183
4015 696
9956 362
4793 4248
3594 3992
6441 8636
8866 5246
4664 4780
2658 7078
1877 980
4733 5667
6578 3652
3642 611
1030 8778
9538 5061
5679 8773
4802 2987
3747 4444
8461 5758
4438 6741
5299 5225
8198 7969
5617 5501
2456 7175
6575 615
1301 9374
1052 228
7516 3307
4964 616
410 7432
8979 3085
7895 8812
5560 7010
6235 4618
7279 9707
5910 898
7337 292
7029 8330
8234 9739
2730 9638
9514 4322
4013 8343
529 4610
4426 3562
9171 7228
8059 521
2484 1554
9277 1486
120 8547
7619 6781
6554 3887
6325 603
3017 2627
7902 1301
5066 7528
5182 818
6736 8277
1308 2981
7215 3773
7079 5330
979 4662
9102 4158
7306 8319
7175 7475
147 3454
4352 5560
4242 6538
8113 3804
8459 7229
6099 7522
2271 4997
4819 3426
6315 4117
4794 7447
2974 9237
561 3591
7913 8697
8976 3515
8512 7791
4255 1522
123 9151
3198 4643
6114 2461
9015 2509
2597 658
7212 6699
3821 4840
1960 4239
9137 5042
6395 4961
7479 9085
5271 7384
315 6675
3430 2828
8978 943
8492 2435
7341 4621
1236 6782
5749 3021
2085 2791
7175 1035
7147 7598
1502 6311
2239 4094
8900 5816
8342 7805
8219 7964
6919 9813
1335 7499
8526 5396
9398 5314
3174 3081
1904 406
5855 3792
4544 6146
5691 4784
6753 8047
2123 8050
4910 5230
6600 7890
2117 2765
3184 7324
494 7083
6527 8042
6938 1635
639 3579
8273 5001
6902 392
6731 8615
4759 6548
1703 6326
3511 2683
8700 2941
8670 4945
1456 3976
1299 4589
8111 3777
3779 3927
7417 4212
431 3302
5900 1113
6456 8801
1920 666
3591 5362
7550 2917
5962 4990
4245 4612
4537 4749
3200 8526
3631 4239
6361 1491
7908 7218
9018 8302
3297 7082
9913 3684
280 881
9812 9524
2976 1547
4467 9534
2465 3046
2906 8544
7792 8118
7004 8620
3073 3304
3249 9176
4163 950
2660 3283
3308 2863
9786 7353
5224 5325
6720 6396
3033 132
3075 2022
7511 1366
7855 5390
8065 2564
4153 2289
8889 3997
2622 2526
8736 4732
4654 825
7733 9155
1201 1417
9695 2674
8177 3507
3355 6248
4388 9806
963 4473
2903 5322
7686 6869
1837 8585
240 7096
5458 2511
8206 9755
1556 7071
6455 9479
6036 971
2122 1998
642 4526
4575 1863
4766 902
1799 6511
7280 7936
1657 1379
9322 7704
1438 5728
3980 6030
4155 3886
3801 9128
5008 1578
2075 9556
6472 2055
8829 8674
5424 1684
7456 7800
768 9705
2937 5237
4978 1832
7571 1368
8011 2392
5174 9009
7016 4681
9662 1199
285 4240
8975 3623
8873 4719
261 3846
4341 1031
7277 4557
6045 9478
5929 2997
6407 9538
8890 3777
7625 6996
5250 7249
8237 3115
6109 640
2983 9525
2074 4128
4419 3527
3584 9040
9690 3492
7 369
929 9042
8440 804
2701 5712
8155 8434
4936 8762
1636 5347
4788 5847
8116 9287
5857 3213
591 5565
8212 5121
2219 1417
7658 1178
3047 9985
7662 1273
3021 6115
2415 2785
2186 1163
4425 9776
4047 8991
5113 8839
2998 335
1824 1294
1782 7753
9706 6415
9898 8312
1892 5392
8913 6228
6416 687
5593 2628
3305 501
8821 4635
290 3018
1201 945
560 126
1325 6111
1008 5294
7614 692
4405 5305
9673 9480
3933 511
8119 4972
3521 3324
8784 8283
2418 9610
2265 4702
7446 2678
4739 6044
1359 4565
979 7021
761 4278
5525 7799
2003 7714
2930 9932
8516 8914
3028 7866
7999 7354
2156 3198
2911 967
6274 3871
2704 9566
6918 5501
1225 8368
5918 7020
7739 6308
9828 7828
4997 8812
9993 8624
2793 9750
9210 3128
452 2216
897 2868
6675 2859
1722 2208
187 9429
3635 5840
9624 6234
6218 5881
6095 7197
5316 803
6859 1195
8869 3361
3548 9371
5890 9715
3385 9113
9527 6921
6822 4369
141 1006
48 7005
9346 2781
5786 8885
935 3602
842 9361
9647 8262
3821 7855
3702 7194
1460 6235
2035 5183
7007 659
2187 8765
9098 7579
9766 9511
4549 3593
5438 5365
3516 3832
366 7257
458 8571
6050 3130
9335 2750
9496 6625
6481 8091
9656 2558
9596 2499
6072 6414
6281 6443
5669 31
566 985
8627 660
864 7171
9274 5592
7788 1443
2934 9540
5264 6785
4673 6962
3389 4272
871 6517
6465 4721
9574 9823
4635 5123
537 1740
2587 9552
933 4330
3733 9231
7620 1695
3317 1447
1950 7893
8888 2004
8015 5096
1579 888
306 4198
6608 5857
1690 5042
6474 3621
7661 8478
5256 3303
7802 7410
7457 1879
389 9041
9856 6279
1070 5503
9763 1831
1578 5040
8152 1742
9385 955
1089 7302
4266 497
7904 3499
2681 871
9526 9730
5936 4576
5449 297
3050 1231
2734 4377
4259 8109
5506 154
6113 6536
8376 2791
4084 6367
2227 948
3634 5708
5796 1515
5680 8084
1503 7255
7387 4236
8947 7050
4232 731
4520 3429
4276 2578
573 7066
578 2038
2564 2944
2697 806
7640 7861
3205 7770
3073 3976
163 9508
8010 8074
1491 5747
6944 1241
2165 6931
8377 8644
192 6120
7085 4081
2287 2385
3443 9023
5193 7896
8226 798
3584 5890
6349 9636
493 1706
7964 9240
1188 4072
355 589
6450 8833
9078 3641
6179 2313
1769 6639
9273 6485
3074 7702
706 3151
4124 8391
1764 9314
4998 3929
4348 925
3615 9773
5309 7198
9486 9219
1734 2678
5770 1736
3125 9256
8068 6697
1413 5301
3388 2223
4744 4125
7728 3800
5965 8934
5710 2375
1762 6485
701 6612
3374 6612
8857 8993
4830 9828
5535 454
9642 169
7504 3249
1893 5488
9391 6716
2656 2378
7811 5649
7685 7907
1601 5947
7309 5358
1607 7241
4473 6163
8467 7184
1861 5215
1810 7078
4042 1743
9323 3547
5562 2947
9118 5926
945 2567
3836 4067
7515 1588
9930 6230
6993 3257
559 1777
6797 9607
5532 8320
6993 1667
6740 8045
3821 558
2520 2874
5746 1652
9372 3163
2960 8979
4487 9629
6286 2091
7503 3179
6407 2537
4946 2343
9372 2166
5783 2987
9299 429
1516 3
4232 2877
9278 5658
6077 8031
1346 4288
555 4824
9519 8032
8112 7794
7798 3281
1730 2223
1805 2548
2562 6396
8375 1426
9342 3185
3764 5336
2498 8135
3904 5745
8913 6236
5152 547
8266 4584
8960 8291
6894 3094
8910 942
107 484
3551 4867
8906 7686
3469 4729
2022 5895
6045 9982
9235 1429
6305 8646
6890 4596
7350 8063
1570 4750
8742 7300
2837 8729
6344 915
1001 4857
2006 8749
849 9701
6557 1437
7255 9767
4534 6341
3643 5330
4094 3574
9194 8577
525 6802
5784 3248
6822 8536
550 7986
9744 4566
5049 543
4797 7256
6926 5073
8581 2366
5049 9662
1941 9100
4032 6315
2351 8066
9091 558
8977 6828
7176 2866
8852 7750
5299 9089
7603 7808
2014 2074
3166 5059
2978 1664
5926 1471
6533 5261
3720 6772
237 6147
5141 3030
4300 1742
9583 4646
2847 8998
7457 3434
8951 9100
9026 3500
4368 8678
5284 5581
9932 9708
9327 5553
7510 5293
1653 6781
9496 3506
7820 1008
6750 6496
1905 7464
940 7022
4206 4887
2204 9631
6614 6143
8099 8642
4104 123
4739 138
5771 624
6090 143
3859 6885
2343 6192
4212 5467
3303 4454
6592 8176
7742 9613
8295 5698
4640 9691
9508 1660
7266 3003
3837 6769
6015 9422
2451 7753
967 3153
5284 766
85 9196
7707 3955
3988 688
6149 8877
3254 9313
1059 5442
9175 5964
687 95
3907 3848
4092 1894
950 1220
6828 6188
1904 5928
7747 587
425 8973
352 2899
9327 9249
7129 5727
1769 6669
323 7416
2463 5854
7557 4034
9828 7579
5767 2078
5054 156
1870 6583
8988 7952
3603 4339
2788 9212
8984 6885
3295 406
7819 2977
9037 9243
3695 5223
7823 3584
9906 555
1854 8410
7733 9243
1289 8049
535 2132
2211 5839
2068 784
9920 8430
2489 225
3496 6890
465 8968
2573 1825
4840 6019
2251 4685
4286 9533
7098 2448
8381 6828
165 7878
8548 422
7960 2526
2302 9806
7319 4682
9226 3616
5103 9449
2127 1908
6673 3138
1807 3221
4066 9166
8884 6102
9815 7642
1098 9806
7356 5837
9544 3828
3947 1717
2275 986
7056 7729
8694 3710
130 7035
3194 8258
8703 9366
1469 6516
2776 8696
7940 90
6396 9925
7732 6370
390 6744
1638 1254
9169 7888
7506 8215
7562 3946
6500 8413
8604 1935
7647 1518
8211 9810
9135 1955
7701 8100
9780 237
73 867
9105 4085
996 3164
9477 9028
447 7186
8725 3152
5925 4301
6686 5708
3187 5149
4119 4243
5442 4986
7410 9966
6941 6481
7527 6014
1890 7135
6638 8322
4646 3515
857 3777
2111 9503
2525 5341
4271 720
492 8838
3822 2342
1820 1090
807 2474
3344 4081
3223 8286
6547 4852
9509 7085
4156 5802
3873 9512
1933 5087
389 7068
4062 1801
6800 1130
5593 5640
3960 5667
385 5712
1871 833
7952 8205
8225 9627
7698 7590
411 4801
3930 1037
6920 8219
126 752
9069 9840
5869 3906
9009 8515
4899 4853
4932 1790
7714 9317
9422 6905
7159 5235
1896 166
444 9963
1052 6880
6016 8500
8284 9059
8748 2444
7989 3047
1848 4355
5707 4289
8958 7219
24 1408
4860 3694
9191 6794
8229 4826
8381 5879
4886 2933
8534 2288
4964 8333
2713 1067
2446 4601
929 7153
499 2059
9346 1293
1049 4170
4831 589
2031 6529
767 5862
749 3144
5073 3016
6795 9684
6370 593
2947 8394
9232 715
7498 4347
4448 5584
6449 7746
5249 6735
8996 1931
5430 9242
4768 1814
295 8036
6225 2397
6381 8555
4683 2087
886 8888
3380 472
6738 5615
6037 5266
4253 521
4342 8102
5305 388
2797 3850
959 7023
4364 3170
8495 9744
5356 2968
8766 7487
2995 4452
9822 2727
4091 3471
7749 4411
8264 2830
643 2075
4163 1264
6669 8346
2105 8754
2148 2002
1576 2891
586 8795
7039 5950
8608 2211
476 7377
9725 1360
4106 1382
1861 8178
1715 4305
9598 1142
2042 1465
7057 7667
2646 8160
2368 2389
7707 4524
9652 3508
8183 8911
9467 4392
7771 9506
3646 2617
3105 8846
5463 3638
1635 938
1077 1275
5609 5661
3176 2205
5618 142
2767 6646
2118 1794
48 2413
8384 2695
305 4552
3330 11
5757 7718
7621 2136
9300 3498
1531 5244
1087 9865
7971 9934
3867 4944
9140 2672
8043 2286
211 1692
2367 9829
8523 2064
1220 9745
1681 9611
4407 1344
3039 8358
418 4239
7965 1203
9075 3954
9354 8502
4513 7149
5819 4247
4435 8676
987 4536
6568 7631
7352 8006
8269 4597
3118 2933
208 7272
5458 681
71 6653
8646 179
7229 985
489 3129
4285 9646
5489 4614
6471 4158
8192 8817
4801 8522
5141 4513
3936 6050
8884 39
695 4894
2475 2427
4148 9446
7885 375
3222 9814
6799 5766
2777 6547
7193 3399
4060 2798
4162 3635
505 1124
8419 7643
4797 7097
907 9923
8140 6917
6963 7809
7678 1223
8474 2632
2988 2279
7447 2225
7598 6723
9458 9470
6465 1077
389 6562
5339 2197
4912 9686
2968 9843
140 3791
2066 3578
2902 2150
9991 1166
4058 394
5067 654
8311 9698
9491 3347
2940 8827
4750 9837
3895 9708
508 6294
2701 6230
2877 3192
2588 946
3029 3670
7307 9386
2065 3706
1054 6643
3107 1294
2947 5937
6521 6816
4493 3838
9230 1788
3472 1838
4040 8179
2698 8958
9932 5474
7067 5074
9240 7694
7356 9660
2667 7526
4185 5618
8064 9782
605 2910
3923 1363
6726 1642
3512 9903
4840 9327
590 8304
8466 1979
2642 7331
3762 3760
2576 3461
6736 4833
4806 4179
4690 2133
6675 7892
5353 2739
1143 672
2110 4523
1684 6994
8800 3778
5325 6669
2484 4501
4772 5156
7655 9032
5546 9439
300 4717
9093 6658
5269 6302
7765 7681
5380 8734
2657 2812
5700 61
197 1801
1436 9116
8448 5372
2887 7672
9057 433
5870 1762
5785 6172
1085 1843
5552 3212
833 6495
2946 3030
6542 9344
4122 9802
5527 3895
1032 1895
428 5962
1932 5161
9761 8386
9085 5245
3018 7717
9618 1075
8756 7571
454 6738
9116 8319
3272 3922
9198 7822
413 2107
4741 2881
7692 8701
6544 6109
5029 6308
5054 7881
868 9304
3577 8092
1279 6924
3536 7368
9729 5038
211 2454
8415 3806
2419 5431
7131 3401
4542 1487
583 4979
4367 4901
103 9104
5157 7931
691 8784
5405 2318
9335 9343
4689 8055
5526 2280
9096 9142
9925 5327
4617 997
2117 5889
1977 9210
3368 45
1325 4346
5358 4302
230 2450
797 2296
3406 5982
6873 3618
7620 4839
7479 6957
213 2162
5133 4748
4668 4619
8555 1510
1670 1850
6820 3063
9087 4753
6032 8814
9321 7312
9452 4291
7456 1639
7026 6128
8640 942
5242 6666
8152 69
3255 385
2578 8357
6220 9327
5532 4440
1776 9718
6376 7727
600 6966
5358 6218
6987 1227
3616 5363
392 725
1481 7643
3858 5010
3523 7554
278 5348
3768 1698
2432 4430
9526 8650
7722 2576
7281 8311
3563 2643
9056 5402
4341 798
2712 6823
5907 5369
4606 7541
8518 945
8055 4697
4170 9917
6033 4625
9274 8646
1543 2476
8592 455
4111 9114
1384 2618
5821 4997
5698 9540
5342 5711
1742 9322
3382 8853
281 5885
8003 6949
6980 3855
3241 6099
8653 8385
9456 5024
2334 7103
8869 4218
3130 6389
4701 9882
1764 9138
7370 2330
7779 6229
6178 3556
9316 8865
9914 3652
5409 3984
4829 752
1745 9922
3411 4210
5810 4513
2395 5681
2377 2828
3447 7800
5251 6721
4973 5151
6232 3384
8460 7200
7217 5088
7823 7899
6385 7314
5168 1627
4403 7437
1420 177
1587 1174
5255 453
1959 8964
8762 7590
5132 9490
3294 3162
1975 2504
3920 3180
4972 8165
5932 5563
9233 5061
1845 1764
5086 4121
2315 2250
8190 578
9424 516
8098 1202
5770 5315
1225 8961
7785 5808
9141 2320
6737 9304
8133 1352
5846 6292
979 7854
6943 2435
6861 1653
5127 2239
367 297
4838 4053
5505 4302
5802 1121
5678 5160
2270 8343
5552 8290
4000 9452
5760 8112
2415 4292
6370 7442
367 870
61 8386
8962 1897
950 6933
9864 474
9991 8420
6535 4631
2901 6068
2825 5409
1542 9766
2378 8149
4692 7302
7261 1706
9156 5225
9282 5250
7140 1514
2414 7362
839 7258
9769 7090
158 9530
3564 1680
4529 2627
1514 642
4740 9897
8080 857
5717 3296
4031 2405
6211 2907
2729 9810
6309 3577
6603 8368
8715 870
2227 275
4746 3532
7457 219
958 4637
9045 5134
7370 8620
4195 7806
3197 6372
4465 9005
1042 5593
5480 7848
5488 8580
882 5073
7012 4650
3955 8899
7176 9376
5361 8184
6027 7829
431 2551
7634 4010
4441 4173
4711 3660
9315 906
8259 2640
190 5456
3170 8061
5286 277
5713 4357
7508 2862
3869 1489
1229 1154
6416 7458
2683 3720
1742 2334
7412 4415
2284 5966
3197 6196
5563 6574
1918 3786
7728 2409
8778 9877
564 3666
2323 4550
7891 6838
3707 2609
2298 8700
8626 8512
8142 2106
371 3583
1759 795
7428 5205
4817 5386
4068 2666
1751 7750
7364 9356
7216 5949
9064 5995
4501 6936
5779 4593
836 9184
5894 7808
528 2453
6662 3410
1872 6872
9917 8529
8763 8523
9824 3373
2956 3714
1127 9108
7911 9138
1323 9584
148 95
5197 1601
9071 3963
5153 3391
1177 1119
5794 6014
9604 480
6166 7351
4940 1872
8127 3382
8249 2389
4254 6438
2235 8953
3754 5108
1490 4253
9781 5504
7761 8243
6637 8548
1175 2401
258 2993
3356 8929
446 8847
3378 2076
8277 899
2488 3782
7115 7026
8525 828
688 978
6002 5672
6644 4318
2752 8169
9032 7211
9108 350
8156 2751
528 1467
1217 4508
9625 5465
2201 1987
8520 8097
4447 3679
7473 5842
4312 2408
712 3838
9407 2637
5415 5002
9805 4449
4769 7524
5687 3862
1049 2938
9841 4188
9657 1937
8467 8111
51 137
8724 5178
4509 962
6442 4382
664 7854
2459 6536
8743 2980
1002 6118
9448 4635
8557 7276
3427 520
6667 3678
8261 9091
7089 6900
3901 6156
2759 3038
2511 8920
2989 2226
3637 4654
6339 757
644 6183
9610 482
9363 1376
6381 5189
4884 8827
3532 8638
7426 6920
9205 3941
3231 8454
611 8989
1412 8025
5154 7585
2697 4350
3285 1000
1009 4718
6529 9620
3804 3757
9133 9382
2130 3710
6761 2679
6321 8395
675 8432
8276 8049
847 998
6259 7236
6429 2623
3154 3011
7027 9116
4113 5527
3214 3431
4543 8259
9714 6846
4354 65
9706 2430
9416 6231
3673 481
6169 720
1243 623
302 6795
9453 254
5459 8207
5879 4027
2904 8144
65 4052
8074 8111
1688 5513
4969 3948
8909 7376
4310 1159
5321 2888
6403 6748
8961 9549
4650 9745
1806 3235
639 7609
3194 6182
6755 702
5610 3494
7252 2014
6266 7880
3708 4328
2935 7302
5829 2016
7442 5209
3506 9654
5282 8077
1087 4635
4780 9899
9798 5975
4246 8355
9236 6505
555 2312
3886 617
7580 5375
5599 4776
7944 5149
7957 2963
6493 2916
3479 4258
8954 3411
9584 4728
4206 9380
4276 825
3598 613
7461 6478
5759 2133
8855 1057
330 1241
8401 409
9065 8087
159 8144
7723 9467
5574 9367
7212 536
7085 4031
7396 4107
8002 2119
2022 2245
9590 7817
8196 9831
1299 4885
8851 4782
5068 405
1630 4627
9664 9101
2648 4107
5961 5400
8539 3511
9125 5449
5256 2407
8628 6254
7034 8487
2028 4131
3971 6181
3464 9671
1668 4758
2782 1388
1342 576
6264 5249
3875 3189
4850 2274
6228 9977
842 1382
3643 9014
8988 9686
6102 4834
2900 7409
2445 6801
2745 9628
609 4759
5141 2009
7419 1662
1197 2742
6365 7854
3639 7852
6800 6710
8946 2076
3015 6298
5455 2497
6596 6775
3354 7113
538 8187
7506 5541
8520 8365
9046 4037
7801 5615
6681 2016
9168 5871
3641 2266
2364 9014
1206 2039
451 4035
4753 7215
1532 7737
3264 6709
1273 6656
8227 9329
4665 6896
2865 256
461 1554
7637 9348
6727 445
2953 8440
945 1779
5022 9839
3097 520
5787 3199
5187 3073
2883 2962
5615 3022
546 3548
1861 7580
7423 4496
9896 9454
2204 2724
3784 3808
3038 4114
3880 5007
1642 1591
7093 2840
8064 1906
7633 2895
7020 8283
1678 793
1763 1150
4412 4943
6391 4105
2859 7532
2569 7338
2959 8419
1568 5677
4315 1627
7580 3448
1061 9125
3243 3342
2269 1570
3300 1470
356 729
7354 5804
910 3228
7629 175
2383 353
2700 1033
9079 3560
3107 9142
5890 408
9811 3410
8196 577
1408 9029
5389 6681
1063 7127
1440 9550
9079 8101
959 2669
2048 5837
4178 5473
4532 4996
9300 167
4187 8549
5646 1777
6291 7757
6042 6103
8600 1778
1879 5282
2478 9096
9293 5623
1224 7945
9888 7421
1559 7928
4450 1430
9177 21
3092 1687
4335 7134
250 9365
8379 2432
7997 7354
7185 7594
6077 248
2416 8202
2128 9434
6558 8451
514 7961
2658 2354
3205 4888
4712 3644
1149 3785
9628 1556
9572 5088
6713 4673
5631 6985
5617 24
1882 4527
8670 9628
3973 1648
8551 1664
6023 5781
7231 8460
2107 9766
7112 8478
7297 718
325 4505
6688 572
7099 5206
5853 7961
9154 2258
1153 6132
9051 227
3362 6597
1435 1395
3017 3173
7110 2708
952 6140
5890 7048
2438 1171
9142 6002
8383 2741
7993 6328
2013 6692
8101 7296
4480 1649
6958 1097
7838 3971
4646 3508
8812 5922
3983 6994
1811 1753
1011 3441
4618 1385
1742 8706
5186 6375
6121 6173
2993 7849
5127 1494
3379 1106
1958 5714
8314 6562
3238 8962
2022 1730
1178 1897
4918 3926
2632 7088
4268 8382
5983 7532
5037 1457
1807 4487
9344 3636
8230 1802
7971 1996
6948 8946
2358 6839
806 9911
524 2168
8920 187
5354 4699
239 8984
8681 1095
1509 8899
9614 8116
569 214
535 5357
915 2005
9215 5276
8466 7261
472 200
6491 4188
5831 980
9594 900
4596 7002
2740 5667
4794 2231
6228 9923
7413 6978
2555 6215
2388 75
6124 8280
9755 1148
1710 5437
4416 7680
2637 8484
7965 6540
4603 9290
5994 4676
6083 1258
4326 8657
1250 2861
2613 7742
6360 1431
8737 185
5524 9385
2441 7438
6816 88
1647 5957
4650 5523
9876 1293
9363 2970
8230 4158
9945 2881
353 3142
846 5121
3822 3792
8812 5790
6399 8711
663 1785
592 8390
7981 5321
4937 7450
9624 5557
5477 5973
8003 9565
5837 626
77 9779
9361 5258
8987 155
1729 5652
7272 8192
7506 8127
7601 5037
9050 6676
1975 829
1225 8329
5305 7496
351 1417
4340 6169
822 6447
7850 1428
7854 4250
9025 9534
9764 1109
6016 2865
8254 5543
1556 7732
111 6444
7606 7748
8774 7242
5948 9965
9201 5799
688 5947
4472 4708
3571 4969
7574 1694
8087 1540
6792 4800
3266 4418
8156 2039
3128 9332
3372 216
2712 2568
6684 2590
6626 7632
9096 75
1048 2160
3392 5662
5131 7273
8401 6753
2733 6563
5934 5090
419 6889
8831 8972
2668 8180
3568 7441
232 4434
5841 1132
2563 3088
2585 9471
274 4960
8851 8901
8550 1942
2986 1841
7452 4636
8553 1046
56 7121
6418 9074
4365 1028
5463 7525
9917 6130
5344 5768
5051 9614
9731 3817
5745 1242
3483 9058
1977 6565
2186 1512
2544 5403
7483 7321
4278 7761
6652 5144
6584 4375
9852 5147
7257 4073
3493 5282
507 5140
3140 4539
3120 2880
4424 7858
9706 544
5364 2383
2970 5843
8563 9760
9932 196
6695 4152
51 2933
9737 665
6170 7619
7378 3873
4239 2700
5035 1126
2747 3646
6923 333
7785 8796
4614 6904
4708 6070
4524 9542
2305 2753
2754 9562
429 5539
745 3444
7024 3002
160 3291
5482 7710
449 4879
8268 149
7521 8004
7757 1645
6975 8791
207 8495
311 8669
3826 4456
7571 9692
6845 3816
4845 894
6560 2209
72 5371
5263 7379
5584 2764
4000 7068
828 6854
112 6222
3691 2927
9469 697
3888 4619
9357 9669
6832 4928
2943 3906
1427 1054
1264 2115
233 7799
3666 2549
5423 9167
2646 2039
8985 2891
4018 9675
594 7549
8354 7284
1600 6964
4631 3925
8570 1584
2021 6574
4810 1516
761 4180
3326 911
8051 7297
9629 8378
9898 461
7863 3132
4864 9518
8653 1542
639 1074
2137 3778
9386 6261
4614 5251
2800 6013
2236 2515
2795 27
191 8336
8790 6606
813 5607
7506 5569
9057 4797
6221 1413
8765 4627
5421 8916
8187 646
1781 8374
8160 1418
7417 2645
1413 6985
6346 3210
6420 9304
4089 7409
4231 9348
1353 4071
1749 550
7741 9703
9850 3285
6411 2432
9816 74
5632 5893
6501 6197
8174 242
1677 5407
4464 2488
5989 5424
453 3325
2963 2906
6125 2663
3501 2578
5587 1027
4305 211
4683 9032
8658 4131
7059 2111
3015 4960
4627 2674
7821 8252
3361 6912
6016 9748
359 8403
7645 7891
3116 5731
4021 3338
6938 6293
9882 113
1441 3485
6963 8122
2068 9453
7441 1690
7564 603
675 3832
9345 8046
1687 930
3696 178
4818 7503
2747 9568
998 5770
5143 1363
2064 9679
2375 5369
570 8104
1675 9022
8522 6878
1447 3423
3472 4375
143 9624
5420 303
4541 7358
2949 2411
8348 3396
2035 800
7083 1724
5978 4507
156 2719
9871 72
6095 3519
8072 6761
1864 6776
8089 8138
2183 9964
9336 4666
9822 2454
188 7044
2780 2521
1770 4940
9296 1486
1933 827
6638 7171
7826 3612
4586 3858
536 1721
9572 938
207 362
394 7448
5086 2621
1451 4659
2931 9103
4441 3933
8227 5793
4440 2009
3628 4821
1333 931
9088 7836
2492 4776
7096 6656
7680 403
7464 893
2089 4381
109 7242
8463 3301
9247 110
4239 9655
7468 8289
4650 465
3099 7347
7713 860
9309 2425
2063 9773
8391 1142
3539 9964
9655 1275
1496 9539
4375 2919
744 7165
6221 9802
83 8160
618 9450
3348 3659
1469 6890
3915 17
8680 1566
8602 672
4916 2181
1904 7621
5044 9119
6486 4727
6682 9164
904 14
5298 2189
447 9170
2301 4503
2078 7414
9558 8549
9389 1943
8771 3632
8512 2118
9156 7376
923 9607
1862 2585
4086 5644
4564 9208
5853 7616
4670 6083
3588 2138
4577 2159
3918 6840
7419 1872
4083 8014
6739 4378
789 6340
8520 1308
7531 7858
9027 2761
6305 2389
6873 6191
4651 6574
2777 7909
3970 3745
5421 1854
42 7783
6867 5345
1695 3180
5958 6496
8548 8472
3144 2968
3784 5246
5178 6770
2873 9892
3104 4769
4187 304
1988 9619
2455 4705
5824 788
982 4793
6054 361
3576 385
7138 3328
2122 7758
7611 7024
733 8865
70 9416
2427 3620
8517 933
9254 2436
6513 9511
1825 1202
4557 3550
9165 5894
156 2469
4845 8999
8996 9550
310 4941
669 6749
1360 6704
7387 6168
8713 830
9126 7878
8578 2983
3624 8776
4199 1269
4690 2162
4282 9494
7245 2727
9261 7561
2540 6642
1328 1164
1990 1432
9176 8010
3054 5313
3382 2711
5605 704
3373 7569
2232 1576
1914 1418
894 9340
8048 3731
3384 6956
4439 6155
8027 5956
36 8686
53 6060
4014 2655
8090 2077
1921 7717
199 7787
9972 5035
7898 1469
8413 3844
1624 2791
9921 3571
6041 5726
3953 8727
8659 7192
2986 8721
192 6107
1593 9816
85 2534
4294 1398
5663 1621
3103 3745
8321 2000
726 9493
5210 3363
343 5980
9847 2870
7902 651
85 5101
7879 6724
6887 5231
8426 1291
2340 110
6852 3057
339 6943
1378 1883
8388 4259
92 7342
3953 4845
3056 8466
3799 5348
8487 1867
9760 2219
8968 429
9363 8693
8602 9749
4757 2496
7075 4527
8387 8959
1542 2078
8830 9225
2283 5162
5256 8252
3071 1318
3936 2277
2182 896
5235 450
4982 955
4535 309
4044 7238
5522 1792
7711 1395
9268 9473
3062 5654
7557 7710
4204 2111
3885 8382
1840 8849
572 5921
5036 47
5427 9312
1140 2290
6399 5756
4777 4257
7656 5672
1869 1974
5524 3751
9609 6814
7732 5711
8328 8456
4389 5482
6196 9951
4144 2476
2695 7123
3952 3649
1795 9462
5894 30
776 4714
9487 2414
5632 4349
2918 5905
8993 2095
1640 7986
1510 2724
7772 9820
2625 3284
8735 5456
1683 3955
8562 8636
5303 723
326 1885
1969 7061
3118 7573
9751 6799
2006 5639
8121 5369
4431 7664
9778 1624
1457 1975
3440 7404
7327 9473
3521 7050
5757 4875
7645 4041
6401 3050
7934 6951
9936 5137
6991 1906
5192 4145
4537 3739
6776 4705
5630 3018
6616 6670
6400 1142
7873 7258
8239 694
4646 1406
6392 3227
5933 5047
3877 1693
7240 969
6669 9672
8335 1977
1105 4617
522 1015
9418 7287
1929 2949
4359 4558
4208 7706
8847 7797
9097 9438
1559 3998
8292 1419
4431 1852
5050 1338
2981 9954
970 6707
5402 9312
6390 5040
1372 7380
7825 8510
6491 5764
910 7771
3318 8816
2251 4616
4918 5296
8653 8182
1865 282
7137 4371
8641 9525
4209 3181
376 3431
7793 3641
5840 2863
280 1021
7660 3943
6134 6024
5666 4048
2477 633
4332 6180
6106 308
228 3911
5376 7216
432 4076
369 4185
7837 9406
9825 4070
4292 8294
8223 4210
7502 3876
1498 681
2653 9616
4791 2011
4665 3582
698 7061
2036 8600
1444 6754
8200 475
3414 4332
1350 1471
7489 3849
8649 1220
3623 1559
5770 2274
3089 9915
7719 2465
6847 8841
1848 1271
3451 3988
9024 2372
4957 6642
3878 9589
4249 4984
73 8385
2228 1382
1522 120
8307 5409
5516 1253
2641 7269
8667 4667
3531 1320
1636 5309
8444 4386
3551 7344
2084 8535
2088 4986
9948 3026
122 4224
816 5096
4897 7598
6590 4283
662 9240
2949 9978
693 2356
9232 6880
9650 6328
1001 8052
2208 5647
3718 261
8884 7831
969 1293
5019 2555
5679 3925
3839 9143
7755 6245
9534 4636
6587 3011
1296 9610
1851 7728
4244 3938
1058 136
8199 9679
7265 8799
205 3280
5412 3477
1778 4293
701 6968
6787 2770
7470 1114
917 2545
1988 6653
8662 2581
7615 1608
8763 3570
5764 7894
4050 1975
1096 842
6605 8699
4400 1314
4209 4575
1578 5106
8982 9853
2184 9326
4177 9888
5952 430
53 4195
748 3602
4766 1081
386 8176
1217 5026
5748 8776
5800 9003
7634 6868
9975 8935
4796 2409
613 2457
5584 281
51 9196
6637 1198
1788 4726
7071 1774
2760 5418
1581 3438
8147 6344
922 4882
9620 9442
3179 7735
2998 4121
4273 145
6225 7492
1156 7962
3625 6418
6109 8199
7358 8568
5592 4474
2027 4665
2083 9108
3361 9102
2346 1568
6918 1140
560 7953
7751 3849
9743 1193
6960 2991
9926 6667
6086 3040
6495 2912
5262 2508
7145 2120
6085 5781
890 110
5119 3647
7559 456
8992 9698
1216 2463
7005 4803
5945 7679
2197 6836
7440 4637
6815 7837
8821 6489
3100 5812
4141 1259
5357 3343
7996 9365
4227 207
4689 8123
9097 2178
5382 7907
9603 3219
6673 9654
2144 3230
9040 8415
2362 8559
8582 2614
9502 7445
495 3730
3621 7601
7734 6068
1554 8100
3279 1319
2593 2780
9456 7593
9808 7326
2745 7609
7953 7240
7514 5738
3888 8878
7118 8574
459 733
5793 8736
9777 7165
9799 6572
6819 1765
1226 9466
9309 2520
2922 3429
4803 5999
7971 6661
912 2721
2156 9776
9617 901
2848 2371
1597 769
2763 636
1516 6636
2012 5676
204 8909
6897 7257
4672 3222
8882 2641
1892 8903
2168 5203
7291 3923
3329 2532
3881 8556
1436 8682
2981 4901
2097 275
2448 4486
3873 1140
3371 1112
486 5170
1162 1149
7266 2093
1972 8456
5281 5844
383 6115
1571 213
9301 2176
8935 1473
8001 1586
3716 2664
9245 1504
4994 9232
1428 2175
3660 690
6677 562
4778 8015
842 8924
1694 1448
6326 5510
5313 8391
3677 9583
6997 6095
2893 7941
8507 8814
367 5130
7441 4124
2418 4535
1585 8087
1337 2544
645 3952
4897 2954
8762 4074
5247 3831
6280 9752
8150 3991
4179 8656
8480 1297
9625 4543
2937 9967
6077 8946
5890 9067
6368 9522
9325 9383
2230 4748
2790 865
8665 9653
4309 7817
6627 2269
8194 4034
2441 5501
674 5069
7395 4080
9312 9809
5948 1319
7115 8564
5986 5325
7292 9841
9568 9384
9603 2999
7600 6185
4209 8971
6867 584
4003 6241
2870 587
1310 4255
6901 1249
9942 1475
789 1164
8505 233
7770 6243
5924 5604
2891 468
5108 456
1423 8298
5699 3895
8679 8431
1835 5259
9712 3597
5879 880
2305 6075
4037 5782
1699 3615
4807 7504
502 5471
6200 4248
2206 3200
2671 4522
1761 5954
7685 481
1626 4913
2875 2147
6763 6581
9715 4686
6973 9610
4653 5952
55 4844
3628 6464
4186 3281
6937 9014
2985 1628
357 92
1688 137
3478 316
7876 2425
1182 6047
5187 1941
9205 9394
3460 4793
9715 8773
3735 3598
7850 7233
1558 2068
5149 711
7025 4991
813 3423
5003 3324
6743 2569
3955 9063
7276 9546
6829 9585
9571 9845
2425 6158
5575 8835
694 6286
1508 5605
396 4604
5812 2067
2562 1982
1478 9499
8194 7549
3727 9713
3635 3311
8941 3042
2063 6049
5813 334
4526 6203
4638 1132
8971 8401
5683 5235
696 3345
2584 9827
2667 5730
1688 9357
9131 7885
3307 364
979 3826
5783 8429
6270 3402
8343 9439
4377 1231
3646 2366
7185 107
5979 5725
5771 3569
6042 4919
6015 7313
8241 2647
1570 4141
1445 9568
7639 2138
9138 7405
3983 752
9900 1677
611 4474
4158 6251
4578 8804
8145 6890
1338 8190
1004 6005
9083 626
5974 5775
9508 8599
1592 1837
3441 1066
3858 4730
4772 6164
5288 1284
1119 9321
1807 3128
4674 6466
3403 4527
1657 7028
9494 6714
3826 6406
4936 914
475 2596
7616 7254
4347 6672
3564 1730
9928 1795
516 8435
7530 449
5885 9225
1613 4589
47 8013
6785 8379
911 1885
9917 8225
688 6212
1807 9772
808 5958
6830 6567
5917 368
4016 66
2893 3222
7992 5681
5823 5835
3226 4542
2869 5014
4 5675
5974 3127
5586 8278
9325 2501
8977 8779
7536 1318
2749 2368
9469 3204
344 3687
8638 7695
2311 6376
6131 3771
9905 6140
6992 3648
9483 7052
5996 9000
6142 5759
3756 6825
27 3288
9101 7114
3765 9137
8657 9531
4431 7335
9578 1284
8522 9171
6352 3371
3341 2259
7639 7399
3253 649
4050 151
4239 5653
2829 8096
5191 2086
374 9029
9376 9599
8510 3028
4522 3808
5486 9911
4948 6880
7606 5389
4186 2293
2446 3098
1528 3436
9594 4689
933 750
9836 5187
5744 7082
8749 5775
7628 5961
5619 1220
3210 2463
3633 4106
6803 1364
2267 3079
2705 2268
7839 7276
5468 6389
3119 4138
1605 4690
1983 2787
1157 2045
2 159
2558 7136
6944 2074
9241 2754
2097 6442
1417 6193
8363 777
1475 4439
6060 1222
6421 3829
2374 5262
5812 8861
7382 5318
8619 9864
2605 5402
7447 4199
3013 8034
3557 677
8421 3592
1130 1895
5225 9302
4202 4165
4407 29
4717 9730
6734 8086
5126 955
1120 4228
3976 1170
7058 7026
7929 1869
7075 2804
8639 942
145 3339
7928 1628
1992 3491
9710 6878
3234 5969
2080 8819
1284 5414
8021 7997
6972 8981
8163 2102
1799 5616
4029 8841
6784 1211
5206 2673
8818 1828
8880 63
5488 2168
5170 2974
4289 1495
6707 5260
7165 4177
5877 1655
6326 7049
8190 4061
2270 781
5188 4785
9947 7432
5354 1462
4008 1389
6434 3309
9070 5868
7631 3415
5944 2173
5096 6764
9750 3890
9159 8658
873 3218
6735 3240
4676 1610
7341 6805
937 1920
6170 5585
8911 4243
2645 2683
8992 2633
7909 3872
6883 4884
9665 6914
1227 2570
7829 4109
631 3526
9417 2754
1026 3950
6105 3197
9292 2336
2904 9178
4092 2396
1389 143
9849 7181
5911 216
4810 1583
6240 3521
9119 5396
5067 538
3863 4139
3807 5182
6996 9813
5145 7292
7104 8793
5753 217
943 9030
7620 8188
5669 3768
1438 3165
1735 3937
471 5836
7347 6438
8349 475
454 489
9236 8328
9193 9221
3780 9219
6724 8727
9319 6078
1400 1727
7757 2051
8209 8057
9544 4908
2414 9160
7224 8417
1353 8768
6956 5380
5303 6963
1470 2017
3375 9807
2881 8386
5368 1720
8808 4519
5506 2804
228 6980
9018 8299
4506 5513
7485 2344
2042 4470
3885 3257
9964 8729
3300 2491
1313 8748
188 4483
3149 4493
8183 9560
2027 2877
3352 7101
268 8441
6845 1143
1472 1930
7876 5614
8704 6479
2977 1381
3794 6073
2452 2305
1190 5992
9986 2486
4798 9903
6326 1886
1244 3309
2990 2519
8007 8031
6922 2394
9845 7410
2058 9406
1965 6922
8705 2342
3364 9889
6705 1220
8790 2976
3299 4116
2744 1163
1633 2697
3981 6870
855 3623
3928 2937
3721 8016
7471 4138
2668 6191
9540 6911
272 9816
5933 2010
5045 8716
1817 9743
8500 4475
6336 2500
4420 8061
6782 4257
6275 3629
744 1735
3721 5706
9683 6909
4115 1948
2378 5550
9992 8644
1664 1493
8429 1161
2916 1315
3253 6528
7700 9106
6006 324
1048 6029
6624 5076
5774 4354
9760 2349
2283 650
7687 5712
7307 7820
5723 6774
2 683
1107 1470
8842 4767
1282 8789
7763 3017
2496 9137
4967 104
4680 4507
2855 9011
3532 7659
2498 9597
5748 2488
1104 3825
8327 2779
5909 7328
7905 1515
2928 2015
1041 7948
4011 9405
1397 4613
638 9360
4754 1462
7883 3927
7790 9326
6999 954
1577 9868
49 7190
5710 4239
5028 5537
4026 7608
4909 6153
7839 1753
9053 6087
7633 2920
420 7144
9153 7106
7018 6650
4819 9985
1026 825
6419 3646
4034 5430
4 7327
1832 3400
8931 4358
7186 4123
5983 2461
4042 4078
511 9636
1589 3502
1535 2788
1632 8782
2740 1304
7691 5256
296 2750
9285 112
9459 2893
9827 74
872 7222
1566 3556
2510 6161
6024 1981
8210 1164
3353 9947
8722 3871
9059 8924
6211 5520
1521 4180
8161 8808
8758 9609
1603 9364
7864 166
3619 9058
5557 6583
9051 8299
3281 2051
1354 9531
5299 5576
7530 9106
3203 1670
3085 9729
5297 1084
7939 645
4274 2261
9234 7778
1633 8202
1970 997
2277 8425
3416 693
7715 715
2224 868
1321 2340
8186 908
4080 5432
3579 3237
4262 6215
2025 9044
9452 2769
5806 9253
4390 1011
7585 2939
3042 3592
7439 380
8353 1391
1183 2913
8107 2293
887 6803
341 6938
3541 3299
6751 6135
8807 2071
7514 9617
1779 213
5984 835
1717 3997
6681 7478
2656 5577
5023 2397
6865 1807
2230 4627
7063 7394
3848 5200
8348 9538
5310 7427
5767 6272
3005 6337
8474 5683
4256 6969
6399 8193
4666 6196
383 9096
6272 7774
1701 3542
4928 5298
1916 1138
363 2759
9014 2378
7367 7384
727 4070
1508 4448
1022 5956
7851 8750
654 5711
6096 2430
7747 4505
584 3830
9334 327
8601 7071
9785 1244
5419 7040
7072 5788
9516 9478
2803 2665
6408 854
6959 6960
4529 7706
3280 5046
1608 147
6233 5355
4956 9219
5498 7233
4136 2779
8907 5033
9416 9606
9787 9660
4474 6428
9625 4743
6767 7534
2013 9621
4023 1681
8787 6331
279 5967
4324 2796
9907 1368
8911 9380
3069 9621
7140 1023
1031 6144
2255 2115
4780 8676
2397 6323
5380 6331
9680 8545
9505 8742
8037 1172
8579 1
770 1867
4975 7062
3751 5023
3695 7311
5198 4111
2983 4979
7973 7084
2293 1091
5342 2042
1066 6643
6120 5335
6739 3680
155 9302
5434 3977
82 1810
3756 8
280 4816
5149 7882
8973 4110
9229 6939
4418 7436
7556 5701
1111 3186
4258 8849
6945 6840
4963 4930
7270 7357
2464 9469
6779 682
2568 3179
5168 2585
8545 9964
7499 7988
7643 4382
5210 8997
8078 3277
8707 8805
9959 1258
7478 3663
8573 4708
8653 104
3469 4023
9977 9612
1782 8753
8096 7919
9236 5349
8126 1113
7251 2190
5422 5756
9614 1579
5497 5192
7124 3413
3014 9233
3676 182
5812 9411
2199 8021
4869 6984
3896 3469
6181 5888
9231 652
5459 7806
4077 8552
1599 1570
9490 3069
9858 4054
8530 3553
681 4761
8563 8496
5101 1294
2504 69
2663 7888
7408 2204
2806 4199
3870 1881
5636 6532
4662 8347
3037 8700
6044 9913
6044 4697
192 3049
9428 380
2171 3446
9423 6335
9902 3738
5541 9126
552 7577
2395 3116
1787 4734
2491 27
1327 6931
5908 8458
3238 9081
7810 521
4402 5622
9731 7797
9597 6639
5564 3795
8631 3462
8194 5106
3960 8415
7719 8432
2240 8425
7182 5678
8233 7152
6764 4310
4516 5355
2374 5140
5437 4161
9570 4751
8729 930
8741 4733
3261 2411
2511 4921
6315 4869
1279 2831
8870 5865
7836 6472
2303 7396
7013 2719
4956 5061
1277 8450
2000 2952
8227 6613
7045 8955
921 4434
8915 151
6967 5932
2050 2999
7330 5942
3942 7995
776 7827
8077 3486
4902 2074
5788 8336
9687 7949
5480 8127
4493 5414
2653 4581
4469 9477
9165 2894
7282 4177
5163 6661
6117 8386
2143 5100
9889 607
543 2234
6593 4975
338 2741
741 5626
8052 4152
818 1639
8640 78
7691 9732
5663 4168
9917 6893
8209 9472
6883 149
7987 2900
5710 5644
5032 9473
2872 4225
5460 6040
6453 5716
9723 9156
9989 9077
4768 6814
3830 622
8584 8704
4958 7494
528 4697
1198 8587
5905 6245
765 84
8216 369
3077 7824
7520 940
1774 3669
8351 6929
5890 8057
5614 2317
95 5942
1920 7356
9962 8293
4772 5858
3198 6355
7060 8217
2754 843
9290 4832
2785 3273
6989 9632
3362 1602
1726 8385
4905 7375
9182 1482
8253 6566
2706 5875
1319 1296
5803 5871
8264 4611
1977 7456
2124 5529
5385 5838
6838 6512
716 914
9609 576
5759 315
9521 217
5078 4755
3383 5339
8234 5340
4700 2373
1006 7542
6737 1777
3026 1519
5598 6099
286 3475
4263 5798
5939 7735
3516 5005
7846 4234
717 4411
6292 1107
2324 3472
317 7060
1143 9122
6102 3209
4204 3171
5835 9092
2234 5586
512 2519
6641 5838
5095 7957
4954 9501
9471 3142
667 2296
3656 8599
8402 8760
664 9761
353 7732
5499 6370
4929 1846
3690 8854
3549 3215
7824 6364
6509 2486
5494 6154
3879 3475
7115 9004
2350 542
7045 358
3981 922
6435 1877
7769 9167
1267 3089
1 5923
3988 7821
4301 8197
2217 5107
7332 3322
2919 9257
1072 3803
5518 8770
7613 5218
2369 8783
7415 4389
33 6745
6961 9982
9785 6000
6735 2740
802 6968
5474 7536
4466 608
1628 4421
3214 3858
7964 875
2376 1734
249 2425
8443 5773
5955 3838
2193 3519
3926 8069
124 8725
925 5137
2617 6962
6030 8148
2284 6338
8792 8623
923 7992
2094 8330
8523 6063
5666 9814
2765 1818
1174 2802
2440 1634
4832 8670
3234 3506
8471 174
9316 1784
4999 8612
9159 4817
9198 5623
9043 5199
9787 1798
2664 7295
3695 9295
302 1738
8473 646
5970 1599
3797 948
5994 9886
7981 5608
7454 3095
454 857
9923 470
6125 9193
8950 3685
2592 6959
4717 6616
6102 6239
4305 9899
7237 8251
1017 9964
2232 439
9184 7226
879 4439
7901 3125
6952 7112
2124 702
2087 1836
4567 8395
9058 2230
6839 1748
5380 5514
3259 2715
3195 7686
5776 1253
6344 7697
3450 8881
603 2822
4915 8910
7994 2412
7270 3007
1108 2203
9831 8805
8399 6389
6187 8232
6361 9633
2992 1248
9543 6206
8934 4685
4333 8440
2318 865
7446 1691
694 5696
5058 7990
983 928
3527 5569
3522 253
7624 6463
8472 3944
7228 9357
8031 1716
8414 9878
2883 8493
9872 5518
6321 2778
599 7367
4485 2307
9790 5858
6154 6674
4882 2696
520 1616
8678 6172
6390 4646
1488 2038
1258 6723
9226 7143
3663 9646
3407 8001
7302 3849
3973 1494
308 6307
886 9894
8145 3214
5433 7381
3550 7146
7172 260
1971 3374
7459 8047
5922 5030
5501 7639
6711 1807
7858 7715
6955 1883
7345 5600
2349 1750
2263 3741
6100 3649
1902 8011
4476 5282
9248 5009
6911 1504
6836 560
9093 2665
6691 6583
2477 9314
274 8534
8667 7924
9400 601
2096 7350
4043 838
9439 688
7973 3429
9210 2243
8165 269
9970 4271
8915 9052
582 3201
6599 41
956 14
6013 8730
6725 4468
4234 6559
6275 7865
2943 6893
3585 4032
5129 8438
5296 3219
7143 3288
5467 8590
2006 1784
6431 3
4932 1381
9217 4757
6994 1708
1943 8
7872 3001
9650 6525
3619 108
3994 8483
387 9244
6233 8980
45 9688
1960 5963
8631 7615
1010 8255
3571 4232
977 6360
607 5432
7785 7749
6369 5128
1747 1297
7530 9472
2550 579
2477 4141
1598 693
6446 1870
5166 8302
6043 2436
6783 9600
4103 2265
2293 5864
815 5854
6035 1291
2059 6203
1567 2819
883 6432
5378 6593
3060 9782
7032 789
2673 178
4172 9473
8649 550
5821 7172
8191 1094
2426 8874
8038 4658
6080 5105
9507 1452
9349 6805
8223 253
6156 9674
4508 8313
3154 2671
5349 7130
5019 375
3882 6303
2114 3863
7334 2627
3946 9827
9365 6637
6867 2591
7731 3777
9449 8731
3229 2390
3971 8974
842 5706
7458 7079
9029 26
707 369
8096 6280
8743 1619
3591 7161
1134 6968
5654 7002
5604 9565
257 6599
3394 3620
3284 165
9791 8554
3375 6596
8270 7930
4477 2246
1691 2864
4043 7388
8983 4587
7811 3558
752 5867
7101 3962
2255 5951
9571 4144
7169 8746
9371 5082
608 8892
7617 5930
4807 5453
9152 8560
5923 7873
6497 1121
5385 3921
6960 2781
4239 4287
3819 6851
3905 3526
7524 4477
1813 2042
7865 6080
5329 8794
3022 2746
2423 9401
6459 4740
2514 9365
7578 9333
5923 7060
7085 5141
5385 6206
3003 5148
8044 2493
8255 5611
1372 4066
5786 3038
1456 532
2122 6401
7083 194
5339 6816
8065 202
8352 1829
1238 9292
3485 6531
2573 7814
9238 8678
8846 4734
5204 9992
7282 6294
6069 852
6638 6021
624 542
8144 771
6746 263
9743 2495
8262 1078
2072 415
4652 3989
9619 3299
9517 4331
5492 6519
8762 7668
3236 3586
4413 9384
4146 6839
5021 5147
3498 6986
8590 4447
4150 6178
8952 4380
933 4308
1546 5881
4295 3220
9525 9579
6612 8510
6131 3472
9607 3621
4280 9608
6335 5904
9288 1952
6144 9341
5686 2636
6063 3617
4045 8774
7059 4228
8765 7032
8590 3307
2756 8137
9899 5862
9953 8517
1479 1117
1596 1257
5160 3631
7223 3558
6238 3892
6302 2890
6097 3074
1449 9019
8753 1636
9165 4108
9770 6464
9025 8061
965 6226
7270 1321
9358 9646
5727 2286
3800 6369
1993 1550
7706 5119
1838 141
1350 8817
9740 3953
2136 1376
8510 1560
6302 5825
3937 7593
493 8488
5383 8869
6619 8865
8280 5468
8462 9940
9452 3930
3464 8581
1217 4779
8112 719
5182 1541
389 1009
1697 3458
7705 1646
5879 9084
3757 30
6163 2938
2751 9965
6306 2424
4426 6084
6788 7177
8312 6178
6546 8056
674 1130
973 7934
2556 7130
7127 1507
2386 9861
2085 6287
1564 5348
5381 1979
6477 7157
1455 415
5380 4624
3068 3253
3573 1806
1611 9612
5321 1850
5239 833
5945 6454
781 4566
2531 5109
354 5348
6684 3826
8626 3883
7780 8006
1651 2197
131 9178
3237 6857
2526 255
9760 7449
3561 9018
9377 2494
1216 4515
6573 9994
105 6055
7972 4791
4840 9480
361 9937
2939 421
6853 4250
5737 9208
2138 3249
706 7125
2749 5659
3652 8711
3283 2665
4200 9767
4528 2112
3034 5791
4404 4832
4294 497
7691 5285
1600 9125
5455 3709
1120 6227
115 1956
130 2602
7104 212
4497 1093
9039 6780
3529 5907
3353 8118
5616 5165
9316 1315
3128 1358
5398 6205
9964 9405
2894 9289
240 6993
6756 6662
1506 6885
9570 8132
965 5903
9622 9725
8113 240
8972 6742
2243 1822
2494 4585
8246 5385
3807 9513
9160 961
9036 6532
8881 1471
4350 6605
3502 91
8198 355
4691 7100
4192 471
3563 884
5579 9987
8476 2786
7222 8628
5192 497
6048 4409
2839 9662
5880 2681
4106 8405
7611 9795
3122 4444
641 3597
9441 9492
6526 7911
1582 640
764 3228
8555 3384
3672 762
2818 6014
6277 2083
3087 33
2165 1494
457 6296
1225 3356
6256 1560
6226 1539
5078 5138
8161 3193
1423 331
1299 4016
3396 333
3884 7220
1888 3301
5414 3376
8687 6269
6438 3317
1950 2598
1811 1305
2474 2646
3347 636
9210 2356
2800 8870
7450 9430
1115 4882
8127 1803
4886 4916
1663 8071
5961 9829
4817 4599
5128 717
3942 8959
5816 5100
3117 4418
8761 872
578 5137
3561 185
1883 6787
8064 458
3256 2260
1524 4717
3544 7169
2472 8422
8228 4811
7219 4997
3913 5302
9950 7235
6754 8554
338 6766
3237 5784
9606 8786
6768 9253
996 4224
8499 4909
5558 6535
5820 7628
9219 5312
6980 3749
2052 3907
5246 567
5691 3230
1059 7498
9830 8944
5606 8587
3741 4210
4268 1050
3747 5200
3357 9545
2591 1542
8597 841
1638 8895
8784 8599
1843 5846
3050 2929
4433 2305
5186 4421
7224 1595
3449 7337
7528 3419
9296 1652
7576 9892
3485 8631
3399 1832
2967 9621
3102 7487
7030 2764
5472 895
6102 7299
4854 2056
1685 155
3237 6114
828 4513
5478 3723
3589 5030
8618 9798
6932 9408
1205 2832
3472 1005
3588 1959
8538 2156
5093 3971
3959 2921
9039 7454
2037 4917
1520 6246
8125 4936
4896 9394
5264 8050
1926 9806
9301 4853
1486 8783
7935 2576
1804 8613
2128 4711
2154 422
3318 8885
8944 9467
4862 7620
7133 5055
1167 1704
2923 7281
2925 845
8657 7768
1902 1297
5852 6601
3717 5144
7331 2637
2040 936
4360 9383
2664 355
9749 3627
868 608
2844 9014
526 7228
7357 1742
8382 6974
7958 587
1951 5514
6576 8420
4460 9584
4353 7424
5281 8302
164 5184
9292 3335
1674 3848
3601 2600
9836 9539
5065 7183
2798 4209
7053 6176
131 7122
8886 9104
3330 8155
6384 642
3526 99
6967 7304
2339 2157
7750 790
6810 1814
51 7681
4358 7281
8776 176
8694 7687
94 7536
2622 3215
5857 2959
8682 2364
8194 5533
3558 8536
2714 1988
7189 3114
3768 7911
2532 7241
195 3132
6904 9477
4989 944
839 1514
7337 5871
5411 9162
456 9652
3943 755
3664 133
9055 201
2132 2763
974 6846
2745 9372
8060 9338
9518 3922
5467 5683
6998 9916
2894 6685
5087 9156
7352 4945
3743 6541
1888 6619
961 579
6203 8116
2511 4315
104 4926
6841 6356
5723 4761
3595 6680
9448 2206
9186 6917
9490 7051
7853 9792
43 3516
1645 7413
7950 2530
7768 3099
2841 4272
6736 6427
6655 3147
9751 6187
3496 2396
8773 940
5760 522
7692 1859
7473 6715
8051 7538
763 7474
7768 5472
6423 1607
6269 9872
4494 5792
4498 525
5797 7902
3216 2371
365 261
8046 494
3711 32
4695 204
6855 8931
2778 6917
1069 9426
1708 5489
3256 9646
7063 3731
2922 4158
882 9753
6661 2814
4330 7858
1094 4849
6151 2646
212 430
5374 6040
8043 6815
1683 6900
2590 1352
1908 7926
1980 8461
6062 9538
8754 2822
1370 5407
3237 5933
7718 9340
1937 8241
2974 8202
1884 4018
1604 551
6886 1192
5022 5695
6595 3289
7128 2840
4357 5712
3448 5021
4766 3505
7332 7514
6854 2819
1633 5399
3881 3258
9322 9978
5623 3282
1455 8722
4133 5875
5948 8446
8891 6645
5591 6390
2286 1562
8732 8901
1365 6502
1077 2398
6796 5806
2048 6308
4968 2019
4112 2670
4177 4021
8555 2074
832 5709
6106 646
6616 2447
5871 7754
2543 7452
995 9119
845 5302
4510 5024
632 4773
3788 8317
8254 8173
7053 1877
8315 9364
374 245
6260 7671
8586 5098
8489 9854
8577 9265
923 7328
8373 8963
1970 836
461 8937
815 9742
2790 208
6989 8141
5884 5099
2136 4980
9504 9237
9932 359
7302 5211
5080 5224
2900 7583
7332 6614
5827 3932
1456 5670
765 1619
9113 585
8526 4963
3551 1676
2212 2518
3080 783
6981 9129
4249 2161
6868 2467
664 7073
7092 8718
8399 9254
5294 7125
3911 3447
129 8062
5430 4190
671 4333
3725 7046
5042 379
3220 9461
1730 9080
9363 3438
2010 854
3214 7215
6926 4710
9173 8136
7250 5978
6789 3899
9876 380
2589 4374
9070 9133
2870 1167
6030 4780
3373 7133
5173 2428
6803 3017
607 6084
4106 3408
1212 4782
465 9200
7772 8169
1930 8740
597 6267
3637 4861
1067 3070
5542 9979
5546 8686
6617 6441
5089 9694
3435 4318
9393 2416
4091 3825
8421 8781
3390 4559
141 9486
246 8740
7811 4113
3219 640
5264 2922
5141 9402
3602 9977
2757 7408
7769 2324
2322 1417
6413 4875
7101 8639
3493 5712
7690 4930
5064 1485
1110 7318
9663 7600
9616 8019
5762 2871
5138 2156
4697 3342
314 6348
2527 4946
2034 369
9261 9713
8450 9062
8873 5183
5376 6695
8573 1747
3017 939
736 7572
8972 8674
5958 5820
8446 786
655 3835
7598 8167
7652 8990
978 6087
3201 886
8986 9132
8858 4580
6278 3903
1659 4541
7075 1647
1047 4014
8302 8021
5954 9481
6496 2179
518 4906
9419 2350
1834 5459
8318 116
8201 5391
1770 570
1296 9765
7039 533
707 4716
9894 2033
4270 5936
8826 3219
2640 71
4588 3908
1546 8714
1012 7949
147 9680
8029 9583
8953 5261
2835 6008
5724 2133
139 3310
2794 2617
7430 7966
4269 1973
6201 1104
6516 1415
5071 7698
392 1535
5730 7895
8650 5834
7666 2660
6961 9026
2587 922
1983 9820
4496 412
4917 2865
6345 9383
3993 9538
9209 1391
4318 2269
4914 334
8524 2089
8062 7934
6653 4088
8395 839
8720 469
9412 9553
8390 5890
4211 6363
1203 4778
4460 4457
5787 5299
3464 5427
1501 9684
9240 7327
938 5580
8558 501
729 8132
7867 3337
9087 7473
2063 5158
3522 1306
7021 8429
7176 7283
6835 7466
7206 4840
1699 5837
3653 1211
7380 9642
2240 1276
2198 8859
9527 5947
2473 3947
3882 8780
2362 9882
670 5496
9027 4835
5131 6099
9075 5654
1372 4275
7205 7355
899 3773
2999 8807
9150 6438
6792 1792
3443 1597
570 5633
797 1473
4812 4575
9045 2331
7240 106
9690 6027
4391 5415
5940 1659
1966 4154
4346 2001
4878 713
3500 4406
2955 4185
8220 880
3212 3203
2658 6992
4657 3857
769 4323
6538 7851
7591 6145
6003 3107
9750 996
6073 4004
8650 3865
9901 3420
4776 9658
2226 3790
6539 8633
3978 9350
2122 8500
964 6763
7742 2868
2571 6303
780 727
1429 805
1208 6647
9967 4548
9761 6397
4804 9272
6277 7655
4901 9503
6654 505
4432 4394
1859 7406
6291 8247
7425 7321
7184 6922
6868 3697
238 2302
7477 973
6073 2027
1896 9321
8262 6652
3951 2286
4124 1450
2148 7030
6795 5018
9285 1864
9491 1898
1617 744
7927 1380
6012 9432
1820 9693
8519 3010
1396 7753
2820 9416
9873 1672
1966 8717
7827 8207
1858 2781
391 2334
9903 5055
3229 9143
7284 5120
8210 7237
8281 7725
4735 5818
5076 983
7634 2653
1492 3402
7594 5112
4084 4470
5043 1456
4044 8445
3416 4560
8333 6065
2770 5279
3495 3855
9658 7618
582 5718
4212 2910
4631 6493
373 5190
7127 2185
199 4939
4895 6533
8197 3402
3852 8614
6610 4657
1065 1178
7595 7624
3539 4380
3243 5206
7190 4621
9352 2743
4421 3168
3929 2975
3761 4251
6313 9689
9983 7314
7902 7252
8149 3121
378 8205
23 8389
2413 6117
6280 8653
744 5873
2953 4032
6601 8596
5564 7602
3393 3386
9353 1042
6606 3056
9076 7267
1841 6072
6777 4708
1941 1855
990 2949
9126 1668
5809 4397
3104 2240
3250 1667
1051 4343
7363 5391
449 3494
3507 2114
674 4971
1246 6975
4302 338
4296 870
4054 7655
5954 6765
6327 2575
3463 4863
7242 2499
9730 1303
2147 992
5851 82
4521 4634
2871 2888
5205 9507
6224 6532
7902 9490
1280 2663
1887 3567
3449 9452
7861 4319
1270 9949
7885 4798
5927 6771
5337 5969
5623 7837
5819 1902
8268 2821
4970 4907
889 5016
4099 7804
9228 8296
9596 5495
5945 3864
7044 3055
880 6468
5984 2508
1797 4784
6251 5477
9053 5642
1837 3912
2637 6788
3211 6061
5002 7869
4026 9887
8145 4331
3173 1117
8347 3908
8087 8100
7046 402
269 674
1245 4436
8959 5225
1916 5859
3873 3123
3825 7510
2981 4723
5230 5009
6222 6122
865 2275
1131 860
6675 7452
1283 3741
9722 8930
3519 8982
1700 6161
4871 9858
9512 4934
5131 2040
1321 1821
6013 7813
1540 7468
2817 3361
3177 3416
9568 6304
981 2150
3537 5675
3833 5060
96 1532
9805 7990
3851 6382
2336 9086
6969 5606
961 8605
662 9083
5021 5386
744 1185
3807 9677
3210 1348
1562 6987
777 2383
787 2668
6310 8743
2280 1898
4091 1910
5361 4777
4849 5101
6696 1188
5497 4477
1186 5152
9523 9045
3335 3326
8952 6440
2547 7354
3834 6766
784 4763
185 1702
6032 8063
2329 1039
9994 6774
562 3857
3468 2041
95 6504
7833 8538
2200 4594
6093 3345
3498 1184
1896 6479
4336 8340
9993 2784
2177 4261
6554 9846
947 3163
2779 1635
2285 100
262 2555
9613 7917
1515 1597
985 8519
4115 1271
1637 5642
1899 1011
2186 1317
1648 9746
3408 3212
8693 7312
3539 5043
9893 9403
9026 7235
7403 5744
4682 24
1687 6173
4162 6197
7207 4322
6724 5635
9221 3583
1177 8869
5136 5044
2995 1823
8848 2088
5492 8943
1505 1344
1034 6882
7138 4660
3200 5944
6589 1813
5834 1474
8181 8621
9939 2368
8557 155
4331 8905
2142 3734
1005 7084
2647 1397
1147 1647
5067 6531
2722 4985
1600 4351
5586 4111
9936 909
5056 2883
7338 329
9871 1673
8970 4956
5485 1659
3893 8096
8637 5943
7183 4044
4116 4661
1587 5087
9679 6293
7186 163
49 2350
2463 4867
5934 7627
5248 7502
8998 3206
6962 840
8733 4408
8594 4296
2157 867
1856 6210
2288 926
3959 900
6317 7533
9426 196
9435 7829
7401 4131
5233 3615
7890 486
8627 4888
5347 7856
2240 3628
3085 1956
2174 28
6902 9822
4122 8348
1399 1623
5739 4595
7402 4746
6231 3200
3943 9863
9077 4885
3219 3651
8848 2916
1989 7866
8028 9915
7819 9448
4808 2429
3645 1351
7760 5444
9059 8779
8360 4021
1785 525
7260 4251
7752 94
5288 721
3232 6294
5077 2656
7460 7995
4281 5956
9182 2727
6314 3292
5560 3819
9542 9450
6890 5761
869 4132
5542 2471
4662 9368
2593 8166
2932 3760
563 5514
7736 718
5698 757
1718 2894
8256 503
7729 9997
4203 9852
3470 2164
6783 6572
2093 6095
1382 983
4693 6127
2137 6268
5635 7434
3714 8861
6648 3548
6702 3640
633 5376
61 3581
1099 3920
9052 8572
8205 3865
2099 3086
7299 240
5009 7371
927 5329
5997 1880
234 8028
9947 9601
6695 2826
5349 5986
117 605
2349 1170
3848 8443
5350 4157
3129 613
8604 3667
7532 7948
8227 5337
3412 7791
9074 9946
7319 1682
9921 2374
6308 2998
5385 5963
6073 1713
8014 1980
2856 8483
8994 8863
65 5230
909 940
5530 4415
984 1312
346 4197
8260 8575
5235 1651
3126 2087
5360 1246
2654 5452
9544 759
178 2912
4810 1827
2537 8345
2197 7298
3443 1540
4780 2609
6394 1448
3837 3333
5574 1093
4097 6125
8182 3832
4005 5215
6625 5647
1951 1673
4008 3160
4383 7601
1362 2064
6763 2462
57 5644
3284 3726
7811 8086
6301 9014
1772 2260
1397 1934
7067 6662
9044 8807
4289 1205
8774 8443
4346 6541
6807 2180
4107 6611
3079 6369
1291 9103
8599 4476
2027 3505
9075 1008
9529 1448
5748 4443
7326 9018
9369 1349
5472 5731
8263 8882
3189 9850
6403 7854
6371 4747
2453 3547
3388 5977
5696 6478
7627 3770
9797 288
213 615
337 8945
1338 8634
7054 457
3647 6427
6726 9270
6108 74
7638 4551
1804 7988
1568 6532
8101 4307
4231 8113
2601 495
114 3900
3346 9873
2649 3879
6691 4727
5652 3902
1291 717
6966 178
1643 8254
253 9953
9607 5528
5870 5577
7369 2902
6757 4125
245 3322
291 9784
2808 8463
2023 1173
6738 5280
2262 795
3853 2654
1415 8807
2757 2831
5040 8290
2530 7328
4546 4215
1916 1995
4468 3284
7429 937
2270 6839
8826 3959
1598 4025
5383 7242
4928 7395
1402 1922
6553 8142
4401 273
1832 3149
4413 4173
3649 1042
7840 5541
2015 9438
4290 3436
7758 563
9843 7500
6221 7447
5181 2446
1928 7866
2014 3254
143 8229
6253 5792
6251 4589
1349 2523
8921 2980
252 8002
7974 6244
9416 3849
2883 9563
3299 7875
2874 1862
2783 7062
4533 5281
5955 9072
7872 9897
4700 1986
6797 5897
5517 6948
4898 369
8027 3405
2516 915
9577 1639
6012 3268
9414 2268
5184 5097
827 7401
9767 3196
4732 3155
945 6237
3111 8192
8831 272
5752 7987
1832 9188
8732 9507
8851 7277
8072 5983
259 6132
7006 6470
8570 3049
302 9878
4766 3107
4067 8164
1196 2140
4488 8375
7008 2774
3921 8220
7019 709
7796 4866
10000 3450
750 1651
7276 8667
5440 2384
7607 4371
2468 7940
9270 8085
4861 4820
5287 7223
5528 375
2737 7833
1158 4380
2083 3914
970 1635
7463 4484
3768 5298
3867 594
1733 5623
2153 9462
4393 3797
7829 7932
1204 5560
4543 2435
6183 4300
8220 7639
3028 8310
2774 974
4165 1889
3347 5239
2157 4976
8003 6441
6918 1018
3813 9095
7158 7730
8275 6141
9511 473
2007 5682
3769 2900
3637 1724
7676 4585
2851 1109
9701 306
2507 3828
3241 685
5788 8895
691 8849
9290 2982
808 2824
8027 3989
7814 8340
3247 6750
5683 1726
9034 3047
6030 7595
8609 3134
3057 1003
6275 952
3990 8763
5947 219
8434 9614
2204 3591
5097 7916
4789 2074
9312 578
2514 6876
9802 1885
7486 896
8112 5933
5618 2017
9164 1343
4329 5415
6357 7948
3402 7048
9654 144
9918 5537
103 6583
3210 4599
9209 908
777 3245
6618 3202
1088 5917
4535 6857
4223 9748
2313 532
6277 1145
9665 9901
8481 8875
1919 8873
6956 5840
5763 4972
4056 6731
8918 8563
7231 3751
2175 614
6343 7588
7225 8684
5380 5836
8739 5814
9499 6037
4113 2025
3344 5545
9336 3093
1561 5388
4398 6297
7470 333
6697 7837
809 2315
5864 1586
503 9443
8455 3887
3388 7755
5945 4069
4828 7920
4453 5374
2170 4060
9654 5977
6961 6894
5295 4801
6876 8389
8764 1798
3292 96
2153 7387
5440 2365
2237 747
7079 6634
7824 1643
6627 7964
7902 5471
6688 18
9028 6217
3903 9671
5387 7012
5085 3433
9969 2974
547 2875
297 6019
581 1257
7138 6335
6021 8518
9646 204
8820 6845
5365 8860
3588 3993
8534 8062
6024 6542
5127 3088
9179 292
8077 8821
3486 9962
1102 9620
1507 5407
4590 8663
3309 6511
1971 1455
3439 3976
12 3178
5401 8160
1477 4578
4609 3182
3589 6077
5716 8465
727 4793
5289 4903
4803 4155
5745 7848
1747 811
1502 4106
7549 8499
3262 5113
2285 3587
1392 3501
5570 1951
4311 5224
1871 1901
2842 4437
9131 2816
6454 3325
9116 4200
2338 4049
2954 4828
3256 5018
270 6682
5089 8658
5392 3356
36 2881
9025 7628
6392 3420
8865 7868
850 9246
7570 7993
4252 8223
1533 639
6741 5220
8896 8241
3245 9837
232 1716
5226 5960
352 1428
9640 311
4650 126
1041 2194
8447 2542
7763 1620
2756 1337
8131 7997
4908 4084
7615 6570
7483 969
2894 4813
3979 7909
3739 5937
4654 4759
8674 1728
984 3310
5338 1874
2167 4763
1499 1996
2123 1353
7641 7553
416 1828
7078 5810
5534 5463
4521 3068
3980 4293
9041 9326
3592 8261
2363 7580
4547 2957
8430 9936
6469 4650
5178 7720
5097 2285
4445 7793
6933 1149
974 2231
5327 7874
6430 3582
6408 1483
9372 2871
8336 158
7123 2547
2274 8414
471 1562
8551 4375
7140 4761
6426 1830
4968 3784
909 6771
726 1651
5074 3080
5524 8230
1286 7070
2737 8771
9804 5561
9382 2696
8175 7176
6893 4826
9875 1551
2231 6238
5618 6139
5260 6944
5782 5299
3329 7565
7385 1364
9001 2202
4052 2359
1865 9688
2403 6074
362 5398
3306 5174
4577 821
1435 3019
5917 3072
1560 4914
4623 1528
5014 4438
1059 3786
4780 9566
1694 8120
2617 8267
5743 4638
6687 8259
3382 2306
3097 606
1480 4046
9813 1862
7798 7088
6365 4424
9574 762
7803 9811
7440 8915
6316 4524
618 9152
8973 3201
4309 6074
5011 8749
5237 715
1111 4119
6274 3347
8104 5449
6079 1861
7535 1229
4696 2901
1528 7189
1054 7931
4395 1609
3286 1442
9415 710
7831 3469
9229 8841
8231 3612
3285 3137
9580 8751
770 7338
9554 1637
2470 4448
1959 2553
9995 2939
3735 1225
5796 6175
1361 1178
2435 9740
7580 3717
4513 6373
4406 3727
1727 3180
3331 4480
6470 826
8680 3625
4420 9379
5043 7564
1554 510
4732 6391
6028 723
6193 6590
8359 5305
9311 3665
8337 7698
8550 1908
2125 3952
9860 3479
7958 6980
2293 3990
3910 269
262 6782
6131 5767
7380 3078
1026 5607
7825 210
9783 2368
6158 5087
8714 7565
1532 5117
3828 3038
7239 3749
3078 4949
1526 2839
4727 5060
612 9013
5260 8983
9858 6225
5286 6089
4011 1694
6871 770
2475 7405
720 9730
533 4370
6675 5003
2465 1819
5947 7379
7504 8533
8514 9927
4548 8484
4150 6307
6597 7985
488 3548
817 6523
6580 3995
5200 8486
5386 6095
7733 7936
3611 8723
9032 3655
2366 8731
4364 6621
7043 6403
6009 7117
9884 8513
1882 3655
3656 3665
1366 902
9874 9606
4298 8807
20 7197
4018 92
3178 739
460 8322
8543 9325
4181 3721
6223 8920
7295 8935
4781 9852
2237 1921
8954 9396
4297 8152
5988 4146
8855 9326
4014 1862
9272 769
925 7471
6353 4714
7170 2923
5333 1647
913 5577
1320 6908
8996 4809
9135 4734
2136 1534
8480 6927
7802 327
374 8342
9199 8820
5808 6379
3812 4082
2526 6665
9928 653
904 2115
4596 9930
4839 7558
1432 5582
8602 7122
1748 4693
5577 6556
7399 9317
9841 7679
8817 8121
6509 7151
6656 2822
1784 6746
486 9097
8656 7313
2975 6644
9181 3620
3001 8104
9279 2263
6122 1505
6989 9829
5852 5936
122 3499
4168 5132
4239 1284
4702 8653
6907 4069
7038 5348
9153 6674
5567 8798
71 92
1321 9407
5508 2117
245 2854
6765 8532
6320 9574
260 2056
2996 4959
4088 1225
1359 4973
2405 6411
8472 6863
3587 5149
4338 9659
3098 3973
898 4140
6995 8946
1537 6965
7022 2057
4499 8650
3222 5700
8672 81
5003 2396
5179 7249
6602 1959
3196 8895
7879 3293
3456 6752
6381 3004
7858 3075
1615 8017
8636 5140
7460 4380
5506 1406
3671 9454
4247 9023
2389 9663
5140 7378
621 1002
4713 7354
4606 4486
9220 1018
7018 3723
3292 1384
2933 6813
2217 6980
5511 9740
1248 877
7316 3462
422 8881
8216 1882
8285 6571
5815 2878
2996 9879
9327 9591
4224 8885
2853 4155
4280 9522
8988 1059
1935 2886
8700 2315
7342 6823
8409 1639
1516 9495
220 9823
8792 9601
6232 8481
5722 2949
2864 4367
4827 65
6149 1441
6647 4515
3909 2880
8540 6652
5770 221
3648 2446
6950 1812
8477 2112
6740 7775
2532 8197
7647 3654
8436 7841
6104 9951
5980 8880
711 9713
8528 4474
8926 1393
5232 5980
8151 9133
7477 8713
2157 7690
3009 317
8765 4169
6174 6418
9751 3770
7702 3250
8879 1713
2487 1940
9031 8555
8793 4144
4343 1063
7313 3711
8309 5852
3541 4079
3773 7951
1878 6074
5752 1510
4910 5811
3039 4814
6301 7376
9498 6810
744 9984
1015 7316
9390 4297
9024 8118
4206 7587
6561 7125
9702 2440
7764 2784
5449 8672
6775 934
7846 3167
6975 1288
4551 7306
6479 5735
37 6683
854 5641
5690 2791
8964 344
2901 1373
2908 4029
2580 7118
7978 3169
9532 9390
3567 1717
5144 8682
976 6243
6793 8484
9054 8195
7449 2240
3604 5486
3873 98
1501 574
6883 5126
5447 7239
2091 3696
318 3239
4584 9706
7019 1030
5951 7350
4807 3744
7123 2096
8002 8602
5446 4583
8032 4962
9431 7116
6745 9181
9614 7443
1934 3482
8977 9506
1001 1008
1342 5850
3703 4261
1204 1385
9921 9104
3419 3176
3386 1517
6200 5961
7295 9297
5843 8081
2764 5882
6637 7496
6046 8498
4377 2602
5463 7800
6942 7510
3972 1218
348 6487
8324 7170
3734 7248
735 2348
1709 7780
4018 9253
7499 6390
6108 6178
5336 9660
4917 6814
5520 8007
9464 1675
590 3522
8207 8524
6059 9780
519 3999
4118 8319
2255 3605
3785 1455
1324 2284
5906 6143
4232 2731
6456 8554
9508 3657
6587 4063
8973 5177
2844 2339
2768 3515
5996 2212
9099 2215
1920 6022
4616 2044
2970 8120
6383 6766
3278 7224
1363 6995
6409 7303
4365 9292
8822 6689
372 2708
7574 97
2222 9952
5689 3242
9540 5383
3648 4744
9885 6997
431 5002
8045 4609
2538 6729
4405 1417
4447 6840
8341 1128
8927 4365
7569 7840
658 4095
9392 866
1584 631
4770 1685
1443 2531
1173 5207
1914 1252
5124 2553
7811 4549
406 7511
3765 9045
2834 3882
9837 1647
7556 5890
4484 4494
9809 8841
8339 3132
5070 2233
7219 2594
9535 2481
7809 1083
6873 7476
4472 5934
2186 132
590 1556
9107 3131
2910 4030
992 2051
2308 2053
2122 9053
9416 8918
9863 4325
8552 5224
3724 7467
8391 6982
2247 6011
2803 8835
3661 3242
314 7047
1253 2543
5612 1978
9370 412
1543 4710
1017 5375
5032 7527
2965 4950
5370 2927
9318 7881
8297 855
9481 3795
4328 8851
1447 7506
4752 4790
6368 120
3745 6915
5322 4159
32 831
4231 4859
6544 8171
7857 4865
1492 6604
8821 4478
9306 5874
2578 4665
4885 9574
4282 5003
9568 7318
8491 3761
2297 7012
7637 2287
4380 1921
201 914
1319 2195
4535 8540
110 5564
9272 3098
5484 6877
6242 5095
3498 1175
6856 1392
5941 9994
7880 1440
3962 5565
7547 3132
4389 2627
7926 484
7150 2512
4509 308
7253 9213
8944 85
9748 2102
5838 4213
1117 5005
9590 822
5532 6309
2179 6342
9402 9786
7843 17
2673 836
5594 5540
294 7823
5502 2011
2296 3198
9682 1399
5928 4088
3930 4687
8277 7058
940 3909
2814 6708
1041 2241
8304 2815
1387 9355
3517 5686
9547 4208
6178 4437
2425 2465
9590 7854
6449 735
5372 2549
9963 4810
5749 8088
3776 4102
3830 3770
777 9451
5307 6769
581 6500
25 6296
131 1836
6849 3493
6184 4051
265 1736
645 6954
2167 7031
4659 7081
7245 3201
2411 2727
5435 1542
579 6648
9851 9639
4359 9662
3643 9032
6013 7307
4219 6418
6876 6750
8272 8068
8758 6144
6035 2165
5672 3611
8227 8732
1839 8041
4094 1851
6897 8896
4017 3843
4251 7204
5098 6127
3512 4933
3181 6407
2947 4933
9721 6909
2898 8627
6973 3334
6083 3649
9903 9217
5734 8608
8286 5397
7509 7166
7410 9256
6104 8628
837 3445
2513 7214
3642 8758
2870 7213
9592 862
4810 6211
679 5560
2288 3558
2451 2276
4789 6290
3592 449
1876 9675
3171 8526
9000 4571
3999 241
5527 8796
5551 7865
899 4683
4863 7120
9883 16
8861 3430
2840 4537
6552 4224
1947 9196
4519 6944
9317 354
4144 7479
7951 6108
4022 8683
1456 6933
5976 3687
3475 7834
8128 3684
2757 4178
3457 4863
4812 8418
7283 4207
6086 9870
2115 8815
1589 4758
3300 8448
1920 8690
3908 5988
627 8762
2292 5494
7833 7493
771 2544
1067 5740
8849 6542
9246 6832
9432 9699
731 9056
1468 2351
1412 8731
7453 9313
3740 1023
9233 6961
2663 709
548 5720
9385 59
9747 7650
8901 6051
1126 3818
2238 4075
8306 1144
9339 335
8106 3404
3526 131
8336 6081
3493 4203
7963 9757
3742 333
3067 1720
9426 2385
7040 481
6516 3979
8463 2901
3241 8973
5095 8583
3733 5960
7407 1258
9820 8944
113 1814
1895 1406
5123 2681
4816 5932
4357 8252
9744 6590
5863 1022
7899 6256
1673 8140
7127 6066
831 8060
7248 9187
6044 1973
5110 6080
7367 9713
5286 3476
1397 4829
7351 4208
9373 8495
5682 127
2656 6961
2713 5261
8996 2228
1586 1420
8047 628
9133 3429
9554 9006
5126 6181
2652 3184
8739 684
9720 8402
8147 1312
3216 6413
4216 1424
8947 8931
4203 9559
4197 2114
6424 3375
4153 1762
1803 3538
5077 3938
3266 4737
7646 676
8897 6008
8912 5476
9804 7582
6307 8278
8625 6395
2139 4589
9626 7506
2015 8460
6306 3561
5627 4000
7466 9524
3334 5110
7677 4836
6989 8127
3067 220
8436 7072
8391 1284
4128 6170
6300 6145
9284 9359
4756 9229
48 1446
3532 8465
7062 614
5727 8030
8907 6973
5243 3860
8851 6819
6150 4100
3320 7314
4892 1674
5563 1258
1252 1185
2916 6652
9035 7309
1121 725
2385 6884
4139 3132
8693 1878
2883 7989
4018 5423
1310 9449
1967 8101
3327 502
1976 6678
8923 9679
7908 2456
2981 5360
2938 1451
5205 2366
1630 3572
4597 517
5174 2989
6919 9861
684 6883
8587 2242
540 4762
5421 3905
2667 5526
9701 8830
7719 4483
3960 7466
4095 7484
4953 568
6715 4383
6237 2824
519 8993
2806 5941
4592 7737
6208 5908
7890 4181
3597 4093
2469 1630
9138 6882
5180 975
1221 3541
3760 5988
3908 6981
8245 3242
6058 7133
3668 8848
6567 1596
4946 9195
9153 3263
9927 7883
5138 9609
1511 6035
7645 3325
4793 8173
5672 8983
160 852
1450 5431
8288 6230
9556 8594
7965 7774
1187 4369
2689 272
2061 6317
6969 1364
7357 7812
8274 6746
2153 3365
5558 6270
779 8783
313 3100
3546 4874
1070 3124
4263 4363
7307 6809
7003 6734
3670 685
5541 652
485 645
3898 8683
1461 4246
1449 3982
4544 4206
1012 3639
6854 275
3357 8376
9640 1682
6594 3281
4188 7319
3845 9259
4633 5885
7665 9896
8592 3147
4635 3422
1575 8519
8570 4455
6102 8152
5772 5226
1458 6705
783 954
5037 5001
6051 9072
1201 5752
3966 6997
8603 4529
4697 8106
1894 8183
8267 636
8771 7890
4299 9179
8291 9009
7881 3454
1390 4955
4982 4062
9552 7249
5850 9898
2553 8960
9844 6906
1233 3706
121 2874
6216 7408
1631 7951
8531 4990
847 5573
3064 9209
670 3488
777 3792
8948 9563
632 8089
4046 2069
7172 5406
5907 9123
4665 2229
6032 6972
3786 503
4832 1828
1742 171
9771 4906
1798 4155
2757 5387
3139 2962
203 975
6988 1108
4200 730
9949 2551
8246 9890
477 7306
5961 1338
9446 6445
6225 3428
723 7663
3185 8836
2707 8599
4554 4143
6761 89
6661 4823
3474 6567
9662 5329
2695 5759
1379 8964
8273 4903
3175 7228
3441 5643
6333 3321
7783 4809
2345 9493
1720 3271
5578 2939
9452 31
1731 9899
6298 3767
534 2687
1362 9006
6125 9302
1479 9110
3538 337
7351 3267
4739 2851
7848 9671
2654 5907
3375 2085
6624 7452
4264 1973
7721 7240
5128 3372
7361 5472
1099 2724
7664 1846
6910 824
6983 4707
4733 9089
9046 4983
1741 7327
9155 4589
3295 5208
5869 3997
2732 4598
1610 8649
3656 4975
637 8905
5699 9088
7822 3223
9669 1061
6654 9233
3032 4129
9937 2422
1665 184
1580 7099
8813 8331
2956 9334
7192 4635
2237 6554
5178 236
161 3491
3008 51
662 9162
9943 9208
9798 4575
8323 9439
1417 5841
5461 2588
3003 2385
9294 3448
133 4944
8750 9090
2983 3040
4761 6894
3325 6602
2850 8450
5449 1449
3246 1532
9444 3301
9448 7323
290 14
1190 5081
1177 6726
2739 1435
4508 3596
2450 6496
9008 841
4548 3976
6393 724
9036 7491
6018 1229
696 253
957 1056
3107 316
3943 675
8616 8588
6610 9089
211 1775
475 1006
6219 7463
3093 4122
3779 3505
7823 1172
2015 8923
654 6467
865 8495
2509 1583
6478 8221
482 9907
9141 3861
6431 4700
4662 9718
6382 409
5138 9870
9162 1864
70 9030
7710 1087
3735 5215
1507 6385
9772 1430
3547 3409
8907 8534
307 2880
769 6492
8133 4659
5713 6187
4495 2854
7612 8992
7544 1649
3538 6278
2400 6542
1272 6055
7625 682
590 8928
300 990
9251 557
3165 3756
9635 2803
2230 4392
6955 766
8331 1033
4996 7878
1033 6677
307 6251
8345 9545
790 4471
666 6347
9618 20
2414 8156
423 8510
9759 3557
4699 6925
7913 8775
7333 3056
6411 9457
1236 8308
5810 3812
6979 6081
4254 1773
8398 2900
7346 9894
84 4488
9749 6648
7711 3969
1969 7825
7130 4386
748 6722
3173 2721
6511 8794
4099 7611
6296 5475
2622 7942
5616 6840
9461 4503
7682 7807
348 1904
3423 7558
2424 2927
749 6875
970 2510
6492 3065
2417 3547
9449 7181
4545 1691
7988 3208
9842 1349
640 3909
2937 56
3109 3026
8057 3416
152 8506
7436 7793
5762 6460
6625 2950
81 522
7625 1811
6498 6314
5803 9545
7351 5694
1496 9146
1689 469
2284 5712
3515 283
6817 6602
3959 4339
6190 9653
5812 1662
3750 6657
3863 9585
9316 4280
9470 5145
8719 9605
2814 9075
4618 2495
1260 7081
9524 1958
7269 8096
6959 8707
4303 4186
1712 1093
4152 1813
5099 6610
4123 9127
6193 6151
7537 8982
4938 3205
5954 2363
8105 5186
6581 1911
4008 9074
3291 228
6935 8563
4695 2667
7216 4900
7697 9266
7882 8604
9982 5542
3834 4246
9858 6818
4478 5491
6911 5763
5745 2574
1886 7858
2452 9412
9251 4448
6929 2522
875 8082
4850 8957
4249 9825
4213 5423
3707 3236
8401 5773
8058 4685
9258 9082
3101 4711
1132 5456
2420 99
1801 1799
4928 1373
1240 4700
2590 5376
4150 2641
6753 7650
7204 4702
6525 4274
6924 7967
7650 7871
9155 802
5304 7461
6046 4200
9252 6848
1496 8386
4813 1228
987 6852
8056 6713
6760 5034
8675 2446
4253 5796
8979 6
740 8919
2427 9782
2132 6789
160 9009
8844 3452
8951 1154
6687 9248
9020 1331
3719 8186
5154 7447
8992 272
9560 1748
4119 5958
9897 2472
3630 4914
920 284
5018 6294
3175 9177
4435 2706
7183 6549
8977 5051
6547 2108
1479 434
8429 327
8769 322
4816 6117
9320 1157
3039 8409
1234 4579
8957 1331
6490 9484
1254 7680
2407 3074
298 4354
6242 3099
9973 4454
3880 8486
5950 5731
8536 528
8812 63
419 1823
5486 3663
3287 5168
7409 2689
8834 9566
8871 3961
4852 5560
3975 5453
8092 7069
5641 6264
7776 1910
5103 748
688 8208
5333 6493
3784 8864
6821 829
5261 1280
9165 5568
21 4531
6894 4645
462 1151
2967 4364
8545 5756
8386 926
67 7652
1358 4926
7071 9645
4454 7520
9350 230
3177 7928
960 1338
4413 6980
2697 8848
8164 6382
6464 8030
1034 8395
2473 1128
4885 5604
5216 9248
9102 5482
9141 5757
9919 9420
9975 3372
5220 919
2627 2128
8281 2630
1614 409
8862 6929
4939 6241
5107 9716
7368 1017
4679 2120
4034 2856
8577 9807
319 1778
6055 4569
8934 3883
4104 7887
146 6721
9910 1157
6093 3039
9753 2257
5110 5098
2754 3156
7016 6740
2931 8243
5300 5402
7994 8065
7126 1252
8309 8163
7125 5646
4486 7696
5879 6090
7005 7533
9058 9885
6343 2509
8134 3665
7014 7529
8622 987
3986 2200
6767 5185
4887 3699
638 9659
6453 2534
6541 2799
8658 922
6715 9719
4948 8434
9223 7999
2030 4623
5994 9620
7651 3313
9949 6269
9799 8229
7138 224
5770 4665
4843 7980
4535 6881
1572 8825
846 5898
9884 5541
4515 7399
7983 9422
3309 4418
1023 6797
2896 4488
8053 9242
2279 5969
5549 4677
8153 3202
3459 1517
6627 5217
4709 3092
5752 7652
4108 4499
7274 2586
7573 9086
1081 5971
7635 6746
747 7344
6149 1230
3634 1521
144 8634
3985 6939
1758 4276
2436 356
8197 135
394 2583
2642 49
2722 4934
2059 4844
7150 1093
2836 4602
3873 4075
191 243
3754 2972
2286 1609
8588 9174
4989 4237
1838 6747
8212 2017
3318 6661
9778 7915
6218 9554
7731 9943
9947 6713
7055 4581
7201 3975
1718 4822
8717 8214
7981 5029
4136 1124
9928 9806
2412 9966
3122 9056
221 9982
7360 6414
1785 8151
4439 3250
8561 2983
1878 5427
2238 38
8537 5000
9465 7851
3072 4040
1755 3952
1151 2779
9007 5684
2383 9256
76 5477
2891 2661
8829 5293
4463 7542
9131 9918
6231 1099
7193 3785
9797 718
4719 1019
3758 3948
1292 3400
8567 8113
9437 5915
7656 1733
798 4598
5773 4958
6859 6347
455 1180
2668 5393
7595 7040
6967 6123
7017 2985
7203 6939
9015 1595
2829 4830
7784 5837
5348 5369
2682 4460
8531 7792
3266 6695
7249 9876
9029 3470
8356 2282
9787 7308
2058 7056
7641 8107
7213 9985
6471 6989
8986 1485
9872 5398
2315 5706
3493 1642
9607 2561
2710 2063
6113 2334
1562 9029
1417 7590
3899 2916
472 2049
2671 299
2633 1120
8302 5508
2103 3787
2082 7759
8253 525
5519 1032
9240 6947
1576 8899
7358 7847
8756 1468
9573 1356
3938 6661
1666 7874
4940 2980
9426 3478
8704 5971
5336 2485
6087 5568
4184 8873
9151 6502
6029 1226
1921 8964
9979 911
538 1706
7203 8156
3737 4780
6615 5734
9602 4083
1676 4925
9522 4910
1747 3460
5297 6704
6426 113
321 6175
6315 5652
788 990
8647 4816
7854 1221
1219 9025
6692 727
3055 4484
3383 5669
5253 5406
5571 2345
439 7002
7829 1517
4280 7950
7671 1442
7472 7029
3140 6779
1666 3593
7921 5556
7757 6585
4909 1395
9959 1771
4169 3183
4140 1886
6237 9368
3814 9375
6677 9063
2260 6426
2856 7172
4180 1965
8861 5691
5355 321
9493 8395
3723 1231
9287 1095
317 5886
7486 4640
3511 8700
4909 2864
4996 9480
3653 2670
940 5705
5564 8414
6754 9583
412 7811
8915 9586
9714 1516
2272 1138
7140 3598
6281 6159
1435 5068
8602 6135
2800 7672
9500 8422
8665 117
5475 448
9800 3932
5582 1521
2690 1138
8851 6918
9116 931
6267 3953
8890 7550
5729 4693
6656 6525
3449 5035
8730 1494
197 4810
878 8770
5862 8611
3003 1855
740 2034
1657 3075
7006 3013
6322 4537
8793 2942
403 5593
4327 7272
2860 8985
8547 261
1427 2878
9648 3580
3346 957
8000 3451
4560 7776
848 6002
3303 1551
1268 5543
9017 1579
4790 5432
2543 2476
2134 6225
8518 2418
1503 809
5911 7576
8856 1178
7652 9919
9613 6577
5271 603
221 7660
9497 6093
3019 6393
2753 9241
2846 6344
4484 2489
8823 3092
5247 5381
9741 9403
518 3593
6513 4895
138 1641
104 4846
4341 6475
8390 7870
2305 4140
383 7105
4153 6687
1249 4646
2359 1526
6577 3869
3476 412
9308 9370
6139 244
7792 9172
6275 2864
8386 8920
5451 6060
1046 2727
3319 2934
1338 367
61 1840
7321 5513
9806 4087
4727 4683
936 1567
8873 1611
4224 1518
6760 6704
4740 615
7780 6291
8471 5542
6467 1341
9574 2277
5752 344
9222 1245
4127 6039
1964 536
5185 674
544 4386
2950 9491
5112 9087
1460 7127
7769 3539
2008 6597
8381 6610
6508 5582
2602 8499
412 9674
8039 8298
3606 7287
9498 4924
2743 5918
9253 3625
3433 4441
3271 5235
5732 1118
9329 373
1378 2034
7966 5769
6191 9612
2205 4906
6094 5929
6977 170
188 498
4195 8688
9301 7204
4408 9044
3481 100
977 1063
6839 2730
7699 5853
3197 675
5839 8276
977 2014
1484 9065
761 5375
9170 8743
3967 280
2715 553
6075 9456
9201 4580
2845 7808
7028 245
2950 7742
3999 9374
5488 5519
6356 7016
5781 8335
4709 2205
7921 6810
7801 5846
7484 2575
44 7922
2868 5643
3751 1208
8669 1252
2029 3665
9557 874
3242 6726
8072 7064
2995 1639
4779 6849
4581 1068
4235 3334
3817 8136
5186 230
9212 94
8438 8965
3408 8810
851 3089
6829 5257
8874 9653
9464 200
71 2240
1749 8252
6080 5350
452 7505
5422 4822
526 1911
9621 3971
8854 8604
1060 141
819 7354
6013 1357
5658 4332
1284 7755
1507 7386
7908 7490
6104 5002
331 1804
4061 6148
4521 8943
6671 3181
3439 1604
5156 5012
3312 7605
3323 2710
9145 8475
542 4732
2910 5629
999 3979
2845 8835
157 3842
7302 6653
4357 5452
1594 3530
4502 3302
1254 3253
9764 1437
167 3422
2247 7400
6995 661
8540 6114
8354 1225
9109 899
2147 6720
1451 3803
9526 9590
7962 2435
8900 8098
4446 5492
431 5443
206 4164
4451 2749
5657 1608
2252 569
8389 7666
2672 8624
3635 1041
2913 8448
64 6086
7049 8629
6844 6419
631 7342
2916 2537
4858 1841
4406 5627
8722 9630
1125 4749
2594 964
8087 9588
1656 7396
2983 5964
2652 6043
5546 6277
2361 4261
9761 2087
1257 4423
4824 1003
778 3473
5828 5084
7643 6963
83 2927
3664 2241
18 2631
4481 493
8605 7837
5652 2319
8244 4010
9562 6528
9030 7172
1549 6847
7368 2260
8725 6227
846 3296
9894 3433
319 2574
36 1605
5138 1020
7764 3488
2459 6949
9220 2994
6574 5375
6825 7816
9198 5083
6337 2753
6650 5637
640 8449
4865 1523
3716 5230
8180 5600
3223 6728
2822 9066
5131 2972
1043 100
8841 7646
6835 8404
6232 9187
9169 7786
3073 428
3685 4024
6228 6454
8785 146
5111 5373
7044 6359
809 1684
7907 6781
1317 6932
2583 182
6333 7331
7082 6923
28 3053
4344 9257
5253 8855
1377 7217
7606 758
2358 7237
2796 8429
3627 5737
5750 7987
1511 4813
4893 4903
8922 2263
45 1679
1658 3109
7361 12
352 4805
9769 2108
8997 3337
6327 843
5999 2374
8948 3471
8680 2689
9916 8539
7178 4007
8658 724
8682 6490
1172 3262
7930 4039
584 2665
4920 6593
2245 5407
5764 3628
1822 1274
7619 6030
9815 3059
3648 8530
933 7295
8928 9908
1775 5707
3255 3118
5249 2076
1788 2561
5161 4202
9451 659
9427 5650
51 945
5329 6970
6038 9835
5257 1076
9845 4287
6387 2473
2749 7519
2710 5021
2191 9986
2873 7919
3487 7796
2248 4599
6872 5758
2687 4223
5817 7239
8378 455
7547 8037
1268 7218
1711 6430
4456 6101
8125 6622
7026 5117
9540 7735
8739 3502
372 5575
8021 2223
7313 9326
1695 4913
2787 374
9890 8889
7170 5456
4554 965
716 1304
5031 7731
1129 2982
9114 4999
7718 3109
3031 6088
8071 4138
8793 3653
8184 894
2344 4731
1987 5557
940 3698
1202 2267
3223 2828
1469 3550
383 5127
5679 5743
1898 9152
452 5621
4238 482
6700 5388
6008 9542
205 8248
7958 452
3155 1720
1279 615
2576 902
2648 5699
6597 8857
9451 9727
4482 6322
3608 4949
1368 7916
7463 1183
3652 7039
147 9326
5956 6659
7881 8699
5617 8149
6632 2940
5623 5395
575 4112
1958 6334
4793 9721
6265 9125
5651 2339
9791 5138
7283 6504
9529 5943
7631 2594
2513 6493
2475 2368
9186 1685
882 5844
1795 8487
524 4220
8742 822
6295 8519
823 9389
665 8632
309 3615
9215 2477
8788 7925
9774 9925
4721 9512
8622 1213
6633 9800
2167 4507
2899 6792
7559 2320
4040 470
658 1458
8474 8468
4813 6198
7675 4167
8865 9365
1648 4436
7844 1018
683 9173
4761 9411
4313 9868
6964 3933
3422 9341
5479 4707
6421 9867
769 8535
5463 1870
3370 5881
3598 362
2816 8571
8831 1330
3306 2912
6012 5255
9553 7901
2492 9934
1235 3219
8490 9822
9502 6707
8101 4058
3981 5991
1887 363
3685 3960
6991 7020
307 2780
5702 95
7303 6126
8418 8102
3215 4331
1942 1305
2671 2127
9048 7822
3500 3672
246 3747
3392 4554
3705 9456
4556 5448
4246 9291
9790 7128
7361 6816
8430 1508
9188 2820
5588 8410
8377 8270
3130 2739
795 9380
5838 1760
2995 7015
1174 7154
5391 7578
6102 1552
1082 7604
9398 4227
1260 9228
2881 5633
3124 8716
12 5481
1270 5255
5293 4033
8461 2181
2902 1318
6737 7838
8005 3927
4789 8252
9184 4112
2543 8811
5412 845
8891 7132
6015 7541
3501 4312
7066 6134
8642 6742
2638 2176
1976 5678
4356 670
6238 6749
7694 7310
6749 6598
8438 4816
2699 8837
7775 9054
3137 6508
9416 4635
3605 3233
7226 4665
4357 243
6767 4350
6090 1476
9206 3134
4144 3930
1027 5056
7085 5446
7983 2024
623 7141
6716 9680
2808 2633
2498 554
1418 1291
6519 4191
9508 7662
1165 8935
25 4284
6718 5065
5457 66
7926 3958
3428 1414
3867 2989
4192 8311
9557 827
964 2512
2727 2831
9008 68
4221 1244
4444 5344
5440 9842
8696 8737
1275 7753
9518 5262
1965 2122
4542 6219
2322 4314
8290 1099
1752 9331
8564 1942
3517 3149
3189 7319
6675 7647
3006 8132
9124 7823
2086 2417
5210 980
1081 1338
6314 2580
4658 3565
7867 8432
8959 206
1229 7930
8 7511
3868 8005
9017 9500
6278 2486
5529 7730
9074 6567
4323 376
8697 1048
7027 7817
5172 6060
4383 6909
352 8941
83 1142
96 5962
2133 8862
8795 2596
2670 6743
9714 1995
2178 709
9564 6393
9026 1477
753 1092
288 6916
9746 5743
4763 8419
4981 2599
4138 3454
2772 6423
3241 1508
4635 5747
5301 5581
4480 165
3181 6448
9103 3352
2489 1858
415 6489
7535 7855
2851 1785
6047 4429
4386 791
3601 2656
4606 7176
3693 5542
8267 8677
4392 9738
7781 7881
7514 322
3058 6553
1252 5843
2159 3186
2203 5793
1182 8454
7723 7721
6822 8274
4555 6155
47 9138
4662 528
4327 5434
4208 4303
6846 3415
6612 2470
6142 1522
5634 9607
4613 1738
9412 5706
9319 1669
1386 1928
9528 2034
9070 3495
4430 9247
6582 1895
9471 7795
1880 3593
4739 2077
4654 7430
3828 2412
5785 7905
6641 4890
4338 6519
4544 9759
2999 8379
1334 8038
7916 6236
8429 1032
3870 9157
7752 2456
709 8015
712 7833
2000 4975
6746 872
1816 9178
9845 1505
611 5806
6510 5268
6112 704
3561 8722
165 7765
9263 591
7485 1253
6174 3320
7226 253
9180 4715
3330 7442
7136 4386
4579 9357
1567 4649
292 365
843 594
2602 7499
3296 9002
1257 8370
7688 790
1876 9331
4483 6690
3595 6079
6364 826
7056 3890
1415 1900
8652 9665
7424 6651
1990 2989
733 5300
2491 8371
8079 3642
6080 5871
4859 1498
7886 2288
8259 2192
1907 106
8680 2757
7564 6376
7912 9546
4091 8736
7473 8950
8694 737
5565 7888
9414 3680
6086 3779
8635 7140
8122 8673
8182 5375
9369 7228
1924 1793
1922 3219
6848 8681
3854 4278
8518 4368
5045 9535
1873 5025
681 9867
3288 3273
865 5418
4847 802
9783 104
6760 7176
2855 7775
8857 2022
5311 9723
7109 2779
639 8223
6101 5209
2317 5801
3399 8841
7302 4913
6756 4549
4681 7715
76 6449
7941 625
9098 5290
4292 3353
2711 5548
