10000 10000
6566 9721
1637 3251
3107 3976
8145 3513
4044 9701
6042 1684
3513 691
7763 7694
6950 5372
2641 2948
4506 9636
811 7039
9094 3915
9694 9793
1251 7930
7779 4583
8003 1554
5376 3849
7924 5230
7022 2767
9571 8365
5244 1991
5486 9165
349 5429
8955 4323
5944 3957
5703 2013
4860 1047
7723 6616
5175 1213
1420 8631
1027 7232
7256 8191
7895 7074
3089 5635
7038 6469
8392 7565
8787 8067
1537 1831
9372 3107
7329 9878
966 6551
6992 9892
9646 1608
7770 9193
944 4586
4357 9289
7693 6030
9322 2059
9837 9045
4731 473
904 779
2145 2310
829 7983
3185 299
9808 2591
7852 7120
2880 8258
2785 8712
9912 3785
6654 4310
690 4392
4863 6672
9786 6745
761 901
907 8696
5544 5336
5397 9668
4031 2919
4591 2627
8516 6490
699 3557
7864 6450
5922 9415
4056 4221
4466 459
3357 9944
7163 7924
4303 7855
3376 2959
9697 7771
9870 7772
4782 6132
1353 4923
8812 5025
2354 5697
2173 2638
5148 3492
6269 3577
3390 3175
8341 2482
6174 2319
8423 9383
2179 5285
606 229
8599 6065
5813 1035
4558 831
8264 9077
3673 6140
2815 9571
5466 3704
5367 1288
319 7696
3534 9523
7645 5502
9740 9869
1970 7869
3959 1227
6612 9395
8259 1496
9651 5270
358 4373
1862 5245
8370 703
1318 728
3927 2817
4332 5973
5868 5301
7442 9283
1687 626
111 5173
8915 3069
2846 3426
3635 9390
404 5982
8316 9673
4792 7594
6142 6777
7737 1196
4043 7852
7313 3910
1599 6330
8423 4639
8009 7848
1806 9177
4319 8531
1274 3778
3088 9082
3859 3117
2683 3100
2554 3589
8391 3085
6343 7868
7537 2550
7199 1680
789 7681
8747 8721
6846 6995
6273 4651
2687 2412
2765 6116
6585 201
681 5717
6048 5219
4126 8884
7896 6893
1127 3572
2661 374
688 8735
478 1309
4329 2505
675 7658
6769 6007
2241 7005
5476 3771
7360 2790
3734 6651
5201 7907
6943 8207
8142 9106
6830 479
7633 622
3249 97
1867 493
8275 653
2463 7984
2267 2291
2331 5564
6591 4428
1923 3868
2690 2572
6050 3090
2191 5145
8445 9236
7735 1273
6283 8679
9214 5470
1811 9449
5109 145
3310 2706
3613 1891
2552 2816
3220 2472
951 9491
7489 457
1594 403
3635 4440
9338 7734
9677 3772
6160 7085
9791 7755
3945 2187
2584 9233
1915 3851
1960 3508
856 6590
5273 8529
1367 1360
8455 7293
8289 7847
2799 8378
8516 4744
3094 5574
4372 1456
1795 2520
9748 9665
8910 3305
1165 8194
2309 4961
987 9617
8114 2791
4931 2037
5889 4463
1094 4481
8299 3812
2664 9348
9921 288
1514 335
4912 4986
4861 9303
8209 9190
2175 498
9954 6386
4541 5572
7820 3656
3634 7847
6948 3412
2525 9248
2160 1398
5480 8360
2147 1900
8957 3026
318 6097
979 5933
1997 4498
1074 6633
2650 9395
7972 8421
6844 8277
7235 3510
2610 4135
6027 4954
901 3600
7191 8739
4843 8854
9835 4488
8452 4241
8609 8223
9516 3528
8858 5607
6319 8748
9846 9117
2906 6560
3228 7580
2568 3066
8972 1507
4236 3025
5897 2667
1474 4398
9043 1338
8760 4162
1032 9670
4731 6328
9626 4597
7100 8114
8667 8741
8910 5184
4572 2740
831 1922
5599 7437
9173 7655
6037 9374
4316 4769
2538 8021
9233 9662
4758 8184
2797 2466
7505 6021
7565 6472
6577 2114
6722 3203
5480 29
9867 4067
5212 3798
2340 4532
4300 2765
7771 1758
1281 7237
8532 1618
6808 3370
3802 6058
7577 730
9898 6723
9253 971
2594 5792
591 1056
6093 9954
5936 9479
8346 8471
8285 8899
7412 1254
109 3648
8534 7903
4114 5532
6627 3640
1126 6376
3872 3066
7301 742
7075 7702
7835 7262
4525 8222
9362 2016
6989 7341
8236 2410
2568 4282
6876 4966
87 6760
5369 5485
698 1429
511 5009
2408 8712
9473 15
7192 2980
295 297
5398 3984
6374 2948
7123 506
7144 5900
5246 2146
2142 9455
9816 199
630 9232
8467 3541
3984 8987
2562 487
3008 6729
3743 2526
7395 2576
579 903
9487 1785
3 1964
9555 1396
3219 2204
4757 3926
765 8969
8981 6558
6435 7733
5757 9243
4719 1896
1418 176
1487 6042
705 2068
2562 8584
1997 7661
9907 4754
4366 7909
85 5847
3626 1284
4704 5685
9579 7625
7509 218
1640 4977
7832 1208
5026 2858
5071 9938
4702 387
3896 1870
9263 2713
4860 8204
1951 4182
115 5262
985 1684
8904 7654
6396 6605
2533 6134
5553 8840
3501 6115
4570 1282
8478 7760
7772 8249
9813 3592
2427 6269
5275 4562
906 662
694 512
7486 6366
5206 5971
1957 6437
3782 7215
7238 6664
6723 1544
3187 9726
830 4695
3785 7354
1905 7338
9891 3900
3298 6597
4746 9782
172 3519
4422 8228
4181 2451
399 3751
8244 3234
6461 5809
6102 2175
7088 6075
6354 2726
9546 2753
5645 1806
6860 390
709 2703
3841 8606
3941 501
3375 8199
2197 955
5158 8035
3502 8774
4046 1188
1354 6219
236 3753
1313 7989
8442 4769
9568 3299
8262 701
8159 1106
2934 2895
6547 9429
8642 1478
4221 4668
1594 4106
4026 1898
5026 3021
903 2045
3346 8841
5726 6907
5585 4532
8923 7928
5361 7988
3570 9695
9527 6662
2647 4069
2706 2690
141 5902
9879 1936
678 6274
4244 5400
7392 4186
2502 6435
2687 2645
4781 2186
1611 90
1372 2726
2503 3073
3467 6285
4626 1162
98 4043
7446 9979
8440 2908
1271 3321
9697 9713
3916 306
7728 5292
3095 8471
2621 1838
9225 8764
6396 2012
8323 3372
3024 3225
9689 2317
9946 5528
8066 9757
3290 6563
4956 5932
3962 1992
8784 5697
6806 4858
8599 9565
13 2305
995 8218
6983 3106
4947 6405
7798 4420
4238 7172
2531 1230
2176 2368
3545 6895
8282 351
8986 8251
1639 6839
4661 3701
587 9853
6475 7727
3455 4662
628 275
16 9704
3748 4426
8348 9383
156 823
6796 4719
8446 2257
5725 7744
4574 6878
8729 626
3628 3452
8020 5422
7486 7104
3651 5426
539 8994
1276 4025
664 8348
8144 2017
7642 296
1982 9329
6201 7947
2499 2056
5883 2134
157 777
4905 7282
1924 1078
220 6820
8687 2216
951 6584
4007 4865
7393 9641
8915 3889
2775 986
2426 7060
9951 5530
2469 5682
229 7830
6909 8037
6520 7000
9356 1611
7975 5223
9447 5016
8332 3325
2290 5567
5131 1835
6753 3431
1997 965
7286 8306
1177 7962
8974 9548
8523 5250
491 5696
8097 7826
4654 4331
8595 3309
1269 8202
8779 3130
1939 8560
4094 8246
1541 1635
1666 7864
6044 9198
5870 4575
1368 9139
1649 4361
2961 7007
7771 4896
789 4437
7223 595
9422 5417
6912 7826
7905 6320
3879 8745
9105 643
197 7178
3214 4393
3754 4993
5102 3051
7097 2392
202 6063
1532 580
8624 9776
8670 215
2172 4783
6590 4115
3965 8588
2835 7627
5336 9546
1396 5122
9712 3011
5899 6026
8148 5625
6160 8852
6208 8690
323 6651
6890 6564
9730 2331
9259 1007
8754 7271
7507 7425
6742 1674
97 3948
4292 105
3697 9274
1017 628
1591 222
7016 1007
1242 4928
5210 386
709 2626
6757 9897
8597 5945
6710 637
7228 6665
2124 2437
3725 867
9787 1873
8694 4415
5771 2960
7184 4711
3988 8942
1632 9646
5929 8654
1459 9712
8791 5854
9012 4182
4170 4990
6553 7317
4500 1833
3955 5526
9441 2400
1821 1424
9392 8627
9695 5720
8326 4208
4056 2875
3119 9056
5791 1467
1580 5809
1823 5199
6355 6824
587 5496
6896 5101
6047 1606
6691 7566
9925 9180
7929 4161
6850 3225
792 1160
2102 6404
9571 2177
6635 8598
2784 5274
9084 8679
9476 9628
9422 4425
8913 180
3967 1514
5830 3713
6433 7550
8438 4798
4687 2029
1374 5030
7932 8211
778 4011
3979 7823
3684 5507
1306 4525
8917 7213
5592 7093
1684 7580
5405 8235
9043 8115
6748 10000
8431 4624
1126 1699
6456 5801
6851 1287
127 2633
8246 6135
7710 7032
2452 4143
1403 3150
8516 1112
9015 9802
8456 5327
6835 7444
4986 5290
882 8138
5586 1526
8720 1941
7604 8416
9025 8161
4091 6980
1099 4907
5038 4564
1507 5387
3710 2346
32 4372
2772 6627
2139 3282
9881 4815
121 7314
7440 2061
131 3068
6202 9479
7280 87
7407 9875
5985 4775
3142 1949
7763 101
9612 8875
3649 9550
3005 2223
3436 8751
2648 7153
8912 3208
1134 9802
3297 5597
6102 2834
4053 1037
3378 57
1258 3795
6139 6066
8741 3855
9804 1845
156 6777
7338 2259
7182 5311
4650 6380
2040 6175
778 6583
1518 446
2544 7348
4683 1010
8374 9706
1474 5490
961 2272
4361 8112
3465 4787
259 8922
8936 5132
4878 3809
7646 5721
6713 3772
2022 234
2835 6849
3858 6624
3704 1176
3504 7321
9157 2584
5718 2586
2782 5185
1858 7947
6862 8397
3114 1653
5067 8813
4462 3088
5090 385
4032 8075
8410 1344
7560 2015
9374 1287
2647 6796
782 6890
2468 2407
8162 9662
3659 9197
9927 4192
8038 1719
5593 320
2875 88
9257 7675
9369 9801
516 6005
4050 5950
7 9755
2766 2765
1771 317
1968 4429
9624 4391
6954 8098
9705 1900
1783 5073
6423 1892
535 1036
3950 9867
4602 1330
484 4969
5704 2174
7443 479
9318 3788
797 6043
8203 6340
6704 5079
705 4667
8664 5796
3541 2706
8353 9267
3742 3560
7346 2981
9444 6160
1892 3332
4210 4429
7962 5468
4578 9921
8720 3933
5520 3841
1637 2559
3498 9406
7411 7025
1804 468
7900 8535
7870 7349
5237 2043
7247 5821
9333 7465
3923 164
5940 7326
1677 6248
2471 9257
6164 5568
3758 6804
2397 6176
4947 6967
7340 1445
3696 7922
2274 2599
8892 5350
4647 5960
8049 821
4074 825
586 665
2191 8935
9178 8769
1044 1463
6352 1735
9699 4456
8532 9841
3757 8671
4708 2243
7480 4747
1923 9845
3189 9644
4763 4293
7639 5286
1044 6507
59 5358
868 3214
1532 1171
1251 4896
414 2561
3510 3611
3480 4735
5579 4106
7468 7016
6466 6675
733 4419
5019 5187
9681 7995
198 8732
9675 4885
5041 320
5102 4017
1503 1055
8290 8383
8368 3252
1953 9842
9409 909
4869 7371
3996 974
5460 4716
7327 3864
2974 8378
2474 6648
948 1860
1445 7347
2648 7127
7420 3790
3167 9211
5381 5446
7873 4896
3299 1697
1887 1420
1080 4964
289 6140
9447 2132
3729 3086
5960 2724
9143 7354
341 7244
248 3257
6312 4129
7511 7195
2124 8760
2278 1164
6952 2957
4753 7845
5380 8403
509 3219
7113 2423
5225 7631
4155 9578
2329 1255
2597 7482
3241 4889
1233 304
4904 2018
4174 8382
4282 3085
9657 7386
4522 7909
2230 5471
2461 7180
504 1852
2171 8978
7663 5249
4227 1247
6907 5626
5379 6163
9034 7675
8332 7338
4329 9467
6301 5787
5965 4723
2042 5605
7089 2137
6049 5293
8789 181
3592 5661
1131 841
5288 246
4444 712
904 9201
3051 2900
1061 2564
8626 8155
6543 3869
5368 8685
9883 20
4183 3081
8931 8375
8050 5793
7072 6978
5769 9596
9805 8862
6283 4480
2339 6387
738 1400
7930 6521
4500 4337
1619 3024
6293 9086
9062 6462
6652 2224
5162 7987
2887 8698
2154 7829
2731 1448
1866 4433
3870 1536
1819 5169
1541 2189
9863 4575
1384 5210
7042 1046
9728 3186
3358 7921
8518 5942
6142 9909
7047 4662
5708 769
7701 2127
7978 3213
7889 2507
8767 6945
5354 9132
9417 5782
9053 3703
8465 9799
2786 5351
9037 3427
3771 3009
6647 5447
3344 9514
7095 1815
1979 889
9157 7260
5809 9237
1734 6584
6841 2688
177 1610
4048 829
1445 4711
7527 9067
2810 4859
2912 348
3776 7130
8228 7681
5917 1604
378 5901
299 2598
3437 6106
7204 4167
5959 1205
7813 2813
9469 6022
2556 3338
5340 386
5810 8780
2233 8642
1625 368
1288 4036
183 8431
1261 1389
9662 209
791 6519
3192 5487
9975 5830
5609 6008
8460 4524
9669 9583
2214 6853
6431 4851
6181 6870
9482 7626
5007 3097
7701 4750
9008 5562
6243 6419
7595 8632
438 2889
7313 8092
2277 6526
6707 5888
4195 5116
5187 998
9820 7389
8082 9837
6388 6684
5084 4666
8494 3696
4242 3418
7891 4244
8724 9387
9006 2996
8515 4223
4864 9086
4240 2659
3116 4569
5311 2421
6844 1634
9572 7743
9846 9541
6641 9940
1078 7184
2124 3467
7941 2253
4898 900
3111 2900
4654 5284
4580 2877
1871 3285
3620 6054
7428 7571
336 1283
4025 1879
1504 3519
6615 7188
388 2157
4022 2446
3212 2511
8939 8282
1982 1370
8496 7152
8339 2581
2575 8339
8141 3588
2074 1256
1452 8858
4296 5492
7627 1149
7652 1030
184 6540
2875 7076
1151 4173
2917 2945
9567 6637
8732 9429
3836 1933
3119 4096
2614 2962
9830 8949
3923 5469
99 3886
7164 376
3827 4399
7739 1459
7558 6951
8956 4278
6475 461
902 7332
2581 7345
978 1346
6263 2542
5785 7641
3414 3966
9042 1531
5321 2825
5225 1671
3483 7236
3625 1301
6565 7579
2487 2317
1669 7031
7955 8128
7099 5709
7471 6194
8833 1864
2347 6236
7860 8564
9176 5005
589 9307
4786 3588
9516 990
4409 8160
6323 7680
7766 133
4618 3633
2748 6643
4475 8974
1377 7295
5996 6500
7750 8129
4053 3032
2635 8715
1409 3754
4415 3349
2414 2980
1075 2246
4442 9779
2897 3711
9283 1907
582 3191
1653 6476
8459 165
7028 794
7480 8800
5976 1824
7693 3319
7183 7692
4867 4008
6364 9681
974 4809
3224 8154
3199 8430
3692 840
1175 9915
9585 6915
7128 4602
2904 5333
8623 1426
6943 819
8588 7473
1410 5987
2318 4761
3730 3001
6131 5148
3735 3228
7385 4334
3914 8315
511 879
2419 1134
8791 1172
1018 17
6523 6308
5165 4743
1304 1781
8397 7690
1084 5959
8234 8605
5703 8263
5761 6426
7577 2982
6099 6589
1242 9686
1942 7258
6428 6142
7340 2933
4356 4698
3929 8837
1948 8061
6792 4556
3628 5397
2131 358
5416 4715
3946 4607
992 2445
1905 5749
4417 6171
7594 7271
9204 1437
1331 9093
8426 8581
6733 3824
5545 519
5231 1311
646 7427
7706 9938
1783 9255
5445 8089
6092 2008
7605 4236
389 8740
7357 9063
5926 1185
3922 8095
6991 2974
2663 8241
8047 374
440 6703
9091 1475
8397 5690
3925 9786
9387 1362
1022 3146
2206 462
1684 3921
9835 3044
5160 1394
3872 4773
5441 2310
2344 7193
9386 496
3084 9435
894 1506
9863 9782
795 3217
3465 535
7152 8327
4881 4620
5659 9677
2840 7364
4826 4348
2820 1899
5636 7466
9767 1597
363 1644
1687 8009
234 3015
6303 7722
6631 9779
7971 6584
5516 4210
7032 4722
9758 4055
8795 810
9069 4264
4337 9001
2215 4995
308 6981
1209 6825
9923 8567
2153 9094
2338 9301
2442 2352
2591 8462
8988 806
9292 5943
7179 5731
2262 7436
5239 5784
7297 6347
3693 5137
249 5886
4612 5382
7608 9780
332 2154
5782 5026
6337 2385
6249 5140
7981 3147
8781 7324
5754 8010
9916 2008
8768 1869
8877 8178
1148 145
8120 2956
1030 3339
691 8847
6836 2840
1594 7101
524 8950
5351 629
2502 7051
6933 4906
7883 2845
8269 294
8783 2632
7497 4239
2332 9526
3166 6760
9106 1577
559 7678
1646 2724
2340 9025
7773 2512
701 1061
8364 5521
3196 5345
4297 6438
9466 3295
2244 1710
1014 3667
3989 3720
1253 7410
8982 8415
7976 3305
4793 2334
5470 2862
5167 9961
8436 7871
369 7356
4925 9088
9493 2987
449 9455
9436 1706
484 314
222 2814
3537 4054
1352 8137
1962 1605
8892 1065
2720 8252
7952 2482
5271 6171
282 4530
8782 7152
1634 8141
5828 3925
8617 5281
4802 3551
9693 1828
8191 1284
36 2045
8921 8373
4912 560
1964 2222
1297 2815
3371 2349
2391 9899
3947 583
4741 8722
9741 8944
2639 3448
6531 3626
9502 9149
510 8539
906 3588
2347 6836
8970 8100
6813 3861
2771 3475
5164 9973
4495 1815
2466 6659
5978 277
7041 4386
5360 7642
4242 5639
8519 9671
1720 1558
4979 4148
8392 5639
2975 1584
4280 2914
3368 2490
3420 8063
7096 7183
7029 880
5848 9032
9105 2556
644 7118
1660 1181
8014 9209
1774 9937
8471 1017
7643 6399
6939 2651
5828 6380
9861 8225
6876 778
8638 9541
1514 8837
4114 9796
4586 6278
1779 8241
8948 1727
2382 1738
6473 9881
7643 4152
8388 4856
5753 9504
2108 2141
6337 9838
6760 2605
9590 3732
4589 6996
9251 6387
428 4357
4116 7240
6428 2816
7773 6031
4220 6171
1249 3267
1712 4712
8248 6014
6701 3722
7687 4965
4490 8089
3190 3708
1694 6472
4249 6142
3429 3451
8739 2978
6059 3104
1454 3253
2708 2454
8379 1806
3708 8201
1363 8645
9172 5214
2893 1150
5889 175
5659 5043
5722 8859
6577 5066
7699 447
9989 1301
972 7336
9698 2075
864 3876
4545 9386
5143 2464
7208 7779
2761 441
905 2624
2209 6236
3705 8726
1691 8169
5114 5195
8303 4381
4641 7534
8403 7312
7020 2868
6359 1161
3784 9251
3865 5782
5867 5000
7010 5432
6933 8976
3290 5829
2120 7772
5744 7943
1872 724
6411 1967
5561 8690
6293 9896
4586 7546
4000 159
9620 2316
287 2745
1720 2894
645 8243
1959 7271
3153 9257
9290 3238
3770 7613
1313 4467
6258 5811
7646 1935
8913 6149
574 6609
5314 5958
2679 4346
1247 2395
6124 8930
5022 5220
3286 4200
3350 993
3425 1187
9973 7148
5077 1216
9237 9356
8853 900
1795 629
340 9965
4625 5603
7785 7847
2551 8434
4250 9993
3459 7738
8933 9807
4388 7030
7328 7183
690 4078
4931 9548
5438 7629
4155 6374
1290 4932
9172 3073
1962 8496
8333 5231
5535 5533
8892 9110
6751 8503
3691 9357
518 219
4509 9856
3774 1933
1755 8664
7933 7857
5204 2967
9077 4535
5448 4990
8091 8528
761 4803
7930 828
9061 963
196 1454
9654 4917
8226 2658
4457 122
8867 4180
3377 1800
131 9000
3535 8282
6915 3002
7035 9870
1980 7014
6941 6152
4364 4643
6179 7718
2429 4350
9027 3203
3723 9194
9892 7599
8847 2701
9065 2782
1511 4278
124 6172
1971 2612
8703 8484
6032 495
7277 6493
6803 9526
5683 1763
1396 8091
2044 1260
9754 1100
3795 807
7793 4892
3492 7302
2049 5751
9093 647
8017 5481
3401 1321
9371 2463
2352 4531
241 1635
6846 6888
7759 1845
7784 6537
7035 3995
9036 2682
5762 8430
7991 5442
646 5001
8400 1980
2830 4235
5185 9837
4517 3070
5919 3406
3967 3563
8642 4498
1064 8030
719 2918
630 9055
8418 8001
5694 7792
1899 7049
7873 9003
5304 1587
7084 6286
6624 7404
7750 5896
7045 9285
3703 2638
4454 6400
8963 6229
792 9271
6583 1601
7938 4256
2756 1556
1820 6494
8346 5232
9441 7240
5069 796
8486 6536
8472 5825
4237 7154
4932 3789
3440 736
4831 90
9843 2086
9119 6095
1084 2548
1447 4581
1604 8392
3040 5056
1290 5168
2528 2376
4528 3946
7893 7097
9351 394
2738 1008
1373 2626
4061 6278
2199 8748
3718 1646
6987 62
763 4105
865 840
6861 9518
8884 626
1950 580
9187 9987
2339 5600
4092 5670
8453 6507
8774 6078
4370 9539
2230 3024
6384 7045
215 693
2744 3835
4846 7739
1782 6518
541 3472
599 9270
1006 4069
1513 4462
6936 9728
8442 1590
9128 8728
418 2939
6696 9317
4421 9431
5065 5370
4711 5080
3443 6753
853 3501
6447 336
1627 4901
9583 2580
6993 7009
3260 9649
5322 8352
5021 5981
8059 7346
4690 7249
9021 5619
2117 8655
506 9012
2201 4493
3415 4688
6898 9925
3550 7799
8876 891
1311 6139
6524 3111
6939 6218
5000 6102
8530 9208
2992 3148
4978 179
9899 3174
1055 9088
3101 5446
6803 6923
23 3038
8430 5485
4662 6015
2903 4199
3284 249
3409 2425
8959 2829
7895 694
9640 9978
7853 9303
9459 8442
9547 7715
7934 6256
4878 3194
6776 3858
4050 2117
8976 1462
7256 2401
9876 3645
7542 481
4883 7071
2061 1268
3545 2305
3884 4546
4659 5641
1570 6225
2096 1890
8679 7891
6040 4060
409 3102
9329 870
9550 3858
3571 8033
8950 5678
4744 4247
2660 4737
2947 7828
2967 5486
6003 4927
5487 2195
1598 5266
9523 2870
7638 6333
5847 8955
5523 1966
9129 9288
6012 6276
7168 1724
2379 8834
4137 869
535 2068
13 5374
815 6806
3389 3212
1116 6893
9852 8376
6059 8841
3115 7448
1884 7422
1089 9470
1751 3165
4084 7541
1140 2680
7332 5605
8034 7757
5001 8841
7576 4166
7918 1111
5886 6100
2154 7891
2728 7215
686 8133
7707 4166
5313 3484
9694 3620
1002 8310
4156 8658
9881 8961
8089 5500
7030 5704
7233 6511
5290 5773
5261 410
1255 977
9623 5622
9649 8281
3748 7715
8261 6827
272 6853
645 9812
4992 6206
8750 4663
6231 7264
2688 9963
9297 2966
9815 2535
736 4613
313 3158
2044 3484
1468 4316
7550 3093
7826 8451
6146 3031
9411 129
1543 328
5203 579
764 9269
4055 8028
5532 5609
238 2271
6267 6119
5802 6928
3364 9395
6944 7799
5442 8885
6562 784
9255 4048
197 7783
953 611
7530 4022
3374 5828
6640 5248
9058 9709
3205 8216
3678 8136
1825 2926
9562 8816
1668 21
4001 6002
3617 1813
2034 4919
1105 349
8388 1835
1839 972
8267 717
2578 4803
1679 2406
4173 8590
985 7242
9048 5353
6351 7096
8306 4277
8808 7724
653 3268
5595 7390
330 2629
7464 2707
6227 3292
2661 7612
9389 8027
7244 6422
1075 9082
6438 6921
8581 691
6718 4394
997 9876
3293 2558
2100 3989
2696 2322
2559 8433
5154 4328
8643 2990
6435 6184
9621 206
3849 351
1048 4265
6104 3612
6106 3778
1690 4051
2204 6949
5493 6506
5025 2533
8311 2397
7190 5037
8974 4903
3751 7594
3750 5397
1678 948
2714 2093
5543 1998
7789 6839
6580 321
2130 986
7316 6127
5539 6283
8948 8074
5609 1728
3669 4387
9274 2307
9120 5711
4460 573
7156 3141
6518 6992
4121 9871
9131 9994
4809 9884
4382 1671
7310 2137
1668 55
914 3674
150 3917
4278 90
4426 1025
6029 6813
8112 5789
4997 9610
5027 7248
2264 7778
2654 3318
2219 8438
7578 2256
4802 5396
7590 7257
6126 973
125 5143
9670 4278
1751 5066
5222 4332
8367 8174
7765 1497
820 4160
3490 5650
5616 5658
5127 4518
5417 6396
3783 641
9010 4064
9463 377
5437 3820
7479 3398
1972 3386
2918 6111
633 5656
373 7447
2919 9764
1102 439
7454 6549
4831 8055
228 9347
8360 6690
2130 6057
8184 5784
3444 3412
9298 6983
11 9395
7381 1294
740 4734
6554 7657
1148 9424
9883 1396
2630 5197
4826 5952
2131 9896
814 6365
1927 4668
1140 7934
4177 9944
6358 8484
9960 1109
1374 7683
7463 9827
3410 1855
9026 1947
3038 7713
1713 7920
5470 3453
1110 6688
4288 658
3035 8954
4797 5430
2840 790
9206 2203
7004 3515
803 8669
6698 775
9323 5256
8004 8778
4702 7590
8487 598
1388 5386
4805 507
412 6203
1033 9263
1397 7497
2407 6290
1699 5414
4154 9693
4862 3761
121 38
5578 1582
865 8844
3337 2797
5909 7719
1959 6317
9843 9075
7190 98
6964 4361
9550 7542
4135 762
4629 9716
6554 2283
8002 1794
6122 6168
6971 7186
7099 594
6305 7776
8727 4561
171 3710
9516 5936
7444 1170
2877 8575
2589 1584
8795 4469
9289 683
1214 1836
9020 878
5845 5122
1750 5357
8058 7822
962 7369
5574 4079
171 3119
5614 9984
3143 1715
1224 524
4982 594
6434 3111
6294 9889
4962 3631
7594 4148
2132 5950
6169 4858
4711 811
2550 2204
8339 5071
8823 9511
7240 7198
5923 8790
5917 9983
2134 841
7496 6393
9962 8344
8422 9506
3575 5373
4193 2461
3995 1773
5810 9381
4237 5842
1646 3167
1572 3751
4402 1145
9107 9129
7858 4470
3870 1280
3093 2243
3586 5433
8857 6267
9334 3493
5812 7395
6266 8707
9279 9384
9582 2704
236 1218
7950 8331
9206 3818
1548 6721
2750 2087
6930 2050
7251 8227
5886 2394
9656 7258
506 146
9895 680
1612 420
4635 9228
2763 874
7073 637
7009 1404
2457 3363
8593 7136
4009 2204
6772 3155
8947 6752
3967 4413
9300 8614
5405 9247
7188 8336
2460 9949
9259 7978
6871 8823
9986 267
8025 3172
8490 271
494 7644
8585 530
4015 7381
6736 5579
3101 402
7619 6807
8458 2672
1955 3586
7424 4271
6330 1598
5579 121
9661 4321
6749 3707
6025 8584
3573 7208
8510 149
5814 6511
3792 246
8629 4503
2132 9009
7954 1128
2455 6733
5207 3592
7224 8913
8505 5205
6786 5978
2556 6257
7877 3682
4448 5392
5971 5066
7489 4906
6171 9945
311 8401
2315 2851
3409 4253
9003 5372
313 3307
6206 3822
5578 4250
1178 8176
6769 5104
7325 3221
2646 4261
4744 7846
4730 9512
2107 3412
4421 8497
4577 7148
2888 9026
7452 1496
5890 2692
216 5360
724 228
687 8178
7498 2037
3952 2769
1901 2336
5775 7885
1668 353
5161 6409
3920 7010
5777 133
5576 529
893 7058
4013 9409
1563 2146
172 6195
2703 7475
1292 493
6774 2719
5456 4654
9743 1898
5150 579
9028 7340
2002 1063
8092 6781
9908 4144
7390 4553
8726 3861
6348 2787
5713 5885
6073 3577
6917 1449
7459 8035
5687 8015
4405 3176
506 118
6810 2584
9325 8824
3040 1770
2589 3235
6561 4184
2144 2485
6415 8807
8204 1664
6232 5262
1580 102
1466 7380
3349 5452
9538 1166
9141 2019
2583 8090
261 6756
7475 9657
8798 1377
2827 4170
8937 4024
7656 1653
1640 8913
1387 7845
4906 7422
9899 3219
6769 9020
7291 7955
3254 5518
8060 8810
8449 7045
9371 8818
8899 3208
8122 5762
9506 7854
2469 349
3112 898
2526 36
973 5625
9899 9429
6290 4931
763 3210
7995 4912
2160 2517
6982 9270
6206 720
1967 2945
1897 9525
7160 8426
9197 1354
8944 3184
5107 8927
3745 1638
6383 7991
4282 127
8609 4130
6378 8300
6303 9596
3536 5365
3745 1094
1444 4646
1219 4463
9615 4880
6347 7193
2346 1677
5211 4703
6174 7608
2948 1337
6030 4337
8504 1991
7265 5240
3238 5337
5753 1951
8058 4554
3235 3275
8782 6523
114 9896
4406 5416
2875 3327
7975 1613
8322 2536
4735 1891
1818 6681
7256 1824
1720 7402
2224 6320
7187 9094
8569 9247
1561 617
1634 8070
8495 6853
3070 4458
3030 3580
1135 6771
4791 4076
1095 5391
5515 896
403 6811
8061 1270
8364 7447
9135 9550
4945 3077
2874 5137
8446 4872
7511 9345
6694 7946
2283 9622
1469 3363
6789 4574
838 9531
9971 8226
9082 3943
914 6957
8912 1171
8651 7554
5661 8077
3154 9812
8128 2170
4714 2124
5777 4035
3873 3494
6966 9794
9127 418
7903 4513
4554 2066
7008 2513
4583 2192
4375 5501
8072 1236
1021 4488
8897 7024
7603 6396
5221 7532
7298 1321
4656 4125
2533 1373
7482 8734
243 7039
5119 3389
5358 2000
6049 5553
7201 2343
6359 7699
8476 1107
7105 4560
1552 4096
5672 6485
1707 7901
3341 2365
2044 6066
6215 523
9746 4335
1732 1051
8375 920
7911 7994
5882 2724
7560 4849
3035 3464
4595 1787
1950 4615
4688 8068
9390 5137
7412 8054
4553 898
2081 4279
6013 9751
4467 6013
7512 3181
6583 6740
7280 485
6722 9008
585 6401
1937 77
193 8129
146 6806
4422 2693
4061 3215
7480 568
4113 9159
1782 6510
2572 3556
6920 3536
6048 602
4988 986
8555 2410
6934 2600
2329 6515
9641 5556
8591 1675
8418 6402
5433 420
4582 4821
5028 1764
2833 1159
7336 2542
8100 8668
2507 788
6539 6394
9161 9610
394 3635
732 4983
1378 1937
7074 5913
2287 5529
3496 393
1515 6165
4437 5605
181 3292
3953 5794
6521 5490
204 6258
7273 4119
6142 6882
707 5108
3567 3669
1013 9828
2761 1693
8717 986
4861 7913
6819 4472
9189 7291
7354 3106
2703 649
8032 3210
3762 7695
3676 9957
7401 3673
2130 2421
4293 3054
9325 4277
594 8724
3191 1076
849 85
1114 47
1155 8538
600 3350
4769 3746
7866 730
7338 9154
4013 2493
3946 169
3497 8765
5175 3466
4565 5944
4343 838
6354 6309
3129 6032
2335 1702
7767 8020
4798 7232
2986 9123
53 5939
5898 1444
9043 351
7010 33
3062 1871
557 6231
9242 3933
1337 9630
5532 9871
232 2074
9819 1428
5622 2163
2915 8843
2849 3667
60 8466
8946 6316
662 8829
4800 2384
944 1100
1953 7512
9181 4886
6210 9209
8234 5293
5257 1467
5047 2199
2468 8920
1809 7667
4088 9000
8464 2446
1992 5511
1252 7489
9187 2078
6977 1421
261 8878
7685 9916
3960 1130
5434 7894
82 2744
1856 490
7873 3596
2190 3734
8116 3844
8472 874
6101 3736
1577 5275
7653 2349
6790 5849
5426 3681
2609 5930
7630 3551
7449 1554
6388 5737
3947 62
7912 788
5555 4979
1681 5945
5104 8098
809 9626
22 4708
799 8881
3912 2902
8853 3290
9153 2909
943 3711
231 7382
8820 9340
2478 8578
4158 1499
5909 3369
2004 7605
8841 2030
741 3756
992 1724
739 9359
733 642
8885 2253
6189 3713
1177 7754
4880 5846
577 66
1579 3618
2304 9495
9080 1367
3750 3889
1572 2609
1221 7774
5285 2724
676 7584
6123 3858
4661 6450
8942 7960
2620 6984
8191 8907
6769 5475
4575 9646
734 5957
7450 5289
3119 7576
7622 8114
3209 3698
249 5386
990 6185
2522 5955
8671 3293
5825 6557
5893 4617
7050 3760
5830 1521
8763 2497
4339 6501
2903 7110
9379 9906
7706 5858
2863 7460
2536 4819
2142 7026
318 2118
3303 8040
2248 8430
3473 2065
4491 4691
4316 7890
1519 2951
3904 9619
5813 1304
9157 1189
8592 8850
6041 5748
1270 1604
9700 3333
2316 5300
1719 5286
9216 6034
6710 8855
224 4668
5393 391
5575 5946
6372 612
2873 8255
3792 349
6311 4965
3057 212
4433 3293
1812 2633
6129 1615
8352 9694
9517 1186
4672 5206
3446 3178
6328 4457
6269 7000
6304 74
1595 815
5067 7440
5701 207
4007 8092
6289 5930
4436 4553
7280 6676
9346 5020
9330 7794
106 1356
759 1917
5294 8823
8572 2404
3832 986
4269 5571
9639 8232
4130 2606
9968 3342
8652 7154
4626 2545
843 9460
8251 5509
8046 3049
2857 2681
6984 4855
2812 3442
6722 4745
9443 3488
9219 5380
7462 4895
2171 8336
397 7294
3822 7442
7207 3598
4438 5256
7285 8714
4131 3627
6023 4688
1710 4274
8127 704
4264 323
882 1391
2150 4739
4539 1865
9078 6586
2022 2949
1984 1066
5138 5001
375 4254
9475 3801
9835 8485
5187 6919
9373 9319
5836 4011
7314 28
2495 9484
5408 4540
5288 951
5849 4775
9562 1931
898 3314
8875 2226
9779 7341
1984 4408
2557 4788
6029 9858
5680 8626
3094 2792
8851 234
2336 5714
7959 7798
4865 4734
3711 657
3568 8185
689 5544
5059 6973
6496 5669
5950 116
5691 8556
621 3882
8198 3603
2685 7987
6872 5275
7331 7278
3911 2883
6732 2342
812 2884
5705 7476
1537 4637
9821 9466
3599 5551
3135 5593
6745 6568
7734 4321
3916 3917
2295 7101
4189 8069
1825 4718
2374 5843
5788 6635
4961 6590
6794 6753
7100 8400
7042 4045
307 5259
4709 1483
5575 1110
7460 1704
1587 1742
5282 2857
2715 443
9818 3057
6485 8368
2392 6895
5211 5551
7915 2432
1470 3492
6856 2120
2114 5269
2468 6090
508 4111
5455 1234
1671 6352
3266 4532
22 9733
6207 4051
4408 2966
7561 6055
103 7498
9890 1674
2471 7435
4724 1551
1972 8537
7814 1926
5208 2231
7137 570
1688 5595
5847 6032
1006 3215
7347 8617
114 1897
4687 6543
5380 4129
1460 5711
9123 1265
6387 6522
5303 2342
8791 6189
4061 9485
7126 9968
9795 5836
7765 9759
2458 6925
6233 3501
6763 1454
8060 3808
8990 2400
1462 9287
6078 4390
9012 6954
6687 8291
515 9220
8919 8930
4256 3851
4396 6912
8814 355
3356 445
2631 1242
492 8129
3525 1578
6183 8635
5326 5271
2838 8222
3834 1547
1011 2017
9277 27
4999 8
7465 7863
2596 3673
6818 7357
8696 4203
3460 7507
7429 8236
1576 7918
2524 2045
1198 8512
575 136
625 3480
6911 9156
5667 2900
8751 3093
2878 482
5326 662
8994 855
9669 855
3740 4840
1744 7558
8212 6159
7619 9194
6005 7995
4354 4327
9287 2866
5305 9148
7002 4224
5521 7808
7389 3237
1932 1510
2000 9188
7999 7311
3418 6915
7539 2573
3849 9746
7386 5986
6777 1357
3590 1121
8882 4999
842 3437
4392 3515
9805 6674
9065 8604
2047 9594
5990 2761
7250 8975
391 2323
2408 9826
5620 5073
7668 8736
7532 830
8529 1312
9426 8461
9071 9630
4738 7763
5912 653
9675 9644
7570 1531
2981 3035
8925 2744
5022 1987
5466 5008
3360 1379
7010 890
7040 4674
5582 7068
6741 2163
7143 8172
2994 3140
1852 8146
9663 437
2549 64
4859 754
6155 347
6485 9241
7659 8302
4599 1742
1401 6941
7779 3160
9320 5999
5685 5371
868 3103
4987 3127
4262 4015
875 1381
3787 7905
1312 2479
2803 8572
6232 6657
7178 7562
8869 4262
8811 121
1399 3166
3938 9916
2086 9783
5919 3460
6123 7135
7174 187
7348 8418
9980 9102
3029 9477
790 7960
8900 8664
7782 5891
6642 7476
6322 5430
991 448
2009 4870
8661 7713
6027 6891
6276 8676
2448 4394
9483 245
2215 9480
461 8041
3455 6507
5976 4040
2840 5173
3206 9077
7662 4549
5501 3650
3328 4017
5270 5464
5941 2027
6189 7147
4673 8634
1909 2583
3613 2735
3460 5296
7764 9956
2527 7318
2907 2117
2800 1990
3977 4218
6572 9116
1678 9884
8783 5928
2005 1202
5688 2285
8359 3887
346 3545
951 3728
2109 9556
3179 5228
2307 3191
9661 8398
3309 6880
5619 4628
3147 560
2304 7584
2902 9490
8128 49
9025 5372
220 2675
7790 9200
6077 5554
4060 9299
9995 8566
1560 2963
3978 1431
6844 5151
7802 9403
4132 2673
7937 5554
3225 7298
9988 5571
7662 6224
4373 6007
5326 3355
9905 1940
8682 9810
4971 4945
6820 7111
1001 7355
6510 1482
7900 3714
4450 2705
6153 5381
7886 5954
5267 9218
5806 62
3255 6291
7880 653
6836 1536
3348 1566
7052 312
7035 3028
9980 2790
4679 9995
7227 2114
4769 9107
5900 7261
9068 7697
2737 6555
9020 3292
2081 2756
222 7023
2397 5671
2148 9423
1003 3225
5314 2004
1719 6921
3079 3082
5106 2633
252 1280
5997 2674
5709 5139
7996 68
1204 2283
9641 959
3548 6569
1910 6116
2370 6666
1766 7448
619 4497
1423 476
12 6980
8024 8706
8610 9508
3413 827
2716 4605
8695 6680
267 4198
3268 2941
7925 8931
3017 4440
9046 2981
7351 2060
4709 7787
9778 3172
5011 3147
1706 5503
2790 9119
4148 422
6984 7158
7027 6540
7810 3924
766 9588
938 6210
9856 9503
2862 422
3075 657
4651 5036
60 6162
6260 9495
8911 2205
8602 7958
4527 3334
5559 1359
2335 4635
3120 6196
7136 1752
7837 3500
1721 4666
1783 6419
4967 6187
6208 9848
4092 1084
1064 552
758 6808
2605 1210
5706 1724
6233 6829
1619 1806
6795 6949
8891 1722
3501 2098
3993 1256
1661 7913
5131 2998
8425 5379
4866 2237
4718 616
4404 5004
549 2662
9228 5197
5890 2668
765 6717
4308 2969
3783 1573
1534 9450
4184 9875
6172 5653
6912 2657
4711 2052
8631 3476
8049 8955
4884 9711
1710 6445
6412 9516
6932 9811
4314 5339
4826 3914
8755 9982
793 4902
878 6099
1375 2738
2646 5097
738 2961
4269 6372
8974 1120
3917 2807
9403 8328
9412 3482
7065 1364
6577 9527
5599 5756
3926 4059
4681 5307
8402 2134
5217 6463
1828 1659
4479 999
2771 1204
8370 5436
3502 5631
3005 631
6749 5510
2796 9990
1906 1231
7225 9717
5425 7762
3503 9568
5032 993
7291 7519
2498 1597
8671 6800
4619 7345
5571 8733
7114 9824
1799 9804
1114 6477
1917 6414
6948 3917
100 5743
4882 3454
5195 6159
7543 4753
9156 5628
3666 8589
1050 1533
7896 4609
3810 374
6300 5058
5936 752
2294 399
5320 8104
2669 7764
7388 4609
8398 8172
4752 2705
9920 3459
544 5660
1580 8850
2634 3631
4922 2109
918 8647
5511 5221
4849 6957
2981 9511
3425 2180
8993 182
4790 7687
2792 1160
7658 1669
9047 6231
1749 3306
7662 7367
9401 3500
251 6210
5575 8584
2959 9627
8415 468
321 5294
7568 1635
9834 8233
2450 8454
1953 4238
7627 1216
5173 1146
7528 4357
904 3864
7650 5286
7812 4112
4461 5271
328 807
1180 808
997 2028
1624 8918
1367 4506
9307 4806
1098 1561
3983 5324
9982 5446
2815 6668
2563 5013
8364 9753
40 4651
578 1701
9138 5438
4977 6881
2650 4425
4212 5935
1319 3012
5193 6232
1752 343
8971 2181
69 2649
5562 8852
5947 4498
898 7331
6777 2866
8093 5246
6589 9988
219 916
9469 5904
6769 4546
2117 6661
997 4909
5268 9090
329 4954
8641 8106
7026 4782
9108 7461
1286 5413
6781 9896
3982 1806
8690 7624
1204 8538
4750 9080
7819 6611
5697 2880
2215 4799
7691 4925
9422 3988
3255 9585
4803 7946
3263 907
5500 8944
9639 4772
1817 1693
3476 7956
5736 4007
8242 5015
8749 7646
2780 8946
6190 7778
3778 6549
261 4481
2396 4438
8939 4742
4747 6633
2949 8377
907 9672
7985 6316
2148 6173
4378 4692
1089 2807
1394 3159
4433 3584
8345 896
3001 4419
9702 8721
8727 9908
6409 749
3321 8237
561 4053
8279 5185
5663 9732
927 3138
9634 3859
6183 6066
2756 1722
8738 6390
7749 3801
5329 4683
4167 6929
1799 8142
4293 9056
4625 8763
2729 1072
1615 7167
6863 4115
1446 2999
403 5806
6738 7856
7165 3844
354 1665
7300 407
9605 8458
3158 5786
8056 2481
6955 4698
9619 571
7458 3713
4613 1737
7851 3229
2490 9889
1984 2437
905 651
1191 710
5819 8189
8855 3859
2336 2996
4923 8685
933 6577
7541 4275
8802 3959
4013 3467
971 9976
8259 2934
897 261
6967 5315
5222 2875
1624 1838
2376 1527
8609 8864
9710 6312
4546 6799
8864 2900
9097 4805
4028 6125
2379 9745
2819 8907
9203 2814
4427 2439
7317 2272
4743 8582
1834 5734
3148 409
3047 449
642 1825
9804 5002
4014 2213
5643 877
5736 7027
9860 7328
4260 294
717 7985
4421 9932
2955 2630
2620 1853
6818 2594
6482 3757
769 3206
3668 4588
5078 1717
9549 557
8485 4170
8397 3691
5110 9614
7813 3843
3812 5131
1058 87
7163 95
6984 2451
2257 3116
2249 9924
510 80
5504 5658
8652 6760
8244 5323
8105 4399
2003 9545
4921 1728
6586 6361
7478 1847
9019 4624
4112 7398
7918 4319
7884 2490
2948 4694
662 4789
4071 6173
3701 6222
264 6966
6926 5741
2401 335
4079 2564
9976 3428
5948 3347
6372 3646
8837 1723
2339 3460
486 3631
2394 9619
614 6896
3813 7703
8284 8475
2909 7930
3266 7823
8281 3179
3596 9804
5727 5159
6513 5594
4500 9653
4960 5011
9608 6786
6841 8703
9822 7251
9220 3641
6106 429
4647 350
145 5334
1801 5315
7647 339
7638 7000
6133 2604
3231 8917
1870 3142
483 8185
5671 8481
1916 3016
2210 4829
707 7559
2578 5714
3163 7552
4735 9001
839 5204
1568 4253
4452 6762
1232 6358
6817 1182
9462 6361
6961 3360
8545 5444
2628 344
2645 2986
3338 3971
4155 4640
1212 8378
781 1374
1728 5802
8024 5401
1611 9122
6773 3941
6040 4580
674 6754
2360 3112
2973 8384
2479 3729
7525 1037
1147 7389
3643 9054
2309 4797
9485 893
700 6557
3667 9571
887 9140
9780 7508
943 5079
3511 6690
2930 847
7043 110
7392 842
433 5418
4039 927
4649 6706
5804 9955
5948 5385
8474 2728
6302 6076
3072 2806
9534 8458
3178 8628
7871 1013
4381 1365
8595 7605
8048 7954
5474 2820
6597 7741
4672 7022
2460 6173
9815 7048
7924 3986
5905 3490
8043 5311
6772 489
3797 3149
5743 8996
7700 5640
4228 9419
9031 1580
7902 4604
885 8603
5164 9090
6223 2487
7582 5566
5123 998
6987 4473
397 739
8922 7691
3786 405
7122 2246
9902 8920
8717 4966
114 1864
4846 4042
3563 4638
6371 8417
7492 5810
9372 940
4080 9072
117 6232
5970 7246
4189 9202
7672 6783
9469 5126
5037 6181
7644 7271
9979 6769
3942 2954
2645 9299
9780 4011
8209 4765
8004 2586
485 2901
5421 8200
9540 6799
2294 7018
5506 7072
3509 9270
5763 4002
1079 5743
7691 1122
2690 9302
4181 8655
5966 2364
4079 258
3148 6266
4764 1499
5864 3466
9041 3516
4693 8515
3539 287
3194 8731
800 2944
1097 525
2244 9590
6347 2303
4207 4025
676 9889
4225 1851
8401 5409
9765 7364
3133 5560
6583 9692
2079 225
8899 1610
2637 7341
8573 9463
957 4990
5481 7643
7164 6626
6256 6054
6930 380
3607 4000
4080 8396
3390 8943
3920 7117
1615 3554
1977 4461
8587 9507
7836 4842
2361 1446
8761 7948
8704 9570
2789 2231
9744 4263
5987 9045
8498 1214
3549 8360
1474 467
9442 1998
6517 7829
4258 5326
8103 2079
5987 3346
7257 6420
3388 2110
8293 7603
6637 1416
9554 1162
4957 9697
342 6208
5901 7068
1233 8203
5987 7443
9953 3161
7366 5682
10 1719
213 690
4266 6500
5532 405
639 1221
8048 9635
2122 4970
3900 6641
8307 106
2791 9448
593 7198
9308 7791
8287 5465
3089 1639
7754 2127
2516 2249
1835 9136
1648 6671
1702 692
5041 1644
8338 9
193 7833
5837 8750
2246 328
3711 7580
682 6354
380 1263
2670 6123
5049 6757
2762 7771
147 7725
3622 2312
1521 3915
7483 9547
8574 8841
3011 876
1525 4198
7262 9934
7991 4459
7434 6997
6077 76
2085 8098
6143 2747
6511 4788
8468 1150
1977 5477
8965 626
3473 4295
159 5205
5708 8407
9605 5448
1996 9732
2930 515
5756 1982
3698 7923
9286 8979
7276 9400
9516 5175
889 6305
5419 4319
7059 3026
6766 7205
2605 1814
8923 4436
404 7466
3368 5153
6083 5323
8614 7651
6850 999
1239 2830
4636 5283
1687 6418
745 2667
4557 894
4185 6904
8044 3065
896 2080
2224 8216
6026 2585
886 6787
6471 471
6575 4500
5855 3593
3548 1887
9140 2999
8338 4147
9045 2993
2583 7270
1479 2306
7849 1375
2162 9828
7098 7184
1619 3318
2511 6584
748 4549
4342 3209
4139 9305
502 3974
3335 5693
1541 7507
7220 9180
741 412
1725 7816
3984 7306
6041 6059
9096 5552
7513 667
9356 648
2427 7061
844 3195
4854 9625
8331 3378
749 4366
9386 3915
9495 7374
1399 7388
72 7519
1201 8919
4044 6830
1961 106
2551 6981
7066 5169
9492 5329
5656 5243
8084 8942
9509 1748
2991 50
5955 4782
5206 1366
6524 7474
1873 4696
5991 2221
8240 1302
1531 9771
3927 7426
6648 7064
696 3438
9587 4786
3919 31
897 566
4916 9904
9848 8754
6367 8368
4380 2721
7975 1325
4277 616
4568 4036
2248 510
3832 9132
2607 5887
5864 7306
2243 7387
1722 9110
3553 1772
3172 1305
4042 4025
810 6205
2271 3537
2754 7439
4835 308
1086 581
4069 2117
8241 2079
1162 8571
517 4922
4369 2995
908 4486
7005 8094
8440 2987
4918 6312
6196 5993
8116 845
5218 9415
6247 8232
6484 434
2609 8468
8130 781
6385 3568
117 5826
7792 532
3526 7898
5818 9640
6673 7292
3255 4017
5223 9375
8698 1399
8495 1251
206 4058
9152 6417
310 7790
8454 838
7056 5939
4260 8886
775 9370
3981 2587
1255 8334
9655 2599
5018 7176
7338 4366
7378 7799
8005 7890
8974 2844
2137 4548
1462 4512
5189 9405
2053 9970
6122 2445
1591 9271
6193 7168
5848 6737
184 9989
4732 1731
7259 8876
9095 9770
3640 4660
9820 9897
4284 3460
8888 9265
5753 3664
7097 868
7466 5887
8136 5348
3509 9366
3693 2828
2208 3213
9278 5695
5637 5968
5467 8288
6259 1892
4238 4402
2883 7438
5091 8580
3119 6329
644 2096
4536 6692
6384 9596
1684 8682
4278 7308
1199 6021
4901 8783
2146 9919
7801 9086
3813 8773
4767 3384
8137 2124
5700 865
8931 2279
1763 9930
5135 2049
5508 5584
241 2039
2663 4982
5107 5922
5263 2050
6338 7145
820 7126
7410 5496
7215 2560
4751 6966
7999 210
5936 5359
7793 1764
2212 9073
2469 7840
2515 1489
3812 6785
1185 8422
3332 9123
6560 1053
4934 8585
2634 7784
1113 5656
967 3467
2381 4581
5047 9422
4596 9768
4264 2700
3895 2516
9715 8022
3907 4018
9007 826
4946 5571
2250 4873
9855 1929
6431 2832
6200 8736
357 3297
9511 9986
7347 2668
7223 6428
7865 5328
8050 876
9291 560
6443 1351
4993 9641
6836 7982
9922 1553
7367 4625
4878 734
7755 1121
6671 5328
1032 7141
6343 9355
3802 3541
2640 7247
4726 2187
2929 4183
5918 162
8747 664
6941 9312
8161 4759
6078 7064
2131 474
8589 9441
7074 5662
6620 2235
793 7924
461 1247
3986 1942
5840 7560
4499 6664
6938 8763
6525 5800
9819 2066
1929 51
5951 253
5895 4515
517 6407
4070 9705
5194 8330
3406 9624
102 8617
3873 5316
4584 1316
3246 7355
1540 1093
2142 5692
4971 5869
1501 303
5433 8841
9691 1073
3100 843
1435 361
3099 8969
5737 6677
2823 2410
5005 2902
5910 1428
2548 7509
2557 421
642 2202
882 1002
6347 4417
8997 6032
7271 8129
2505 555
4455 1392
7078 561
4584 4064
834 5519
8691 4129
6181 5615
9563 6088
5821 9639
5021 9824
2602 4450
9259 3405
7904 1962
9456 8236
8254 4591
9807 26
4840 5084
202 3986
5635 1699
1706 7700
4794 4637
6055 117
9035 4691
1337 88
5672 35
1053 2894
1999 2099
8743 8197
710 6462
5372 7860
1037 9698
1647 7059
307 8121
2476 7143
5585 9364
5728 3660
113 2719
2514 8008
4215 9195
1143 6121
5363 7213
1970 2662
7096 4882
5302 4126
1466 4802
9561 9312
4711 2318
1890 600
838 3169
8384 4463
2806 1471
6141 4647
5988 3970
4316 6480
3612 1500
6363 5718
8856 3583
662 387
3300 7121
1707 9049
6400 5094
9053 3927
5695 6227
6197 2338
2425 1542
6596 4860
2235 8751
8997 3675
5678 410
9271 9525
8181 6786
938 721
4177 9368
1577 2638
5081 5953
7292 1139
5802 3264
2439 8353
9478 8015
6792 4271
5125 2371
7344 2561
7875 4747
6910 4072
6504 1870
6750 6448
7939 3051
5375 3287
3412 2601
730 1298
5971 1326
7952 8878
4025 3050
9871 4551
607 7083
2463 8711
3057 2595
2421 7103
2789 5813
9057 9479
9852 5994
7690 1864
1967 1102
6741 5883
2712 9130
5697 3561
8566 6002
6147 1065
9484 6002
3068 9794
2694 5647
8557 8284
4403 6969
5186 3339
9104 1117
1179 3847
1168 8239
4589 5705
8405 4560
8667 1291
2288 2614
5615 1935
4523 5555
896 6807
4658 1482
5308 6667
8411 8732
6987 5925
1404 8057
557 1431
8009 2639
5577 1443
9961 1873
1504 3210
4459 9857
1345 2603
6416 4527
1185 4240
4563 8370
7785 5525
6088 6666
1431 3068
9494 4179
6228 4885
368 6239
5017 6856
9755 5172
1117 6843
9804 7979
4061 4934
6396 6240
1531 3226
3434 4151
4670 3607
8469 5646
8957 6955
4376 6543
7842 2207
6741 2638
1314 8726
1664 9706
6609 402
3657 6320
3225 4939
8329 5451
9443 6744
9545 5767
2543 6878
5740 8585
9896 8482
5085 1395
3123 1142
4188 3911
2507 2608
15 7575
3846 1321
9722 4460
4942 8170
8090 6501
3891 931
7234 994
6398 9820
8298 3308
4261 7589
9798 2739
2252 2622
2320 2441
5553 8444
4252 9384
4955 8106
8237 5266
1986 6859
3036 4318
1183 1574
493 8945
1669 337
2279 9128
5236 652
6111 6547
3128 9703
6132 9334
8687 5096
7143 8419
8081 9534
7358 1387
6277 7849
9393 4801
457 9838
4162 909
8065 7340
7369 9694
1671 8982
3285 2185
7831 1045
5499 5978
2150 7876
9331 8905
7715 288
5588 1778
9102 5396
360 6158
9127 6297
533 8081
546 5071
9720 3672
9883 7507
4282 7604
5576 3009
4136 308
7616 8116
8043 4911
893 7075
8042 9799
9412 7892
2749 7780
3576 7325
4172 7748
7721 3223
7767 9821
102 7682
390 9863
2494 9425
5856 4341
1623 8868
2779 1454
9589 4294
4384 9465
5489 2582
4981 8177
5416 2916
2784 4498
3022 6930
3773 8018
7838 3713
6267 7547
3536 3108
915 4545
3316 5758
5782 4386
4614 3325
1224 1393
311 7321
4228 8573
8631 9989
6920 8009
8928 5678
8914 2818
5525 6134
8205 6645
6820 8165
271 1600
1824 7099
102 599
1333 4482
6811 5032
5915 3458
5542 3705
7903 250
6341 3983
9574 5203
4697 1081
4710 1811
3421 6440
5731 7169
568 1116
3570 2288
3076 5130
2501 5716
820 8714
7087 8887
758 6383
3453 6657
5868 9785
2052 1449
8554 250
4135 4442
3213 6990
9089 2262
7651 1875
4847 2583
8030 6731
8554 7107
7043 4103
9666 5334
9999 7394
2687 7572
8497 1356
1716 625
6397 8839
4004 4596
7757 4747
4695 4237
1429 3146
9952 3285
2010 8445
646 5234
1817 6604
3802 8957
3596 7295
3982 2641
8634 2956
1801 4451
9969 5683
1758 3377
5391 7887
6570 8685
9906 7656
197 1431
2371 4770
6750 6452
5970 8288
7460 8293
7222 1659
2904 9484
3221 6295
2672 4635
1780 9527
9662 8751
4175 7905
1194 3240
5169 1759
4122 8017
18 1973
6147 3179
3127 4898
497 8645
8063 6352
6186 5244
3595 635
1015 5651
5465 5505
9523 8629
8557 9048
3064 5011
9178 9376
4200 8854
2117 3100
2596 2211
2172 3506
4612 6949
4845 4377
3769 2058
5884 398
4282 9885
4354 81
4850 9730
8939 2140
4884 2247
2144 1273
364 3080
2107 4266
1516 9173
6682 2367
9488 6196
9510 875
4222 524
2738 1866
702 4200
6091 1001
5769 6323
6977 4360
2689 9306
1318 6227
5667 3426
9787 3769
1482 8123
9148 9553
445 3460
3372 7828
3859 212
4237 5514
171 1995
6082 3837
6999 7889
4404 1546
1231 8980
3003 5648
4373 7277
9336 604
5346 416
2791 1912
7898 616
5553 5030
4850 1295
759 5565
6332 9816
7621 1668
4214 9770
8213 4575
9922 1258
5606 8232
7813 2590
8035 3933
1306 1854
8792 924
3957 1779
6525 8895
2659 6347
5638 3303
5161 2567
1478 9472
9091 5872
9990 6395
4668 2565
6532 6178
8296 7751
3542 70
9224 2199
1740 7015
6453 6559
4547 5651
8100 6389
419 5720
370 6418
2778 9787
8365 7479
2226 1256
5884 4560
737 9566
6414 9412
2501 8554
2511 6128
1120 8884
5735 3167
7846 506
4345 228
525 6063
935 3434
7968 1203
7201 7242
9412 2715
8017 6545
3762 435
2021 7373
8317 3865
896 9653
1644 9427
4517 456
310 9311
4180 1164
4142 7831
1071 7010
9710 6247
2189 2412
6728 1974
884 545
7041 3128
4229 593
907 4342
4375 1113
245 4786
6117 2946
3550 4330
7826 118
2145 8798
7954 2174
2482 230
4286 6364
4152 3107
8146 3136
8317 2472
714 3365
6230 4881
3680 765
2546 8120
1381 7899
3103 637
6647 9257
1868 6612
7516 9810
6720 7608
7016 2495
8781 6751
3207 3064
4961 6355
1656 5730
8417 4951
7547 8055
6605 4641
9609 8512
1625 4726
3036 5159
2532 2540
3615 8868
4310 7431
223 9538
3192 8814
7887 8734
3018 4258
8611 7194
2312 8521
2130 631
6771 9478
3804 2277
6855 1889
1818 5599
5154 4928
900 5635
3237 4428
4715 2372
2652 5759
4148 4622
9783 8302
3651 7813
9233 7427
2841 4153
5438 4942
5544 8589
7185 3930
3464 9007
4731 8916
6673 4104
4205 7309
8096 7380
8985 3045
4202 675
2731 8383
9056 5695
3773 4770
3953 6966
5528 8743
9800 4652
2639 3771
4433 666
7529 3999
2074 6534
7048 829
7100 6417
3912 8262
9310 3762
2605 7951
2893 4995
4446 9897
6270 8702
1510 9731
5003 3740
4071 8510
4954 4713
1276 5971
7896 8237
9732 3187
6741 8459
9682 5544
2589 5241
3472 1994
787 3461
5989 1515
8169 6863
1761 2714
8680 4899
8400 7508
9570 5994
1087 4838
5333 5671
7772 5320
1596 2988
9789 2811
6132 3696
7571 3792
9193 3591
6143 524
340 467
93 8922
3973 8121
2700 7053
737 857
8915 5237
6989 1897
6869 3653
9527 4175
7612 8408
7756 6918
7756 2000
482 6470
4718 9114
9526 4795
9249 3684
7339 4084
4932 8166
810 927
9350 951
8453 8458
6585 2867
3155 9935
5769 8693
7691 2186
5346 4635
5163 2341
7752 7694
1583 6321
4186 7866
2765 2492
4172 9118
2721 8930
9588 55
5749 7747
7862 254
9404 4896
4007 3159
528 8905
6202 1509
1540 6975
4584 6217
9166 1879
7957 4646
2793 8099
8102 9216
4651 635
6360 2281
8982 4934
2201 8211
2419 1364
8447 8622
2728 2680
2839 1687
8127 7914
647 1462
4354 1129
7999 8180
1676 8472
616 5423
9032 1969
7654 5143
7485 3490
5322 6444
183 7337
9977 9066
1013 4869
5381 7527
9126 9628
3800 6836
1537 6384
5645 5729
973 2545
7327 8363
1168 5367
2035 402
6781 3404
3095 440
132 5635
4630 2687
1947 6694
9183 1865
8288 1670
7001 6254
862 8874
6674 9807
2903 4050
1797 9297
7802 4434
3367 7419
2679 6127
2581 7776
4084 3196
3738 2712
8019 1958
1918 9905
1458 8871
5147 8668
7559 5483
5707 1900
1760 8862
305 4609
934 957
3770 4967
2807 5319
5979 8811
7807 4626
6688 3546
549 7445
7959 2376
3137 7663
8883 4804
7464 5048
2263 4345
8709 340
7962 9374
7209 3349
2601 8067
902 7464
292 3351
5517 9035
4087 8817
4714 5052
2847 1530
7345 7563
3198 2662
4037 8266
1285 1904
275 1716
3984 6578
8180 585
4289 1399
4160 1406
533 9817
4639 4243
4153 2874
7023 4731
5677 6526
8124 1904
3615 3356
7204 278
5956 9613
5835 9592
8944 3535
1764 679
2829 5864
8977 872
9278 8510
1126 7414
133 2308
541 2278
2207 9775
9978 6866
7796 3841
9325 9994
5611 8464
4421 7628
1797 2084
206 7784
5745 9843
5365 9054
376 5510
668 6171
1576 9054
8183 1068
6496 801
3567 2865
5368 8103
8600 5214
6556 5474
6164 4447
9516 4107
4852 6963
5347 1742
5392 9293
9636 8783
6077 9271
7267 1636
9383 1761
3899 9189
6968 7376
3781 3369
5238 7613
8615 9722
8667 4860
7130 8953
3054 698
73 5353
5917 949
296 3067
6195 885
2625 6124
459 9070
3208 3177
7816 3237
3018 2890
683 6657
5206 899
3638 8443
988 4307
7519 6201
3754 4617
969 4499
6090 5079
6597 7559
9394 3352
3978 9637
784 5449
6634 1507
6965 1878
5221 6503
9773 1939
4090 4545
3057 7090
3412 7589
5591 9345
4062 4950
9726 5619
7444 1911
434 3976
7438 84
4457 2702
6670 2939
4247 8151
4287 4948
6367 2297
7417 7779
9064 5935
3516 1983
8676 8453
5769 7598
9589 136
8762 2128
7408 7922
6581 9308
36 548
545 7125
6359 4033
8760 8495
7211 3436
4665 3072
8308 1804
6785 3595
9852 2286
6847 5228
2472 4311
8480 1329
4210 9795
3646 4070
8221 304
9039 3378
5891 1110
9590 2594
5042 3077
1300 4318
7936 8324
579 4870
8741 583
2266 794
5162 6216
3537 5852
3915 6801
5878 1952
4744 9245
2307 2426
2653 4354
2044 1120
3053 9791
9802 5718
9504 8375
1905 8737
8743 7646
6401 4648
2684 1629
9365 6532
2082 759
4596 736
1538 871
8860 2952
545 7225
9899 4155
252 4473
9381 9846
644 8532
7978 1035
7812 1283
4753 392
6016 4046
8065 2021
4216 750
153 8277
1762 6761
2602 2075
2937 4284
4884 8125
5028 285
3137 1530
9628 7876
1401 7181
1842 7086
2473 8397
7090 5969
583 8236
203 7981
3071 1919
6480 6567
3257 3810
9415 2883
1692 7376
4768 7611
7970 1580
5671 2788
300 2136
8455 4590
5014 1061
3892 3019
3208 2967
3529 9411
6698 1533
5812 7720
477 4584
1679 513
3872 1225
4314 5597
7567 9459
2752 4241
8704 7739
4014 6908
1230 8873
3468 7454
3695 9736
8100 1710
1664 5221
2380 1402
6961 9862
1416 9345
907 5570
1081 6834
3753 8926
9798 9188
7490 6456
1672 371
4229 1335
5661 2635
7331 9949
467 2121
7480 1769
9835 6349
885 948
7956 4548
1801 3112
9648 6749
6545 5743
5016 2587
1217 5633
3266 5752
287 1813
5373 5012
8256 7414
277 7768
1568 8889
4311 7054
2968 6033
8527 7941
5479 1249
3633 4266
8207 1486
7205 1639
1139 1283
2875 7644
1145 376
6181 5199
6345 4287
6763 9989
1054 1337
1591 7920
8471 4527
8924 3530
3322 1715
7671 5300
1615 2538
1852 8786
9731 5499
4847 3534
10000 3681
3114 4687
4980 2498
4068 5252
7617 7946
7811 9938
9458 8773
7392 6516
4131 1011
7292 5639
8264 8316
4823 5055
7025 6540
4114 9151
6488 5979
7396 9765
9998 9741
3249 9212
727 1655
6514 1445
7614 2175
9551 2307
6863 5707
9534 4794
6202 7802
1464 282
4083 5647
1601 1648
1004 293
982 9214
5156 4066
3735 5477
9570 1581
9860 9527
2955 7816
7169 7126
1413 1667
2078 7357
3228 8435
3932 1804
3900 9673
2550 7174
3626 3832
3686 7331
4408 6150
2082 5645
8974 1213
6812 3626
8714 6630
8589 6753
2792 1261
3746 3453
5651 6430
4550 8163
5074 3567
564 4409
8004 6709
723 8842
6306 3310
822 2171
9656 1774
6105 7923
7744 9184
3635 4982
8988 7628
4141 4823
7933 2583
8018 9400
8530 1783
5186 611
5485 8023
3472 7285
855 4309
5220 625
8097 4828
6816 4045
731 141
801 8340
7831 58
5277 8125
3517 2631
282 482
2633 2688
5825 1750
9813 8360
1270 3399
4105 9037
757 2919
6357 3182
4338 675
1535 9450
9535 8646
3177 9538
2984 2001
2163 6225
6872 9450
6984 5006
9842 3288
7709 2795
7065 5102
824 2104
9147 8038
7145 4156
4585 1612
9976 9352
5439 9956
5719 8549
911 9475
4101 3569
8530 6825
228 386
7616 3163
5637 3430
4714 5613
542 4433
5701 1864
4453 4274
4224 8852
7374 1239
1185 1475
8742 4154
4946 2246
6312 3813
6938 7850
2173 1145
2380 3539
8080 5558
769 1284
7287 1896
5852 2640
5074 9448
9758 2258
5150 1438
971 2978
4127 8457
847 8436
1245 4236
8344 4133
5536 7241
7672 2899
7624 6493
8534 5689
8333 5068
3653 3643
1307 9709
3273 2363
1812 9993
1323 4321
8929 5480
2922 365
3300 4293
7923 6231
7639 1558
182 5019
2179 1146
7232 1562
2249 9152
56 9627
164 2556
7651 7886
8630 1484
6057 5590
7823 8538
6547 3898
3364 3594
2672 3772
7350 7546
831 6410
9641 3394
4072 7118
1590 8151
3797 8593
9404 3973
9072 4523
9314 1974
8211 9468
1755 7152
2345 5944
6737 7863
5641 4649
7595 8288
1877 8775
5299 7322
2046 8337
529 2329
2685 5459
5681 1194
9614 6558
4010 1119
6772 2354
8083 7589
4843 1658
4741 1953
9343 9856
8748 1061
2881 8047
2321 7380
1260 3760
2730 3044
8111 9187
5144 6260
7759 7879
2925 3524
987 5835
2548 6066
3407 7916
5338 3977
1117 5539
3212 6442
3317 6572
610 1539
6604 3376
9807 4005
601 9924
1790 4445
9628 3947
9892 8399
91 5031
8360 8704
8284 4615
3063 9604
8292 8811
6505 6028
4668 4
4352 6486
9597 8151
5642 3014
9209 7734
3877 6605
8747 1280
1187 1572
1262 5418
2736 7268
9542 380
3584 607
5938 8902
5161 7833
9801 5458
3574 8946
7192 1759
6909 3264
2575 9463
3723 9517
7160 6029
9920 8940
3605 4650
6191 4785
1742 4212
3208 6702
5036 201
6759 3422
2442 2511
11 2165
5375 1087
5098 8245
4450 5324
1193 3268
5706 8191
1297 5392
981 985
4887 78
2145 9673
8637 4753
3859 8756
2398 5851
4558 3584
2609 1646
352 7072
347 9329
1515 1740
6190 9753
6263 3031
9077 8301
1506 4831
1370 5295
5260 3135
7291 4402
401 8795
6920 2461
4464 5286
2959 9173
5157 2432
2420 93
6287 2024
463 1362
3785 6272
8529 9611
6515 5022
3995 5481
1556 2690
3508 4192
8646 828
7207 1607
3466 7278
5999 9206
4474 7853
9108 6442
2943 1458
4043 3887
927 4622
6214 5615
6810 6350
353 4270
3152 9256
945 7236
6498 7890
3843 7367
3851 222
6273 6699
5500 3197
7395 6596
8866 8320
6624 2744
3091 8190
1888 8465
9017 9930
5021 4753
4282 6455
6466 496
8185 1500
6487 1308
6035 9363
5067 410
7652 5290
7691 10000
9722 7437
9191 6553
6682 6362
2848 8476
9835 2967
6930 9576
9363 829
5866 6750
8950 3879
8232 5367
7685 5337
8744 753
8936 8856
6435 9229
885 7816
6224 7141
8415 3696
6034 1310
1025 9467
6684 9349
6474 8939
6704 3282
4833 8008
9292 4896
2629 8728
3578 6272
1786 2160
7401 3935
3029 925
3766 41
8450 7398
8196 9067
2923 8487
9131 3414
9059 2936
8598 6386
5369 2074
5312 5958
2358 9971
7408 7791
6195 3917
6995 915
4685 1177
3705 4535
5207 2943
9440 9378
9309 1446
1497 2035
3656 1133
6254 5724
2013 9880
620 5922
7944 1145
3413 4292
2932 3033
3882 9349
9587 5178
9533 7310
4642 9405
466 1544
1425 5092
2400 4083
6488 5181
5577 7616
83 3771
1737 1412
5177 1225
6340 9606
4684 7744
8232 5281
1612 1324
3946 8797
1807 1054
8809 3786
3977 1677
2058 9267
6699 367
8151 1311
7073 1638
1449 2690
737 1348
6475 3960
7905 5710
911 4397
5137 6272
3556 6239
7516 6785
4395 673
918 2898
8998 8982
9076 636
4414 7320
5109 4576
8760 8530
2215 1665
1690 9455
3212 1626
7927 7166
3611 9884
1052 2568
7915 3944
9734 4790
3824 9167
3586 4827
4047 4878
842 1850
385 6740
5033 631
9797 6341
2859 3522
7126 3920
436 5415
4167 5178
113 5139
9775 8110
5040 1706
690 786
3677 8871
7782 6039
1438 6424
7384 3975
1642 1657
2413 8257
2975 9444
2968 7095
5640 4379
1081 4877
3389 3393
9323 5393
3618 2299
7936 2563
2716 4707
199 9637
8860 6732
694 2777
9433 5940
6178 9981
5263 7979
3732 1269
8862 9312
5889 1082
8859 9508
7418 8820
7812 1519
3461 8466
5587 3381
3697 3232
5485 9783
2239 6149
5319 6933
7930 2573
616 9163
4746 5501
2132 707
6977 9670
4879 1102
8889 5361
833 7627
3536 7845
2531 3238
426 3411
9729 3431
6725 7916
6312 457
1672 8788
9653 8351
8920 6431
9593 7194
6462 5952
9239 44
8844 5166
4774 993
1361 9803
6443 7766
897 1864
7934 7309
3128 2051
6314 7808
746 2228
9727 5563
2421 8830
5024 172
7159 3166
2534 6447
3766 9564
137 6504
93 7276
3857 477
1759 7091
7131 9268
5028 8597
5971 7800
3535 9022
2177 2183
3552 9595
1821 9250
7472 363
1157 1896
203 9406
7170 8647
8159 7381
4939 915
5545 3332
9000 6357
7600 2720
904 1791
5514 3580
156 4095
2680 1772
713 2540
6996 1252
247 979
8873 290
4337 3334
9669 9593
2797 834
206 3256
324 4418
4084 8479
8639 752
5464 4999
2329 5300
6006 159
5564 887
660 564
1881 5177
6993 6251
4223 5521
7736 8325
7414 4611
1240 5980
271 5359
9532 3857
9531 8465
8658 5672
2770 1089
993 5047
2535 79
4216 9495
8834 8185
6630 8470
2202 6700
3521 1455
4526 2963
4233 6996
9798 6164
4658 8633
2012 9885
4827 8664
2361 4821
6276 5680
2955 110
8891 6800
9217 6719
1919 559
8166 1308
8813 1377
4759 4033
621 1538
3498 8703
7599 1641
7466 8742
3731 5430
2001 7387
3843 9971
5181 5563
8009 7085
2316 5871
2927 7000
6630 6127
4954 137
3323 888
4489 7984
9198 4408
6395 8989
5043 3451
6135 412
2953 3408
6326 2062
5783 6156
3392 2881
917 3083
8991 6282
5537 1737
5928 5208
5591 9520
3218 2825
5632 2870
6 9802
1728 5373
3010 4108
4628 3230
7200 4274
5358 1537
4376 2033
466 9791
9352 5312
9059 82
8420 7476
8867 6388
9787 3793
3481 8430
676 1033
7980 8512
769 1154
5120 4785
6693 5008
9280 9375
7217 7003
343 4814
3873 6659
4717 7207
6662 7994
5659 9576
9555 2688
115 3815
5459 7939
4242 4700
5351 4983
4818 4383
1251 9177
8707 817
7735 7613
7591 8535
1673 5189
132 5240
4873 5067
8770 2629
9322 4470
3332 4892
9717 1747
8653 3322
2961 5641
8380 485
9332 2710
2159 2366
4982 3819
8386 1952
488 5663
9716 2669
5116 8234
3512 5127
1496 4200
4418 5597
398 1095
1255 9670
291 2298
5418 9527
1373 7708
2964 8254
8767 61
7579 9656
4559 7843
6614 6987
3369 706
7370 9052
1157 8352
5831 7098
1923 8809
5019 960
2015 7036
5168 7864
6723 9799
2906 2358
8836 7759
1622 788
3870 696
216 8759
1638 6821
2412 5031
8855 2106
3833 267
2469 570
9002 4092
8396 1462
5492 8883
5363 4273
7374 3738
8523 7518
5178 7057
2555 2229
4549 1179
8916 6087
770 7496
6942 9140
1366 5504
3488 7038
3945 4214
788 2728
1499 9358
7223 2537
2320 4842
693 7598
6736 1869
9263 6536
7856 4179
8798 362
8499 2834
2241 5518
1506 8999
251 5998
5619 8142
7869 490
4110 4102
6912 5476
8357 6457
8772 224
3545 9625
7318 4617
8682 7149
6577 5747
8125 9590
2894 4217
6791 9471
6247 6087
6248 1712
412 1407
3881 2989
6665 5263
2295 8455
702 2280
1177 9264
7474 527
8776 9334
3616 5747
5203 4779
2162 1858
4733 4469
9235 8664
9304 5120
7394 2703
385 9394
5331 2191
1422 406
8603 1968
8028 1108
1081 9416
8119 1967
1823 7262
9182 5381
7025 4218
4849 275
1776 9389
7990 5308
1275 1386
2482 4126
6208 8089
868 1114
1980 7985
77 1063
6474 9032
2401 1209
6037 5974
3909 9064
4375 2058
7494 4494
4047 6073
2737 9465
5242 670
9768 3911
1531 2880
9330 1143
7277 2779
6209 1254
6391 1239
8241 5945
7131 2692
8068 3219
2615 3856
9832 5368
1748 4354
8008 8710
245 166
542 8488
6444 5846
3502 7395
1584 6453
9415 1140
9250 5121
6485 9509
3659 7213
873 6348
1490 6998
9245 6909
6928 7775
3738 6003
4624 1406
6580 5381
247 8165
6506 3797
3329 2873
4191 8189
2076 8226
8870 9398
4839 1273
3332 886
7941 3982
9494 3880
4528 3813
1710 7367
4149 5259
38 6407
7746 8277
629 7170
7741 4550
5429 2158
7906 7521
8393 4035
2710 7131
384 1509
821 5209
9954 5706
2459 2432
2187 463
5287 2813
2805 4990
8513 6648
9707 2328
9921 7848
9138 2053
5478 6614
8678 647
6247 3370
4233 7986
2254 4915
3216 3381
8031 8713
1111 9601
9495 6260
3598 8331
6868 1485
1435 5487
3320 5092
281 9829
4017 809
2651 3320
5273 4460
4178 6656
8486 1815
1393 8411
8538 6136
3182 1230
1371 1381
3131 3515
394 1980
4935 31
6438 5130
8064 9883
929 6557
5859 5284
6965 5663
3274 9570
8003 1008
6421 7886
8819 2062
1123 8987
8454 8164
2663 1588
9801 625
3901 3705
5563 8913
3971 8421
5226 6859
4722 4513
2764 9819
7103 5381
9759 8726
4678 4718
3605 1987
6458 2353
5507 1131
6232 8707
7956 1182
601 1298
6348 1665
2872 1742
4473 9197
5038 6672
8520 7600
5001 1023
9312 6467
1237 7118
7456 4127
2094 7990
1081 5939
1903 8385
871 3853
1094 1874
2061 8187
2502 7515
8099 7537
1056 4508
5658 7781
9032 8269
5674 6089
4053 6377
120 904
2047 7808
9173 3807
2317 3924
8497 4219
6935 4621
1295 2872
1642 8106
4849 4985
434 7709
6203 9088
1031 4198
6710 2425
3411 7008
105 8877
8596 2845
3799 344
9883 5076
8092 7519
3703 2371
2977 995
2292 15
7226 8644
5374 2332
9462 198
3027 9659
5873 4977
6934 8318
4290 3703
2197 6998
9289 326
6908 8013
8022 4813
1657 6857
1457 2828
6172 8495
711 3247
5278 3831
3174 9439
1351 4793
8105 5258
5474 1460
6384 1677
4465 9690
4116 5001
5973 2660
4767 2612
8830 4780
9526 7151
842 1403
574 5114
1207 2772
6950 767
9757 5647
7709 1338
195 1043
2045 4412
9531 1516
1073 3471
888 6444
972 2519
1886 8728
2143 5723
5767 1356
4109 3010
7475 7274
810 7567
1850 990
6008 6160
6155 5354
3467 8235
4091 1950
1610 4717
3515 8546
7341 2458
5029 2027
8702 5268
3643 248
1082 7458
685 1263
6631 855
8155 3346
1599 1191
2710 4252
1263 4845
1464 3153
7144 1837
6787 3692
6195 6045
2307 1582
6649 8548
7276 5195
215 5070
1516 2580
5312 3432
8111 3338
1016 1961
6044 8805
6433 4801
9956 8969
5152 5049
9234 9560
9499 1663
3593 7761
4252 1077
7349 9965
4522 9461
9578 18
7481 6563
2338 1394
2623 7068
4139 1728
250 419
865 3151
2868 5026
1319 6868
9177 7817
9582 5402
5354 5044
1381 961
3299 5311
6647 3352
548 734
5451 5878
1532 7195
9505 2675
4868 9605
6421 5893
6381 3129
8907 6196
2523 6308
6095 4989
3903 7003
9183 1821
3594 7125
8586 5410
9916 7053
4769 1711
8378 5712
9969 7471
2464 7227
2976 2719
7964 93
4174 607
520 9808
3017 8065
1079 899
5139 5681
8955 9275
1279 268
7165 861
5206 8536
9745 7425
2845 5323
5722 5557
9770 4804
9433 9733
9271 8135
1888 5395
8176 5955
2840 2981
2607 9194
8280 8864
872 6608
3022 4113
5670 2508
3077 7023
2801 3081
7490 358
8568 4781
4356 9239
3055 3196
662 600
1475 5844
680 186
770 7335
2577 7988
3652 333
7932 8084
7276 748
3857 3808
8722 619
2400 4190
4494 7099
6919 2601
6194 991
118 3543
9588 3279
3431 8526
9233 3080
2444 6954
5858 5458
8029 2981
8688 2543
7903 4248
9894 6387
8273 3467
3363 6992
271 8759
4969 3956
860 3710
6540 5171
2907 3068
693 1000
4087 5022
8753 7390
9345 5999
8907 6346
6558 8923
6814 7201
126 860
5834 7128
2146 1006
9081 4329
5884 4934
475 2333
1207 6055
6986 8852
6686 222
9260 7614
8038 4412
2807 6632
7611 5435
6947 1334
4586 9592
3692 5991
592 9237
3765 1883
416 7156
1929 5644
2501 4736
8820 6221
8914 4821
1476 3877
9479 5227
9739 9692
9752 3832
728 8978
7533 1185
8567 7072
7600 1578
1545 915
9360 8505
3920 4879
7084 5459
4522 4267
7441 7995
9379 4923
3997 8002
515 2402
3375 6119
8143 9115
2764 3231
8413 2912
3463 6989
3922 5518
148 4282
9161 4283
546 5607
8091 5654
5213 2270
6037 3836
2090 2356
3085 3057
5537 6407
1171 6896
4523 8744
2047 3080
9668 5371
8319 7230
3818 4396
4729 3947
5840 9918
1889 8722
2333 5295
9638 9060
6931 6756
2214 8304
1895 3275
2437 552
1675 3657
7074 138
3135 6763
590 4093
2122 5824
9467 1040
1075 2770
4265 4944
7350 3514
1640 7166
6964 136
3478 5260
3426 898
5355 1937
6364 4021
1494 2650
9616 6183
8416 5222
3486 1646
4473 9974
846 2977
7442 3765
1774 9285
7374 6406
6414 2908
6889 2867
745 508
6095 9730
4950 9488
4325 9313
9070 5677
5879 9904
5628 3233
1955 5555
3914 2679
5959 3856
5624 8030
4389 5139
6520 8929
457 1544
3830 8753
2671 9386
4045 4603
5532 3259
817 131
4551 5321
7647 7135
2777 8182
5039 6864
1006 4853
6819 6960
8873 4182
5299 4992
9016 5207
9977 4502
1482 8881
9460 4512
586 597
1295 8422
1395 1948
9403 3244
8023 5164
3791 5102
936 8662
2242 1946
5451 7149
8663 9397
8604 4711
7780 688
6595 4328
873 6619
9977 2252
2225 6464
8797 688
989 5783
4856 7210
8147 2057
3292 4357
3262 4098
665 7836
691 6164
1732 6785
9970 2713
2103 4513
37 4755
8959 3175
1999 3703
7034 806
113 3696
2026 4158
5682 8313
8645 5771
3551 2613
5475 8727
5882 6455
3838 7509
2904 11
2856 8417
5329 7443
7881 7969
8104 9640
4504 2730
208 1992
5306 9003
171 8111
1561 5819
1994 5454
7057 9671
1178 3768
6247 4416
5534 2315
3889 4798
460 6798
8389 7013
3389 1933
6016 4774
7074 605
8189 4290
6416 5537
9011 6615
8511 4424
5250 795
605 4459
5950 6259
5656 7187
3849 7876
166 9635
5816 2130
4002 2644
4462 7855
6863 2345
8146 9937
1106 5724
1534 9465
5600 6200
3925 8728
305 161
7505 4525
6260 394
2741 8201
672 7352
3084 5870
1787 4186
6179 7249
3233 6481
3769 6534
2525 2648
7470 3776
3420 5883
2623 174
6801 3658
7392 5741
9789 5661
9301 2756
7764 6137
6414 3470
8979 1555
5315 5479
6469 9547
3100 3209
6921 57
5563 8958
1213 4629
8753 1924
6298 4781
6103 8654
3122 5397
8314 3363
263 4077
8174 1551
7986 2380
7513 5358
2391 9900
8470 4090
4346 7114
6265 8375
2895 7929
5664 1344
7827 7884
8319 5326
1087 8928
3181 7449
1729 6718
7158 2618
4086 1372
8223 7286
3857 7625
8144 2463
1783 5306
7039 9408
9614 6092
6921 6427
8048 7467
6451 223
1329 9823
4058 238
8193 7650
1629 9418
3849 734
5953 9841
2683 6324
109 6645
6372 8189
1978 8700
7096 3502
2074 9448
534 3501
7878 6357
8334 8855
6868 2438
4744 5669
5420 8232
7087 3081
5780 7734
4773 8369
8290 6680
6538 522
1058 6630
585 8200
4246 3296
7329 3031
1189 2535
9426 4173
3509 2470
8771 5088
2420 5146
5160 8456
3417 6189
6301 171
6529 5879
3855 8363
9324 95
5200 8368
4855 4553
5616 9599
1742 788
548 5247
8563 7313
2675 751
9748 4381
3437 1975
5174 5814
3726 9031
626 6304
3431 6681
1337 7651
4509 7265
5769 2360
7281 7076
1849 8036
4645 2139
2824 1028
3879 4319
4934 2731
728 3692
4094 7020
5475 8136
3761 2223
5655 6053
1185 6084
5135 3184
4223 7158
4213 9437
5905 1059
453 6673
8953 5019
4917 3387
7410 9179
3510 7226
7605 8057
8095 1265
5606 629
7089 5004
3375 2466
222 5995
795 8350
7132 3068
5770 8821
4509 7056
9574 9091
1452 9998
9640 3750
7738 8720
6984 5717
4694 3760
441 2866
3346 9552
4907 762
9548 6824
5770 4950
764 3142
6718 1233
4206 2529
3126 7375
1000 109
8179 4666
6077 2703
3947 2791
8476 1330
4589 6431
1744 6527
3870 7051
9117 2446
4183 8285
3179 655
9264 8392
4681 9591
7781 8179
201 581
9999 7866
3349 6395
4686 1308
9188 3253
8472 1017
6563 2220
4831 2423
8036 944
4879 812
2103 1654
7179 9379
7376 6368
8737 1823
3435 5251
4372 7944
8026 9046
6659 5652
5287 1529
3625 7851
4709 2924
6379 7614
5491 206
3882 104
6011 5242
7023 4666
3065 6695
9208 5534
593 6645
5633 4587
2552 7845
8440 4599
9650 2561
9940 6406
4603 8936
1086 8443
5625 5806
7391 2083
2818 1917
9472 1203
7168 461
416 9440
6824 4901
7140 3554
346 6983
7956 6339
1618 2907
3500 7525
6106 8574
3238 6110
3151 9852
4724 2546
3985 8801
7793 4235
161 1792
896 2756
2072 459
1734 6274
2264 1416
9412 5557
3216 5689
276 7047
4284 3785
4627 1418
7490 7348
6512 1062
6845 3329
3754 4932
901 1623
437 4195
3203 2087
9011 7116
350 1901
4218 6621
2332 9195
6021 8972
4845 3883
3721 6993
8263 1637
8460 6286
2959 1954
6282 7870
5665 6229
8956 5686
6544 6799
4733 2399
1686 2866
6236 1946
690 4268
7670 2246
4038 9010
8526 6540
9937 5499
5985 6769
5328 5438
3198 7447
734 8281
5633 3455
3649 3228
2670 206
152 9667
6654 9599
9418 2008
6554 221
845 9853
8455 5226
8452 9440
51 6315
2259 7284
1324 7281
1317 1969
8606 5534
8096 5025
4209 5053
8903 6813
8802 9203
21 8381
8739 6854
4265 5204
5508 231
7627 3761
9500 7952
710 6880
5280 1665
4641 8793
555 9748
6131 5831
6009 6492
1392 3700
8219 208
3590 7285
2816 8700
3514 3904
86 5540
8161 5957
206 5577
6913 3908
294 3126
9 5537
462 1268
8975 2399
1058 5700
3731 9430
8295 1579
6029 8627
436 6780
3939 2756
1742 32
7053 14
6356 7344
7097 5584
9317 5172
3643 1025
6891 3763
9607 7428
3405 9115
6216 3285
6777 6981
2143 2991
9914 7363
6477 6944
191 2940
241 9152
4171 9847
6125 3299
9774 4265
1131 3212
3073 3241
1818 8655
1904 3192
6826 2388
3483 4513
6381 9445
8216 5746
3454 4548
6880 5728
6269 8600
3381 7172
6848 210
257 106
5277 3162
9127 8616
4381 5784
3269 9325
4501 3151
4511 5052
3050 8058
1631 2076
8548 1688
2444 4463
3813 9947
6769 3868
8000 6355
2465 8273
2177 7481
1716 8081
8121 1816
9763 3021
5029 8051
3261 8274
3819 3683
452 3295
3727 9896
346 1735
862 3636
3091 5914
3434 2848
8719 4291
3328 5784
6463 5351
8704 328
1827 6359
7329 4289
3595 416
5317 2580
7968 251
962 2230
2028 2188
8365 1170
3689 8731
524 1720
350 3192
6592 4725
3430 4816
2974 5272
960 7827
2971 5925
5432 2836
4639 8420
9095 4052
1552 9750
3874 732
6181 3584
8106 6307
537 2963
7281 3617
3805 5186
976 9701
1622 4860
3166 8576
6719 6018
8100 5437
5582 9262
8933 723
847 4861
1301 7490
4103 7750
9021 507
8789 5351
4111 543
7877 4167
8308 2262
6031 6093
8288 9162
926 352
1753 4016
3409 2034
6593 8225
1200 3137
298 8545
5815 7077
1813 4605
7401 2586
3018 5676
7163 7947
2034 99
2081 1491
5518 5843
1597 9311
2165 5604
966 6110
4577 4892
952 143
1709 6551
8554 8164
9055 134
8466 1343
8791 9585
9940 8072
7034 7652
8742 4603
427 488
8908 9452
9220 853
3956 2523
9050 3370
2267 4857
8591 275
6318 9982
5282 1087
435 2768
6296 4641
6787 6750
6959 6927
4275 5838
3800 3162
28 1361
4404 7541
8181 383
1287 9096
5625 6225
1948 7117
9416 7126
2308 4547
5539 3998
5708 2815
3696 3187
4673 6525
7825 5199
7605 1445
7025 5323
7610 4245
6584 7076
5644 7395
3784 4428
5155 7689
8184 3725
429 1812
1063 1266
5802 7403
3712 7454
7946 3034
9253 3470
8405 5558
7691 1405
8578 8263
8872 3782
4323 8251
3037 3416
2385 6504
3663 9542
5820 9060
2275 1143
622 2737
9921 3435
713 3850
4993 8423
3516 3350
2082 5482
3269 6828
1558 2894
4289 2818
4559 6280
1357 7844
3076 4861
9430 1634
9828 1495
9843 952
7603 7414
5219 5485
2764 7607
240 4209
2603 7792
502 5687
1225 8897
6607 731
3663 7
5712 860
2892 5696
7694 1001
9453 8703
8143 9861
8351 3869
5347 6419
2934 4281
3476 5961
430 5565
9148 4110
8824 9259
3550 2277
9786 1204
7322 2978
7304 5893
383 8450
6741 2720
3879 1008
3981 5047
6453 8576
9365 8057
2016 3826
6099 6304
1212 383
7818 6907
3762 4499
5003 9335
3868 5667
4929 7701
5882 4592
4841 6520
2403 1963
3035 5857
2019 6469
7536 6811
8848 5481
7069 3267
1097 6855
3990 852
806 5284
3892 9042
1969 1635
1545 7344
9228 8716
7882 1502
4313 1908
7698 662
2432 8086
2769 1421
5782 1296
59 9725
6381 8592
9720 6517
5402 4496
2560 8110
1202 7505
1675 7193
3222 7085
7923 5422
3963 4596
3936 3533
6209 6574
6361 9909
7695 3819
999 3542
402 4715
549 2330
6666 6236
9640 2638
9303 1053
6828 1072
7904 4202
8256 4394
8532 7733
2667 8518
8969 6790
2445 2531
6723 5552
378 8664
1979 6473
6843 4161
2671 1266
7072 5983
3882 7054
3215 4275
8734 6144
872 5547
2981 2844
4784 1493
476 5774
3375 4394
1704 9094
6822 5047
2571 1113
8360 4140
5631 3673
3483 3030
948 798
6753 4850
8767 9998
891 1885
1193 4697
7835 156
5062 1212
6472 7149
3191 8714
6702 3623
6189 5618
4548 5442
2031 843
7981 6364
5565 3357
8163 7715
5152 8476
5783 5911
8624 4332
7176 3736
5741 6954
9922 6331
9342 7399
2595 7834
2379 9373
8371 9590
3009 784
7161 5894
4946 7640
5975 8176
5254 3773
2188 3596
6765 4776
9411 8960
7318 9636
644 5910
2999 8469
8399 8318
7575 9809
6489 7833
5302 5885
3162 8496
9308 9323
266 6388
2719 9715
8142 5228
4735 3483
927 3863
8831 5486
1952 6601
5275 5799
3927 2300
5153 110
3595 3176
8078 7163
5556 9243
787 1694
4922 9351
8796 6284
3527 4727
8317 591
9342 5983
607 1363
3811 9519
5957 1707
6783 4251
9486 3023
3723 4614
5951 8054
4905 774
5734 8490
1257 1974
9221 5556
6559 3979
1744 7025
673 6522
6267 9102
3499 1720
6031 6599
4335 9381
4312 9853
6342 141
3503 1824
791 2371
702 3795
781 3796
1983 3135
9117 3749
2556 1543
41 7016
4984 7218
9494 5198
2662 9398
3598 6526
732 8690
53 76
1629 1650
2131 5312
7441 3029
9954 2902
6279 4135
8740 7737
4832 752
8723 100
4303 9035
6403 5911
1913 2846
1844 1994
5156 937
1688 7305
997 7449
2585 6046
7201 4137
4715 3621
7976 7779
94 1351
1117 1193
5363 907
8849 1309
3726 4377
9540 2729
5739 925
2490 206
3637 5960
2963 8494
8880 3770
9673 3001
7612 9544
1886 9665
3718 1734
8349 7525
4159 674
5214 2396
6292 4424
5163 5088
1839 7738
4904 2631
7208 5132
3234 5906
4852 3959
6865 2154
5347 8448
6174 5781
4878 636
8104 5896
7831 9131
8362 4034
9159 1642
130 487
6231 2223
1469 2682
4834 9156
8596 4061
9028 4418
7231 6868
9529 665
9200 7315
324 6679
6473 6540
8189 7201
9836 5808
4805 8105
4379 9383
6164 2834
8987 3519
8947 1048
2020 4997
8552 5415
379 7652
8483 7481
4126 326
5772 8567
3875 4687
2111 6614
3107 6340
5412 4929
2626 7689
1453 3761
9328 5962
311 646
6470 4861
7269 459
7636 3251
2890 1113
1578 9348
1919 5834
127 3827
5745 7965
6354 293
8068 9218
5174 6555
8480 7323
3582 5140
3653 4016
2699 6474
793 9283
8828 3190
3091 2826
5696 8974
1811 8658
5083 407
4742 3799
8006 5228
5677 6972
3667 5468
4618 8267
8337 8872
3387 5701
1373 7074
6343 9601
544 3933
873 766
3869 2499
7366 3331
143 4010
3342 8274
5343 7398
1424 8514
7095 2703
5859 1513
4404 6861
7247 352
4820 5291
188 9189
6231 7717
3524 4057
5477 1668
7870 4925
967 2091
112 9970
1483 515
9567 7995
8372 2204
5496 9926
3291 4733
644 5326
8721 6432
504 4874
3409 8124
3002 4730
9950 6609
8261 3740
6676 3319
3170 9404
1056 6584
408 3552
6784 957
6639 3669
1745 2020
9555 797
9053 116
8446 9961
8332 1454
7999 4046
9454 9995
9 7076
5887 8601
2681 7818
9880 2837
2219 9661
6634 5906
6396 7697
9675 8116
4769 8954
4602 9352
5257 6701
3401 7962
1744 4781
6518 4512
2406 2897
4865 3841
3455 8793
8962 3855
7971 8270
7393 4489
4527 8963
1762 5300
5281 8838
350 5087
8232 5323
7641 2021
3324 6023
1919 7690
7079 6961
8118 3505
5461 9265
8118 2912
9645 260
5657 7847
4384 9888
8078 2852
3664 8393
2061 5319
3329 6221
5564 5274
5365 2061
3127 3160
3537 9964
6753 9035
5053 1489
9538 1642
7961 3802
4248 770
8947 9668
4016 1368
1233 278
7362 2817
7267 6844
4718 1830
5872 1904
8636 2396
8569 6264
4885 1212
4742 2533
6611 2044
332 1166
8743 7447
9768 9973
4855 1290
5793 3020
3646 517
6896 9857
7237 9585
7030 1024
8478 6012
7299 757
9444 484
4306 2843
8304 9936
4846 554
6764 7075
1645 6603
5262 4755
9805 4054
8101 8657
8676 4132
5716 6708
8810 1855
6252 8671
8714 5451
3653 4358
1067 464
4433 3881
3100 4520
334 8401
821 3665
9046 4799
1781 6227
186 2714
6059 5136
8709 7372
153 4632
2958 6667
3478 2315
9525 5905
2141 2457
2115 8671
9693 1520
6608 7243
9539 1829
9488 989
8698 4313
1854 6202
7594 6276
6170 5785
5576 5119
7967 2248
6842 3962
9668 2432
6463 92
8731 7425
1194 2185
7299 6068
4755 7234
5535 5537
2273 3118
5842 7395
3572 7760
144 2578
9999 799
7428 3740
4469 8718
3722 8407
9424 9374
1701 1356
2392 6853
2111 9684
3820 2593
4203 8978
6896 3725
7347 4046
4014 4546
1034 2627
9603 2079
5439 5537
3974 1659
9742 1666
7909 3460
388 1288
2643 5936
6477 6101
4953 7077
4467 9448
2030 9449
9386 5143
5821 9928
4736 8361
1538 85
8265 7005
8 8158
5821 7000
8560 8531
451 9959
134 9684
8938 6640
5306 6524
2978 4644
6899 8059
7163 3794
1893 6335
972 7617
296 7587
6956 4390
5682 1520
2298 6160
7073 9693
5938 9201
6860 8905
8459 4330
4442 542
6909 524
280 1830
1749 273
43 9901
8127 112
3545 4646
8645 4767
8152 1260
9827 8349
1345 8448
9458 1037
2141 3198
6997 4686
6039 8078
4234 5803
3194 1999
8400 9316
4498 358
4897 1588
5262 5523
1848 6105
1183 3586
3653 272
6279 8319
5728 6771
7490 8280
7635 7894
5620 7995
6769 6316
7325 9166
9802 713
7812 2831
4072 9703
8951 8423
6090 2505
2495 654
9379 9787
3066 176
8805 3123
634 8947
3602 6497
7142 6236
6278 8301
6981 6220
9588 7259
6010 3092
8757 707
8782 4628
1149 8683
8698 154
561 2248
742 3836
8335 9488
1515 9248
8475 7626
6233 6138
8954 4684
7388 5352
6401 9141
4756 2823
6349 1001
1445 8594
6251 2747
5654 1791
3419 3569
2856 7492
5105 5357
8069 6425
2893 3846
2915 3444
8598 3396
7155 5702
3854 8801
9378 6474
579 2606
6541 5564
4513 1339
7046 2223
9001 9104
7038 1536
1230 1986
4607 189
8077 1681
1601 2588
3791 1815
7713 3222
6671 5362
6543 6258
6930 6627
8325 8264
2951 6206
8993 5018
8098 2380
293 8342
5286 7365
606 3888
1494 1870
1193 5813
9398 6387
7528 9304
8334 2659
417 6851
1753 3767
6601 9241
3375 6256
3503 7192
9217 2760
7832 4571
7689 8547
2724 9126
4948 428
3096 1687
7685 1471
3923 9742
550 9947
1100 6367
385 5957
9601 412
4469 4165
8597 8895
4946 6095
8250 7543
6640 401
7842 420
432 4572
9943 4563
9389 6503
305 585
9840 9351
8163 5165
4577 8153
6633 6381
372 1597
7897 7800
7002 7422
2860 2278
9960 4860
9966 1415
4047 2572
2866 1579
35 5504
1615 2453
1576 9112
7094 9046
4557 4385
3345 3088
6085 2105
7502 4765
5285 9784
2003 720
3101 9718
8781 9261
3296 1584
113 8717
1825 8032
5814 9869
6770 6700
1469 8409
6038 7092
7387 8347
5000 5759
2963 2325
1246 8215
6146 9747
8675 1032
2678 8692
8075 2544
4816 2528
6400 5608
4217 7172
1925 850
8656 9928
7469 3831
7295 5855
8867 4590
4169 2578
890 2973
4574 9505
7789 8211
4067 2370
657 6168
4743 9047
8797 2704
8482 7574
7274 6590
1864 2313
7861 409
2423 9205
5529 2883
947 6031
7716 1067
9488 8641
8516 5839
9795 9070
5010 9131
1829 6490
7909 6334
7084 6930
3701 2316
6359 2706
488 4497
6704 7489
4707 1402
7211 7959
908 150
8339 7985
1801 1296
4456 6249
726 4482
4307 3272
3766 3326
9058 8773
3671 2980
2647 5298
2787 8808
4087 9047
7172 9610
6449 3858
9102 3839
2179 9267
128 2243
9449 8582
1902 5361
9247 7930
6932 9338
7855 2177
6476 8460
4444 8700
7745 7874
8440 4918
7613 4922
6373 528
5019 2522
2876 394
9247 3039
5545 9012
6272 6081
8319 2496
359 8662
3094 9022
3108 1158
4245 3664
7122 7508
5737 8564
6495 3092
5537 4373
1302 8712
6982 3895
8284 4139
1821 3880
4905 9633
4593 5895
8985 8900
3051 2215
1076 1908
4298 7679
1791 1002
1344 3424
1248 8760
9752 3469
2848 1024
9071 56
8539 3545
8746 8707
7784 5679
3184 8914
7402 9567
5669 1426
4476 8246
5810 8040
9520 1123
219 4863
2079 246
1086 4960
5962 5815
2365 1332
6295 4373
8238 6175
5572 8101
3555 7334
901 8674
927 7906
9625 4098
4179 9929
5517 1978
2826 8082
2720 7642
7280 4353
9635 577
9462 9588
9933 7589
8515 2884
2888 6154
6299 4748
211 6370
2364 4958
1577 4965
3075 1077
6026 9796
4594 8540
1441 8266
4388 8269
9267 8113
967 2737
6682 3993
6529 6436
3392 8307
2203 1667
5241 9695
575 5607
1829 7657
5191 9577
317 6710
1717 6463
2618 8543
447 7209
8143 5595
4849 2336
9314 4496
5828 9417
2008 2808
6407 2446
8135 7507
6494 4036
2532 8636
2450 6395
1360 6579
1115 1997
4190 6376
3000 9910
6976 7534
4333 8696
8082 2761
2625 1835
4578 4064
5475 6608
961 9646
7275 2370
7518 41
3514 9159
500 6930
7372 2570
1301 3065
8278 5840
6825 6744
7139 5079
8238 9276
7909 8575
280 8874
194 6128
8338 9403
2580 9336
5452 7443
1378 8776
6460 6072
4452 9016
1449 8842
4848 7400
5715 2357
3884 7539
8417 907
8408 3441
7106 1590
1897 5232
319 3353
4096 2391
5434 8411
8880 5441
3957 9449
5022 2040
1444 1076
9560 8398
4241 8949
8452 1967
221 5008
4202 6338
5719 2272
5144 4281
5842 7607
6077 9866
347 5935
4935 5611
2272 4298
5173 5575
1511 9226
8575 355
514 5842
8151 4912
4305 2141
5817 5166
2006 6886
4560 4297
2050 4556
9747 4696
8272 5772
9297 6489
9070 6664
7375 8589
6817 5587
1319 3201
9714 649
6469 9723
3277 6471
8601 8974
3631 3621
8640 3702
9818 9170
9350 6286
7291 1790
8680 9596
9785 9843
9463 1923
1761 5900
146 1937
8597 6113
6242 4598
6727 7905
7197 3960
902 4376
8350 3815
770 8905
2681 2094
3966 8352
2027 9987
7883 8317
2467 1703
7330 8890
3546 5806
252 4313
6037 4082
8705 5026
7928 8854
7275 5493
3316 4696
6121 6284
3900 5477
837 3819
7761 2674
6322 6234
5109 5898
6833 8794
5697 1552
9422 7294
7579 585
2940 2889
1902 1259
9795 6784
3425 7871
2644 8225
1443 1370
3229 4233
814 2815
5510 4505
7764 5587
323 9936
174 7325
3708 8188
7018 7489
6135 4751
6655 1523
4784 2923
8656 7521
6081 1160
8844 6363
683 1226
2261 1236
8082 5575
3718 7496
3029 7414
638 8789
965 1884
7865 389
4639 1780
9143 5676
9109 6267
4935 6693
7303 6024
1276 4730
3344 3241
9358 1857
5805 9933
513 9361
8101 2972
6303 4000
8195 9313
8391 8048
4809 9823
7886 4024
2319 5164
8848 83
1543 2164
5637 6980
8582 4113
8805 2560
8924 3425
9204 4693
8982 95
5005 8621
2266 4401
1318 9621
2374 7277
7096 6946
9976 6804
9005 9974
6002 4244
6969 2495
8201 8072
1044 6085
3267 9426
4344 8500
1725 7421
1679 8023
7751 7774
8605 9709
1123 3150
579 4462
3493 8698
6886 6878
6153 1196
9051 2799
1508 5241
8407 2510
5409 4938
2502 518
2566 4506
5059 7850
2215 6253
9144 7811
6213 9345
8245 1128
6779 7821
4961 1442
6040 1279
1958 7050
4587 6677
4917 9868
1215 4683
2123 7537
1054 9017
418 9602
4251 2215
2179 3723
2420 6256
3023 2833
5027 1495
4919 9194
2902 2327
4403 6290
1070 3034
572 4480
8087 2239
2556 1366
4068 9415
1143 2798
4588 1881
4262 5475
2654 5723
993 7044
5933 9078
3801 4679
1419 1223
3682 8035
4725 5894
7908 7549
6195 2291
5050 4001
1027 2186
6986 286
5571 6592
2554 1329
7023 411
2568 3084
8671 8514
855 6551
7909 1680
1027 7751
9176 5841
3654 9592
9041 3061
3538 6574
5595 7689
1775 8257
9341 6135
2286 2438
7793 3683
7507 3976
936 6803
2930 192
9762 4384
5181 8795
5061 6334
3312 9264
8645 2974
8015 3619
4209 3678
8421 7533
7 8183
1195 7704
527 9015
1599 6443
9363 8468
1212 9399
464 8562
2006 7370
9947 7443
1447 8137
5671 626
8329 9243
6739 559
4009 7681
148 2910
8745 7404
6736 3037
7819 611
3645 1069
7129 3732
5475 9040
2946 4069
1308 8510
5516 8008
9810 2110
1196 6754
9578 7454
2814 529
6933 6846
2943 7157
8339 1232
9762 5981
9644 1828
218 3059
9318 7849
143 8553
7884 3806
6046 2273
732 4779
8244 8301
6497 3122
29 4632
8187 5028
2565 8773
9261 395
184 5237
1827 4434
5786 5869
9161 4447
1027 8943
9730 223
971 7962
4907 1483
7912 6106
7561 813
4033 7263
3715 5524
7613 9574
4464 6872
2443 2440
325 83
5164 2926
5218 3616
193 2486
2274 1096
6943 9969
8630 4370
9005 1831
1426 1103
5 5479
2183 5370
5793 6716
1737 4675
7675 7190
2939 1820
6372 2807
3284 5095
1377 9039
4683 5191
5423 4060
2538 2291
8724 5657
1326 1781
2700 2842
8883 2008
7852 8114
6549 2520
5492 1297
7396 6245
8006 907
9701 4021
7337 3962
7865 4932
6379 204
7953 886
2976 1635
65 8859
1193 3338
4693 9262
9572 6492
5283 3854
1039 9545
4171 1645
4165 8455
4086 6220
459 1962
2405 2935
7386 2808
352 9405
1789 863
4323 7739
3417 9066
1534 1939
3234 8155
7164 8928
6201 1088
5195 6610
3216 3120
127 7439
1906 8451
1769 895
950 9405
268 3335
7631 9060
3595 8639
3287 3268
4650 8101
6372 3020
185 2986
7794 3066
8738 8208
8230 7752
9748 557
2096 9998
1054 9911
7872 4358
6963 6880
9456 101
4068 5307
8244 5243
7006 3071
617 7487
1352 9637
530 2977
5819 3764
1882 8839
974 9845
362 415
6635 6287
9453 9151
5152 4379
285 2063
2753 1095
19 8722
6146 4248
8462 6698
6559 3451
7586 1396
8412 5322
3642 1230
4802 6351
6569 4056
6996 1893
6365 5824
113 4706
1126 7365
2185 1478
6426 265
8785 776
740 7758
407 869
6583 1576
4791 840
2062 688
1374 3444
2523 2883
60 3136
6991 5111
1487 7718
9069 3537
998 7034
7013 9235
3479 7149
2641 474
1267 3467
3786 7509
2316 1193
9968 841
800 6613
5976 8865
7346 7605
3050 5854
1083 6823
2343 6211
696 6000
366 5924
6672 4799
1077 7173
1921 2652
4338 7015
2970 7028
5385 6088
8902 6555
5040 8270
249 2457
5322 7244
4997 6718
160 874
3924 426
5886 9374
2433 730
1209 8168
1077 9846
1344 1399
1963 4557
5987 7024
3227 9630
5826 9419
8758 3603
7285 454
5361 371
156 4952
4558 5009
7855 1484
1197 7273
4940 4433
6070 1212
1617 8266
4717 4331
9901 9950
9617 4745
1120 449
7936 9758
9464 1241
2035 4298
1251 6793
4923 2668
4597 8931
7824 2018
9200 4039
2080 1005
891 9030
2542 2063
669 7025
4663 721
2896 8671
2460 412
2333 51
9553 6207
4714 3103
452 5913
549 9502
4284 1972
6826 3935
8152 2594
6321 7708
2312 5574
9184 8624
4348 3213
6507 8066
4542 1798
544 1223
9628 4064
1283 1406
7100 8086
4054 4370
7286 1033
7853 3608
5355 1220
9086 2528
462 6902
406 4469
4196 5245
9330 6482
5546 9903
6336 7821
4550 654
7119 9078
1824 3522
8692 2898
6161 4818
4023 2215
7379 7556
4898 6950
6612 3661
7685 5090
1235 418
1708 9116
6596 4595
4899 3687
1760 2686
6422 5538
1440 696
957 1520
1311 1917
4341 5726
8882 6135
5226 1627
7135 8693
2482 180
3090 2858
2989 9812
8516 3929
9540 9253
4939 8516
3527 9132
174 7431
2095 3272
8531 5642
4460 5647
1913 7696
7075 3902
3971 2084
2328 5407
4520 2966
467 6762
6389 2685
9431 2696
1912 3538
2279 5299
1216 2208
6910 9524
9536 5316
7748 5896
5703 9522
4090 6368
9019 4614
4803 4249
6699 3025
4057 4166
9062 4211
7776 2974
4670 7329
5504 7559
2591 658
7363 482
3978 1189
807 9382
157 2833
6834 1093
9399 6680
370 6405
9580 1742
4494 6403
8899 9628
3203 6330
1854 1576
2395 7904
2658 1290
3764 6029
3287 2015
1295 845
8341 1285
5041 1037
3908 1786
1872 9357
2625 1771
7890 6294
2110 3462
2182 2815
8968 2876
6620 8138
5548 9520
1372 3454
1638 9379
830 7548
8294 9647
9638 5244
5981 8636
3494 4634
4225 9292
4441 3998
4947 9764
5298 4380
6683 9469
2961 8743
1865 4068
5222 3639
4362 7819
817 4340
9461 6721
7384 9368
3468 906
7018 5346
5139 9696
4115 8129
6106 7779
5181 1135
2498 5940
5307 6825
4937 4771
990 2263
9109 4812
3989 4695
4075 1556
5905 8087
537 8754
8168 6555
6229 8455
7125 5630
615 1228
8913 7291
6110 4990
3800 9702
7968 5892
4693 7600
75 9686
9488 4260
8785 7028
1960 983
2026 1130
870 5035
5841 1226
1988 1988
5558 271
2710 3390
3777 312
3958 5702
2360 3979
9062 1444
615 5525
4291 8489
6858 9849
738 8434
5538 2951
2238 9990
7121 2251
9012 8336
2910 200
1715 6359
2001 9641
5586 8730
2550 4336
9386 4755
4541 3113
8799 920
6255 1058
9003 9091
1613 6202
6086 1295
578 5127
1990 7017
9825 5941
2692 3954
5842 2050
4278 8169
7664 5167
6632 4568
1424 1004
9394 3658
3900 6070
9902 5499
7270 9021
7791 6814
2227 5004
5938 2167
1674 6416
2443 5175
2167 8538
3331 666
5299 3463
672 3735
6218 762
5784 6634
1451 8331
2239 9429
3248 1842
8325 5366
2601 6259
3679 6881
8151 7824
9766 3187
3161 9987
8887 5392
7739 1688
1417 62
8506 1438
5952 7186
2892 5653
2046 3470
247 4644
245 6900
6958 4735
9086 3516
7755 9926
3756 2326
399 1545
6102 9303
5935 9327
676 6403
1695 2351
6499 6543
9249 3289
9237 463
4482 4378
3480 6431
1988 8583
9796 8715
963 4363
6265 5757
4799 7491
9170 3997
1547 8362
2541 8276
7454 8230
1225 4761
750 2802
7185 7323
7876 6638
3709 3318
9346 6788
7214 9685
7415 9102
1338 5330
2763 5657
3002 709
2363 6734
5135 553
5731 5781
5741 680
1738 806
8012 4826
3183 625
1150 2431
1301 9424
6610 3318
7402 8047
9436 211
3829 5465
9381 5015
1416 8859
1504 9806
5641 5750
925 8466
8654 6624
1423 9902
9373 1475
2578 8776
8837 8718
5131 4704
2996 9896
9248 5841
132 8631
5397 7802
5095 7250
2496 3851
7546 9521
3037 7293
6388 2943
9877 2022
7578 9021
4368 2139
7503 4973
526 6596
9114 5292
4924 9794
2999 6615
6990 4079
581 4328
9412 5064
1641 4347
3317 5731
3337 8512
7931 228
2921 7032
9392 3317
1328 6418
8422 6404
9837 6345
1521 6089
6982 3870
5391 6167
7908 8456
9268 9033
3355 6240
4858 7414
456 6959
8543 2364
2537 2010
5577 8483
122 7047
933 2261
294 7573
6494 4520
6646 950
9292 2866
6968 3286
455 5098
886 4607
9576 9522
4625 779
4172 3080
5092 5600
8931 3267
457 1507
4431 4739
9432 2333
22 6576
6426 6554
552 1124
4763 4460
1628 353
5164 7690
3103 678
1655 4567
5470 2172
2122 9673
8857 3107
5665 1099
9303 5772
3968 3808
2009 4493
8858 2544
6249 1797
3236 2745
1630 3663
7585 2858
383 9787
9224 6541
5381 9808
6504 8147
8568 1425
5140 9960
9477 1349
8851 4596
8545 5024
1506 1028
4892 6052
2967 7650
3263 1271
5802 840
9823 2399
5071 2441
1472 220
8364 4613
8403 2203
8281 5473
4552 9534
4537 3990
5658 4474
7890 7543
9602 3978
3068 597
8720 539
2889 7930
8777 6157
759 846
4289 407
3740 9818
4874 8513
3363 1990
2339 389
6397 6980
3164 6566
2731 9427
6088 1961
2585 1705
9484 3404
215 5257
8199 1884
6318 3978
4566 5428
6311 8084
3247 3572
6676 1910
4629 9343
6563 4071
6428 9705
6827 3420
8212 398
3706 9248
8520 6102
9300 9160
9262 1883
6068 3062
7096 6835
7509 6700
6466 5869
2219 3185
3981 592
3527 5951
8840 5196
1866 1567
8966 8304
2108 5853
7565 6721
3004 1741
9768 2005
962 2299
4071 5810
5314 7379
8241 4948
7279 7313
4377 2076
9810 2095
2836 2980
499 9488
9672 6373
4740 500
7315 7150
1338 5655
3152 9040
7734 507
5707 7584
7062 3823
3108 9391
4199 6887
3524 8596
3009 7350
2263 6460
1971 6070
5219 5058
364 379
3353 987
2214 2205
7897 20
179 4513
968 8669
6564 4460
1277 3571
3651 6748
9632 4645
533 5577
3902 2960
8642 8653
8148 9242
3154 1682
5602 3964
2456 6795
175 4964
2878 3332
6200 3503
856 4425
1069 4737
9727 7825
480 3508
3344 4402
965 1403
3690 2754
9392 6037
4684 3377
4120 8457
9370 811
7515 9646
2670 7221
4490 2040
6886 5839
6771 7001
2154 7704
7573 4186
9017 142
6378 3749
5319 424
8491 7310
4604 3035
9072 8634
8201 3992
6328 9952
8197 653
3555 4864
3465 453
4714 3766
5955 7000
3220 2728
9423 6974
8662 1768
7790 6261
1100 3463
5315 8768
7657 7822
5773 6348
1084 4373
2826 3277
4984 7387
8772 3715
5380 5194
3862 5600
3324 9506
3363 9401
8222 5711
4575 5173
6580 50
968 6346
5833 4629
5634 3698
7971 6209
1256 7936
2634 9686
8749 4326
4365 2235
1797 7817
3710 9020
9445 2083
6861 6434
3953 940
3512 3790
6084 5549
7632 9409
5030 5873
829 2041
5142 9793
3007 3551
6677 8353
9990 3819
2728 546
2806 3779
9533 6091
8327 7542
2359 9636
5929 9538
4126 4826
9889 7616
8986 1666
2188 8038
8022 5630
5403 3302
9265 1941
398 8742
9220 3465
8478 8830
8078 5653
2708 9117
5807 6982
8076 4771
1313 8306
5192 1619
1851 9583
7213 654
4881 7397
4678 1938
9550 1719
7930 8830
9993 5347
1840 8490
7634 4451
2493 9589
4682 3679
534 3159
6008 4247
865 7531
1578 8451
3378 3289
6655 9046
4408 9181
1930 6929
3595 4927
785 5554
5849 1855
5878 5524
3094 7313
2227 7803
5489 3780
8982 8968
6808 8627
7085 6957
3665 5458
4988 743
3280 2974
9631 2363
9460 2286
4857 4762
1497 8632
4458 3859
5663 8421
2036 8301
3981 7544
4873 5326
9983 1899
3983 6174
6118 6055
7551 9493
2508 1001
9938 6165
1748 6911
3431 3996
9416 1870
4949 5709
5002 2495
4863 8675
2934 7381
143 9818
8385 9325
9007 4136
7555 7253
9253 267
7113 3791
7484 1551
2490 9420
1387 6015
9699 9150
2273 3716
388 2649
55 4892
4791 3769
7857 7351
2290 403
8440 6528
4253 613
9625 6662
8845 5963
922 6526
2506 7994
8520 8137
7768 8790
856 1900
2112 1555
1934 6608
7549 2149
4586 7751
5607 7519
860 2552
7420 1968
1727 5195
3595 7179
3290 646
3560 6962
1684 546
9072 2636
3861 9572
1561 9997
6428 5743
8025 3801
9757 3072
5135 709
9517 33
6258 6625
2854 2254
1074 9367
1371 2897
2481 2602
8122 9143
467 1996
794 8231
7649 9503
8269 1488
6155 6740
2750 9777
543 3375
4644 8818
6444 1481
2385 7801
9610 1777
4383 9745
5067 2706
5298 7024
1047 8277
3807 518
7394 5622
4069 5801
3135 8191
8071 4829
2892 5529
1030 6549
6831 5578
7063 4868
3837 430
7288 7430
2596 1478
7554 3626
275 4901
7998 5280
3489 3411
1592 8451
1234 5213
3891 9785
4495 6110
1154 5853
2181 5689
9039 8917
8117 3522
9043 7558
8738 6332
4888 5607
6210 2045
6037 7811
6638 1684
524 5678
8066 5022
4288 1934
7942 949
9201 7028
4751 8482
6969 6130
3493 9356
1110 53
9691 8134
4173 8535
1632 777
2409 9330
5506 7606
5063 1525
3157 1597
490 6548
7100 7943
6267 5271
2534 5828
5505 4685
993 8342
6530 2542
5359 1478
8140 3440
907 8150
7609 4761
2067 8167
3638 5912
9605 102
1427 9309
7895 5994
2073 6528
6977 4817
3464 8079
9090 5657
4871 224
4369 6537
2411 7284
5376 9817
7587 2876
5180 121
6067 8508
8655 5716
8924 2978
1688 9286
3486 1012
7979 9043
6013 4572
8141 6101
3377 5287
753 9058
5930 1426
93 1727
8752 7864
200 4946
3471 2469
9988 8410
7825 7362
9069 3450
5179 8465
8996 2724
1159 1797
9599 7725
9613 9944
5102 64
5066 7136
9727 7461
3874 6385
7438 383
1253 7100
5552 253
6377 6641
6871 5192
2725 4220
44 4210
5876 622
2838 5795
5929 2143
8005 1831
6737 2223
6433 2787
9153 9182
7279 5115
459 3505
9744 6791
7177 3126
6215 1934
3451 124
1433 455
2171 7294
7379 3647
1053 8010
8582 1689
839 7836
7511 3966
7812 1298
4768 8164
7823 2289
3738 9076
4002 1506
4408 3047
5350 9386
6034 9003
8400 7967
3339 1998
9128 105
5936 225
7308 9506
5658 1410
496 9977
1495 9548
9828 7372
6803 7903
4824 2638
8497 9216
9384 9418
2894 9062
6160 4638
7917 3281
1496 5527
6318 5436
8126 1490
9636 5222
7803 4295
7561 3775
1071 4981
2394 6807
6338 961
3298 1521
5467 1721
10 8217
8048 6584
728 2558
1557 2951
3834 9407
9573 8476
8159 4193
5255 5597
1466 2726
2262 1877
1846 5410
294 4574
1711 6786
7455 2891
9074 6352
6623 6341
5794 1575
7999 2660
7495 9068
5055 3708
4817 4828
6026 2797
716 9507
8171 1885
3475 9640
6973 2064
133 757
7461 5794
10 3339
9859 4303
3015 7537
6727 8616
2429 7598
3806 7615
6846 1941
1730 1603
963 9805
814 4788
9904 429
6089 5128
6772 5678
4783 4981
8102 2070
3428 991
6916 3134
6787 6650
8069 8035
5777 5974
5558 7407
6597 1728
6494 2336
8219 6644
1428 7413
458 1057
5702 3820
9787 5412
1532 3366
5104 1065
5497 9415
615 7831
1119 5651
8042 1697
1245 8614
5334 1157
9884 4935
4067 5595
8213 9224
2724 4151
4432 3537
8041 8526
2149 4357
1608 8133
6991 8045
3911 1065
6124 669
3003 9288
371 3183
9990 1521
3615 7856
8520 2220
9174 6927
471 119
7840 9392
5008 4756
7259 6876
3209 4428
7349 4527
5455 4003
1446 7865
3741 6043
7852 1525
6138 3652
1485 833
5557 8512
312 2154
19 2529
6259 2942
6626 6519
5277 7436
6395 4404
6254 8942
2172 6310
3468 4631
6794 9046
2259 3792
3692 7374
2612 5485
7126 4523
337 6521
4232 5374
534 5716
6080 763
3031 5350
9913 6327
4484 5766
9775 4352
6824 4059
7699 2030
6732 2781
2654 4595
5853 9602
9426 6744
6398 3864
4636 815
1868 975
2070 5121
7539 560
4513 914
443 9334
4275 1385
3488 4603
9598 1170
3440 9362
9125 9761
7434 4903
1626 7298
7713 1884
3167 6154
9266 5793
8900 6754
77 7738
1683 1081
8651 6519
4689 2286
8513 2890
217 3849
4374 1983
1878 6740
9633 4800
2345 7985
9926 4733
3866 9118
2388 41
3702 7915
5334 8211
1714 1879
8029 3166
2250 6894
5252 1235
7544 9496
6321 6826
4807 6188
3294 3752
4189 8257
8001 3134
9818 5500
2623 3824
1087 7326
3489 6286
6379 4652
2784 5871
6433 1041
7851 6426
9509 6513
2790 166
5576 2473
2009 4762
1675 1182
460 3571
5671 8229
200 9939
565 1414
8004 1537
6570 4508
3690 5647
3112 9301
3859 1341
7977 4403
732 9497
5764 4203
774 6580
2845 6459
2781 3133
1015 1925
146 2911
7023 4475
6951 3600
170 5149
2609 5048
5155 8561
4725 5963
2373 5113
4865 4998
2829 7441
6923 7172
9879 4541
2775 1559
4973 2007
4905 1182
9581 1821
690 1058
510 127
8035 5316
777 6438
7041 9344
3247 2697
7394 7885
9198 5649
6172 5033
9032 944
5738 7057
7282 2418
6428 3997
9146 4986
3709 969
692 4590
4492 5107
9956 3632
2299 9098
1097 5328
5965 7226
8812 5438
1557 4879
5189 4784
2210 7450
6193 1013
5553 9568
9961 3036
3431 601
4110 6573
3587 7364
4228 4263
8014 9970
750 8744
7650 1771
6399 2178
8110 9307
1378 620
6138 3221
8506 6705
1472 6064
5482 9062
3808 7936
6470 1910
9541 5890
176 3261
7992 8050
6631 5182
1781 8368
9843 4536
1059 2970
8518 7659
6266 4012
2037 7390
9122 2000
3872 5911
6516 2505
9632 1817
7003 8203
1922 4869
4581 2195
9217 6854
9442 3522
907 2003
381 836
5747 5388
8557 5144
5849 2755
7287 7578
3443 209
7558 3118
2576 7214
3959 6212
2935 1316
704 9225
7997 8051
2436 9661
4667 4468
9516 7090
6625 9695
2463 5721
8539 996
5241 3554
3351 8762
2087 4056
9812 8851
7556 1290
2465 5739
4484 4439
1250 4910
9535 2667
2932 7911
1051 6243
1524 8533
8857 4873
9914 3537
740 9182
9857 6367
5268 6275
2544 7290
5644 5310
6922 8400
4291 4042
7952 6923
2832 2253
1996 5263
7187 3012
1530 1212
2436 7711
6348 6790
7169 5804
3467 9125
1987 5193
2901 1821
1858 4191
1514 259
7000 1013
2116 9254
1997 1714
10 6516
7812 2531
4154 351
6411 7550
5156 5033
2664 7646
7263 2294
3219 1630
6540 2363
7041 5536
2434 2990
7294 1003
4904 9904
9258 8654
4297 7124
3973 7458
6176 579
2291 5965
8269 3462
9020 6388
1738 6764
1867 7443
3952 3411
4837 6907
4950 9469
803 9811
4783 820
2921 3220
3924 8771
9582 3533
3931 3033
2580 7237
550 5486
3200 1058
6448 3198
5892 2442
5764 4106
4244 6308
7663 3821
8914 9008
1077 6975
2233 5426
7835 1566
9147 168
6345 9719
9201 8764
3047 3316
9242 9830
3793 7926
1533 4125
2360 3473
6965 1442
8288 5077
8053 1260
1207 2515
1406 8114
3866 1724
4358 7603
1041 6800
5442 3982
6500 5919
3405 5270
5237 9621
4443 6824
3129 4897
2346 9296
1238 3511
1240 1931
6924 8003
5616 7131
8956 3797
7330 7222
8821 870
4265 9378
5414 3403
339 9610
5286 855
1548 1791
5654 8909
7733 2623
2344 3712
4759 8511
9876 7853
6782 5265
5849 1524
3317 6564
6844 7284
764 2140
8010 1884
3103 1597
3530 3570
1432 4815
161 8324
7044 4876
1014 3453
7723 4440
1789 1994
1951 1524
6630 6348
717 5610
5803 4592
1604 16
2370 7905
4852 1488
63 2544
6086 2920
9527 4810
5381 170
5145 2434
7373 8888
9596 838
2085 2302
8373 7681
1167 5900
1421 4161
9234 9946
4089 6474
4984 5757
4594 5903
1797 6699
173 946
2487 9819
9107 9940
7904 9061
823 7607
4074 6002
1242 3961
7556 9049
5573 9023
3714 7019
5729 1767
7585 8066
4570 6747
2031 9867
4138 6830
2868 2020
96 5494
5645 6579
9531 7095
3785 7687
4339 8577
2750 6207
7356 1034
9933 332
3423 4582
4958 8070
2600 4956
83 2575
7674 5300
5379 6242
3188 1555
8393 4507
8149 4906
2959 5297
9625 9718
6869 5058
9404 389
3068 7303
903 5580
4078 4616
8524 3231
4332 57
6641 4828
104 8890
392 2337
1724 6586
5490 6255
7764 4032
9213 8214
5892 5883
9779 6567
64 3000
6288 8404
8754 4901
6413 6433
3914 3178
4037 4159
5330 1797
4020 7797
89 5242
6275 8372
1825 420
6355 2424
9436 3278
4730 4761
9968 6059
1942 1712
5339 6147
1823 8292
7601 2428
9976 7743
2427 106
9686 6863
5507 9917
2470 5588
1538 2672
5438 4234
504 5075
2656 6864
927 7740
2707 4202
4776 1359
9628 4534
3728 1949
9408 6037
1460 1122
9247 8968
1665 2304
1758 1158
6482 8859
1286 5241
5015 5037
4558 1062
6646 5695
2826 1693
8815 5727
7711 6506
3964 5131
7912 9730
5325 668
8998 7936
6247 33
3442 4882
2739 9485
3101 7166
3937 876
1323 9106
147 9002
6875 308
3198 5236
6865 4339
8743 8358
872 1953
5246 8534
3433 7306
9289 5376
7117 597
1940 6022
3340 5572
5823 4176
3128 5326
7614 6033
5002 4848
5623 4049
2191 3740
7167 4469
6333 7546
5416 9568
9883 1137
395 541
4391 2582
3840 1959
6847 942
2579 3767
1282 6434
152 1717
7812 6386
1321 2210
6305 5441
9194 2469
6871 3432
9628 1973
4350 9366
2601 6102
9000 4964
5251 7936
549 6190
6259 9118
7834 6205
6269 5754
1172 8179
4024 258
9690 1408
2925 5098
776 9176
7674 9369
3842 1777
5713 4143
5604 3166
3126 7518
9040 4651
9712 5316
3234 4076
2894 8362
6287 3932
5174 2284
8476 6829
4801 766
7862 1768
4358 8198
5521 9652
6940 2664
2594 1476
4619 5186
6341 7626
8885 6186
7384 1730
7740 5091
5333 7496
9151 4016
4976 1983
5521 1470
223 3722
8905 7015
7989 9152
1614 2829
9211 5784
1930 3086
9180 5545
9607 7121
4371 6738
831 7290
7974 8043
7362 7484
1297 3021
9500 3216
3236 8527
7603 9236
5004 5503
1823 5597
2295 5559
4748 8117
2078 1797
6647 4176
6213 7312
7996 9779
9067 9805
8983 8825
1316 5748
664 528
7139 2532
7474 5911
6962 2050
5772 9322
2974 4135
8103 5913
9566 3302
7880 1005
5914 7230
4153 2290
2872 415
1173 804
1364 1444
2419 1600
4479 7311
3796 72
435 3225
5669 4861
8613 1348
8443 3276
5848 6890
1356 176
5152 5005
9190 6244
4079 6934
6576 6595
4895 8809
4583 5653
3759 1585
9282 9234
1092 5513
6970 9774
323 7606
5742 5641
7210 5529
8094 463
6905 6352
4255 3415
964 3606
922 6402
1490 1073
5104 9071
4586 6758
7735 7595
313 5469
6775 8161
1347 3449
4462 1107
7504 3497
8414 6636
8336 4015
1267 8056
987 421
8535 3467
5477 2352
9383 1856
4631 5123
9990 4511
808 8840
4203 7712
6648 3650
1167 7627
2002 4523
4609 3356
4240 4028
3466 9047
4137 6540
8563 1044
4496 2306
4997 986
3727 4808
4941 799
1545 9871
546 519
8990 9945
1619 4897
9950 1996
7788 9690
6372 2454
9810 3617
4358 7645
9745 6883
3322 3151
4649 2228
5401 532
3498 9436
7314 4847
2027 9231
1839 1421
5149 7514
1121 5275
1681 5857
8965 1684
1028 9220
4339 1272
6529 6801
3246 8105
5158 6968
1161 4205
8252 2219
3229 8931
2965 5093
4398 6656
9134 972
6684 1184
1239 8724
5753 347
148 5111
4004 9208
4342 3901
2347 5321
5289 5629
7855 4478
6675 8939
9489 375
2163 9444
9072 6655
1382 7046
9704 4735
8819 7647
8810 5887
5316 193
8000 987
6842 4991
6939 6370
248 4228
3399 9257
679 636
6697 1146
329 5244
6701 2645
3235 140
5584 8161
5797 7198
4519 3895
7702 8698
2512 7569
2945 775
9542 3335
5647 5641
1206 289
326 3509
7063 8048
1349 170
9849 7805
1215 1145
7756 2310
2384 8357
6980 3224
2322 263
6691 9262
6461 1379
3647 3581
8753 2139
8615 3844
4509 5016
1802 3393
5217 7865
9472 6975
10 390
8947 9461
3491 4716
4174 980
4587 5958
9040 6929
6130 3768
633 6272
9842 756
9635 6586
6427 8763
24 9280
5438 8887
5286 3423
4625 6228
3316 1630
3437 5268
7194 6434
377 6842
4040 576
8886 2620
9105 9673
1456 8052
7319 674
6651 9707
9457 4560
8721 7941
5133 6720
4507 835
9783 3434
7319 345
7851 7921
2469 6590
9353 4356
4156 1222
1999 3332
8382 5828
6079 7168
1600 6267
4284 8532
9756 8923
3659 793
7446 9777
1869 3553
1848 2254
4976 1793
1127 4774
8896 2064
2005 3951
1749 4173
6173 4368
9260 1794
243 883
428 436
8921 4377
5629 6218
6088 6907
4346 3884
3481 7189
4722 7484
1659 2350
2113 2179
2942 6885
8831 591
1007 4761
2269 2142
6835 5604
3593 8822
5695 900
4181 5812
4843 1159
2014 421
6641 9975
5188 7748
6764 5907
4744 6526
2200 8142
4004 3583
8718 6861
6598 345
2500 4244
366 9833
5614 7065
9332 7586
29 6801
929 4946
9853 8203
665 8140
6471 2255
1417 1610
6296 4473
9550 9008
5792 4463
5023 310
3473 7698
7703 8481
3572 5434
7052 4127
1041 3700
7374 1571
2599 7326
5826 4796
3498 9910
5366 6687
4697 5690
9829 10
142 4242
3317 3570
8818 3955
1103 1977
1286 5205
4215 2469
5372 9177
4903 7220
712 3271
5176 4572
6819 9025
5589 7636
4388 3496
6469 3685
4500 32
8778 2798
5428 9383
6785 9164
1727 7076
9743 3512
5298 8000
4762 88
3114 4133
8057 6619
1284 6351
6760 699
168 6261
8496 1051
199 8985
884 7074
3124 2846
8186 5138
8342 6874
7256 5055
9026 2095
2 5157
7716 7519
4538 9433
6071 6775
2214 5144
8479 6326
2710 4374
4187 1208
4388 7940
7665 9219
2086 5101
1874 9512
9534 7506
4137 6508
8595 821
9289 5092
2503 2467
9805 8006
5299 8908
7581 1387
4638 926
7078 9396
170 329
4478 3855
4669 6513
2584 9849
110 6329
6120 3219
5866 5690
7127 891
1229 6352
5150 9963
9432 6308
1895 6519
5362 7232
5045 67
4155 7412
926 4571
2850 3613
707 2001
2307 293
9818 9339
1557 9632
5292 4973
1789 792
687 5439
2147 1852
3304 8414
4535 2860
3378 2930
9608 3436
9925 2723
1152 3359
2933 3675
1021 9582
6601 1261
1828 8114
3290 8965
9588 4198
2885 3588
3473 9225
7256 8383
4903 7834
4512 9964
3122 3614
2710 9920
9479 6863
7744 7079
7581 2835
5066 1344
1515 3909
9953 5058
9325 4126
5986 2818
3926 9525
6453 5694
8650 2715
8337 766
9611 5127
3595 1943
