10000 6000
40 106
333 3352
2172 3558
1958 5370
9499 7004
4443 2748
6983 1090
416 5644
8155 1652
7644 6856
9596 8277
4268 2195
8396 9526
8109 9233
6048 4511
5998 6617
7201 5492
4062 1140
6713 1215
4911 4749
3445 5643
2645 8688
4231 1799
1637 6948
6455 5383
31 6234
2690 7873
3866 4611
5812 3769
2799 6035
8052 1706
3339 2950
2405 4087
543 4140
9837 4941
4099 17
740 698
9747 2544
4050 3552
1971 1972
2491 2117
8894 7582
7360 9054
5316 4614
1306 353
4840 4581
2533 5970
7014 1146
8863 6493
428 8756
5108 5535
7711 6209
2171 2537
3355 2360
1329 5663
311 6142
2128 9487
6291 8083
7324 7151
5716 5520
3324 1680
8245 8696
9536 6148
9821 9914
5098 7376
7181 2954
6399 2858
1752 4925
3840 5592
3887 7745
1271 6509
3364 1449
6545 9190
7094 6485
6614 6556
9977 7210
5622 4212
9837 3768
9421 147
2374 4524
4946 5464
7078 6263
7898 5833
37 4325
7160 8357
4573 9867
9392 3529
5648 6445
2235 6986
8984 3099
9572 722
819 6128
7272 8473
9251 6748
2859 4938
3097 6809
7554 3548
9210 9775
4104 2446
4196 9136
8858 3386
1454 1459
1518 3224
9495 6244
1002 2696
2457 9796
854 2168
8779 5278
2653 9051
8938 6149
834 6553
8229 5166
7384 8480
5478 6142
9829 9745
3667 643
972 7300
3387 6814
3791 1158
5049 2524
9962 204
823 13
5429 2472
2201 4229
1463 4596
4158 2047
4643 88
1820 4553
4207 1176
596 9582
199 3840
5707 6695
853 779
2038 1789
2662 1959
267 3524
1544 7457
201 8746
8577 2278
7248 9110
8707 7820
2985 6080
5893 9701
5732 6492
3109 6614
2091 5873
648 9907
5379 1703
1166 8567
1887 3805
4897 9313
918 4047
3491 6466
9524 2555
5891 1289
7891 2615
4706 5498
6305 1449
6507 8611
9642 9065
4489 3835
304 2356
6928 2179
5563 6643
9885 9469
227 1843
7574 5974
583 5457
8857 3300
538 9563
3277 8272
5913 3999
5092 8467
7817 2916
8718 9101
1036 6919
4056 5942
8384 7936
5101 3955
6948 9050
299 6356
7163 6447
8082 3755
656 5682
6007 8095
7801 9456
6955 1057
913 9079
810 1629
4032 6808
5074 2517
5215 1262
2835 99
2298 3079
1540 7597
8040 3024
1010 6157
5613 9724
4124 3533
345 9211
8622 5047
8684 3481
3453 6537
301 237
8117 3944
4274 1013
8432 9266
5292 9865
7159 7536
821 9813
2933 4528
5154 9227
5931 9867
1306 5344
3716 5246
6667 7096
5693 2417
3370 4447
9615 665
9298 6415
8583 8437
678 4982
1964 8818
2192 7062
8677 3543
5543 1729
6279 5233
2418 4882
4288 2542
2785 8539
5185 7896
4455 6954
1524 2524
4854 6727
2598 8459
939 3118
9091 2197
8195 9727
9155 9707
4654 3749
4350 7472
866 3982
8890 9261
1773 3776
620 3299
1404 6103
7171 9547
6352 2959
5732 1754
8944 6258
9869 3999
6071 2415
1835 6373
4585 7824
3799 9527
9226 7384
6450 2740
4004 3288
8392 5223
2972 6258
4777 5322
1332 6393
8626 7325
2815 5854
3246 554
4262 534
9210 426
3354 2935
4322 6178
421 3412
7 4936
272 1988
2564 6824
4985 7926
2720 792
3582 9240
1924 5852
9549 9329
8817 7420
2114 2938
4308 3433
2240 8618
8713 9945
9260 9872
9373 885
9090 2191
2200 1654
9968 8144
5588 1265
6647 7737
124 2703
8981 6196
2537 6196
5846 6392
7320 5082
329 8079
4472 8961
7124 1132
6784 3824
8074 4981
5119 3834
6791 1424
5111 4464
8301 3000
3733 1666
4642 4124
9167 6756
2359 7162
2403 1724
2828 627
4026 4627
1354 1701
4605 9775
5972 260
2142 2391
1893 6580
5006 2423
2535 9937
3787 7212
3071 262
523 7692
7435 55
8723 7811
4721 8738
2625 1865
5914 6641
9137 9430
6897 796
885 2571
8654 9750
3817 5039
626 9549
7790 8115
8145 8119
3587 2804
9892 203
4793 3071
6303 58
7978 9791
4881 4086
9615 115
3333 602
3168 1930
6477 8916
4805 8107
7854 4913
1153 223
1996 5331
7543 6435
8259 7919
182 3212
2187 9655
690 5595
5334 223
6434 5683
9469 2928
5100 4028
6128 245
6948 3628
7424 6175
3170 1206
9068 2620
3805 5459
1538 1931
3645 6971
324 2852
9556 9468
1197 2016
7675 7116
1431 8206
3900 7534
2926 1553
6118 5223
8154 4861
1616 5089
4882 9251
8094 752
602 1307
1742 7328
2598 3918
792 3372
4602 7992
8006 1666
5969 7242
522 3548
4309 3222
502 6455
7504 2809
5021 9383
6077 5310
8625 5940
1810 1383
7009 9692
3579 972
5244 1471
6336 2421
8991 3350
4166 9978
2140 8966
3369 1855
9315 4872
6493 6050
6677 2620
3270 6108
9472 6249
9379 4009
9739 4868
8974 2374
2655 5034
1931 3174
4905 2592
1725 5134
3562 8681
4903 7011
8880 9586
8069 8939
9452 5127
3323 9032
3175 5265
8103 7424
2446 9629
352 4941
7038 9626
4958 8587
3086 7852
2403 1036
1630 4460
5549 6312
5138 5202
5512 8854
5459 811
2560 8140
1644 2416
2952 6071
1057 2688
7692 9293
2233 7391
4100 3651
2910 7028
6155 2952
1670 3278
4554 9243
6638 9903
2404 6773
9662 2813
7504 6832
9425 8984
7139 5665
1915 8904
6343 2633
1698 2250
5542 815
2434 1466
8541 7244
58 2950
6771 4957
7085 510
755 4043
1459 814
4702 3896
8393 5477
5202 3834
8635 9514
9922 4287
1598 820
7274 5748
6785 373
2969 7652
1962 7849
4405 4392
1499 2330
8826 654
3324 2808
6188 3246
7937 8147
2664 1626
7900 1217
5743 4310
1262 6870
6832 3339
7343 8454
2334 4007
8318 2545
9100 2026
5044 6594
5235 5325
558 9171
2151 2659
9690 7492
8849 6224
8227 1919
4325 467
66 2122
9075 4274
5789 4587
1608 8716
1109 6160
923 7562
8608 3313
877 2726
1218 1821
7385 1839
877 6537
4391 148
800 5947
9546 3912
4798 1210
5532 7488
2085 4341
7960 1301
1013 5258
5800 2877
170 2352
5258 8132
280 6288
3053 5100
5334 1711
23 7289
6407 6553
1001 8862
6584 3621
1901 8808
430 4162
9944 6318
6464 8088
7971 4529
6042 541
8771 4844
7112 9509
365 8995
6271 4143
8195 1059
7557 8508
5129 6596
1415 409
5251 1102
2282 21
2345 4972
8218 7980
9034 7150
1025 7636
7496 4660
297 1158
7695 199
9831 4171
4083 4991
9831 8615
6680 9079
3363 8517
7496 6241
478 8356
8222 5733
8450 8721
124 8026
1565 8930
2087 6741
8898 1323
7731 3956
3514 6890
7562 1088
1539 6941
7064 2525
4521 501
6699 4195
3539 2107
4728 4269
8485 9709
8808 8183
954 7354
7298 5156
4191 2343
6199 8407
8529 1550
2689 6243
5738 6582
1170 6221
758 2485
2772 9563
4216 9663
4256 8006
4188 3710
7243 286
640 2843
3717 441
972 7616
8736 5110
127 2610
6280 2029
3674 4777
9193 6908
7328 8143
9133 868
1324 9531
7485 5634
3103 5024
3167 8675
6723 1819
8271 5463
2457 5198
7466 1060
4998 5269
2120 8196
3716 3186
5053 4050
3405 1532
6880 2904
8955 8542
9877 6862
2385 870
291 1829
5682 4569
5060 925
7870 8991
3854 2531
9765 3275
2389 5154
4835 132
7948 6288
9613 6588
3052 7476
2103 6400
8199 2743
1603 3813
9638 2600
8402 3354
3093 802
6764 5347
9377 6043
9668 1843
2847 5785
8704 2638
8627 4401
7599 6091
9527 2821
2787 4395
8624 1874
9462 8032
8410 6500
6569 9050
2468 3040
9146 7899
604 6769
1475 3470
3369 1878
9466 1057
6919 1081
5725 7914
4138 7040
5720 1091
2978 2793
8518 7251
7929 3375
492 9140
5586 5815
5462 8412
229 9704
9705 9483
352 5510
5250 4109
2105 2842
9931 1377
548 5839
7594 2792
4692 7873
6940 7143
7233 2762
2400 4858
4939 4671
5510 6499
616 3887
203 5118
2596 673
475 7146
2676 4365
3841 1502
8461 9909
9036 1610
1028 9041
1389 22
3870 8266
4313 319
4039 853
339 5985
1439 5017
149 946
7197 5480
3025 1451
7057 596
7167 3992
728 2237
3308 8945
3129 615
71 4622
8463 1231
4501 1419
3065 6145
6205 752
7953 6750
8553 8461
7026 233
5355 7382
1840 6919
6476 8757
8913 679
804 7186
472 9595
26 8801
4612 9060
1637 7347
5770 4516
4631 7860
1484 6000
6296 2639
6346 1700
3572 9178
9109 2697
7385 4768
3870 6093
3414 7442
1276 8695
7722 7956
686 8466
682 2493
9226 5905
7648 776
8681 2566
9794 9283
6147 8884
3577 4239
9402 8514
2240 4090
2911 1354
7808 6130
5422 2452
7010 6978
5071 8976
9568 1593
2957 2441
2276 506
1100 8375
7328 9968
5736 613
8319 4690
1884 2412
2354 7875
115 1564
1713 8216
1467 1708
3506 8555
1445 7009
749 5897
9037 2418
3303 7449
1689 6675
2119 2389
2174 255
5218 4039
8292 5450
8846 2145
1341 759
2241 9931
4294 6786
9458 5633
5623 5827
6675 3193
9700 2341
8426 1794
9723 6481
1200 8941
4096 7883
7837 6752
2202 1895
1169 6171
516 5436
326 8774
4973 4667
8169 853
560 1676
3258 9486
4040 2342
4823 5257
762 2585
4152 1328
1493 5185
844 3545
204 4345
7366 1269
8750 208
343 3609
9386 489
2026 766
1049 1438
379 5150
345 5295
1204 1977
3188 6445
767 4020
8015 3443
2345 217
6521 9113
5134 2804
2853 5902
8956 2676
7196 8666
3216 7658
4698 2091
3523 3373
5651 4935
4425 1395
7896 8266
1702 4374
7354 9892
2642 2821
7660 2176
7743 3245
4796 5412
2279 2319
7694 3958
1168 6771
731 7306
5579 3686
9054 3287
4707 909
2674 5588
1175 2222
269 2773
3472 7007
8635 1001
3892 9060
8707 7611
5389 4258
4118 7790
5803 1756
3193 1478
2878 8415
359 2728
8530 1126
7873 8684
5781 6750
3823 384
6807 4327
7337 2564
5543 9267
6939 4651
3274 4198
2981 137
644 6162
99 6518
4540 4844
626 2993
3272 1531
4896 8093
8485 3470
9385 4450
7259 3335
8617 2877
2813 8470
1782 2949
7260 9610
9990 2287
4858 3762
5116 1703
9178 928
6165 8429
2640 9372
4081 4592
1849 9105
969 3126
7169 8275
4632 8319
9970 2166
4390 3181
5997 9473
9099 802
8277 5553
3321 1913
8026 7338
2563 5823
6976 9589
3554 6921
9563 7195
462 3931
8423 3186
3020 4112
1620 7159
7468 9585
5054 3806
6283 7974
8476 6219
7598 4555
8563 3675
280 8097
7474 8576
5582 7573
333 2240
1315 1950
80 4227
9483 224
3117 4884
3302 3901
4191 5803
4562 9103
3963 7882
7253 494
7679 1656
8397 4208
8399 9617
2026 1969
3208 5188
7246 3590
5860 8039
6312 38
4279 446
3670 4252
6368 4372
1881 1905
2543 3953
5394 9295
8462 3083
8071 546
6348 2792
5431 1321
8377 8086
7533 1223
548 8950
3443 2076
476 5205
3221 4268
7557 9893
8362 8354
8925 887
6636 4098
9654 5412
2256 4141
629 7161
7317 4492
2537 701
5445 9015
9405 2847
3584 114
127 5698
2871 2794
1417 1022
4528 4287
624 671
1712 6436
1852 2727
3257 3016
3812 8050
253 9187
2854 6929
1386 5261
9612 515
7997 1976
2699 6731
4777 9460
7889 5334
7041 7069
6227 1835
535 6304
9503 4946
4684 3964
6522 7252
5249 7759
8618 3798
7302 1539
7840 8263
4483 2342
6254 1432
5458 6452
9791 1629
3520 6640
5092 1818
277 7790
2768 3052
9353 3088
5530 8945
1055 7966
4622 887
3926 3988
2986 8650
4133 9866
8602 6104
8628 1788
6453 6711
3011 252
2525 8496
38 5599
8306 3177
9715 9407
9208 9142
6908 3973
5352 2959
7414 7033
8153 9116
8417 3927
1141 2662
4290 4401
8468 4452
3653 6212
9514 3674
8651 2750
3055 7349
2363 6840
9412 1497
5303 7934
4034 3639
6939 4856
931 1341
3163 1319
9425 6489
5663 6363
2623 9953
4126 6938
1077 6371
7202 4793
54 3704
3187 4880
3850 7269
6344 7433
5607 2929
9804 945
6040 9137
994 8196
9539 2507
516 2542
1063 6615
418 6645
2282 8704
2810 834
383 3988
4731 3271
8001 2250
239 9139
7691 6396
5640 1007
9397 7684
8791 7580
4336 7295
8438 3012
3761 8935
4500 3978
6005 2169
5248 6685
282 1157
2321 1008
650 8492
9509 3946
8597 8819
6241 9589
7671 1935
1722 7756
8601 38
649 8539
8344 8832
6446 4889
1496 7165
2955 471
7500 4886
530 4957
2099 3620
7452 3942
6456 134
2617 5686
2398 6985
437 1850
7196 154
3877 4434
6352 8328
6579 6084
7797 3532
4 5972
5953 7799
6532 8423
9110 5564
4456 6496
8521 6462
5807 7681
2692 8227
2950 3915
5268 4380
4886 3109
9984 6382
9201 4361
1096 4954
590 4043
2741 239
1914 4970
5656 5505
8696 5801
4709 4065
3030 2904
5651 4113
7805 1832
4559 1150
7215 625
8388 2703
4459 2114
66 5012
2603 7414
6589 6378
9507 7803
3535 6861
2788 7154
4441 9009
5724 2134
8484 9312
66 2340
4900 5067
6676 7563
7574 6340
9930 4366
8249 7712
6839 9173
1785 9497
6806 40
1902 3126
2967 4315
851 369
1052 4357
1455 1103
6705 8512
4936 9290
7194 9530
2995 1880
8461 7608
7563 299
3427 256
6656 9228
2521 6159
9797 2355
2344 5241
1415 9784
3416 2091
5673 6796
2942 4976
1158 8639
3540 7591
8875 1048
3855 5760
1976 1171
2016 6260
667 8591
7849 9969
724 1137
4813 6509
9070 5166
7566 2586
4826 5003
6118 1208
9297 1235
2511 3969
3324 2532
944 3586
5427 697
7302 8878
9193 3621
9007 9376
3338 5843
1154 1747
2884 1385
9837 5219
4885 8571
8629 8206
7139 1495
9145 3304
3332 7846
1620 2857
3039 7762
6445 2276
29 3410
2600 3297
7309 3974
3917 4377
2342 5743
9111 391
878 1981
6525 8849
2836 2275
9507 4793
8677 6035
3384 1579
9699 9848
9945 9723
699 3368
381 1001
8429 3422
2629 9991
4300 1035
4036 243
4756 1042
5301 7266
7758 8998
6622 5521
8827 5046
1984 1603
5070 9460
2534 797
633 9524
4973 9214
2016 2453
5904 8668
6691 4033
8079 6496
3456 7674
9469 7519
7970 3556
1118 300
1892 2568
4687 4922
9077 4712
5657 4453
7264 6670
3106 7283
8679 8219
2005 2538
8012 2183
8979 5740
1187 7603
7453 6912
3378 821
3135 8312
9688 4160
5768 3982
6959 6890
8091 8299
117 8167
7937 5724
1515 6628
4423 8926
6696 6341
4154 7466
5023 3786
8382 4248
8607 5556
7068 1900
7977 1471
763 6292
7923 2793
6271 9364
1951 222
7016 8460
8791 1363
4044 4360
9395 2358
8622 5176
7857 3361
2344 8331
4697 2553
5703 7782
5948 8376
1052 8684
6482 4679
895 6690
1005 8457
7459 4061
1172 4887
4458 9780
2254 9320
7014 5864
7785 948
651 7046
5644 7810
5315 6030
3994 7836
5344 1496
524 5613
1345 1051
3430 9563
4887 6301
7572 9216
1974 2250
4238 7268
6226 8193
7973 6116
7695 2305
8879 3548
8273 7112
3854 7285
9614 8020
5187 3051
4519 2107
9958 5878
7702 9350
8673 9307
6906 3482
6577 2196
275 4672
6080 7812
940 1197
3731 4893
4744 2314
186 5370
2059 9513
6597 8442
9607 8324
5862 5677
3255 7894
2188 6843
7688 492
7374 1152
3932 8152
7287 3585
629 8628
6938 1028
32 7851
7620 7856
4636 1084
4525 5690
5398 9948
8292 7002
7468 7524
8917 7253
4390 8697
5463 5246
6681 7952
9 6405
5757 1794
9277 8637
9119 7984
2367 5489
7749 8779
8046 6272
1655 369
29 7844
4487 5682
3675 7749
3185 2766
2562 3382
3578 5920
8345 6883
7874 1766
2367 434
4987 7451
2439 1664
9638 3165
3233 3829
1149 6165
3728 470
7896 8487
141 9232
8337 5539
7792 4526
4559 7759
320 3731
9283 2531
9708 6615
2268 8534
5549 2672
7039 9730
6976 6043
3893 1163
5716 2744
102 3757
3695 9843
3271 320
3620 1317
8773 9908
6001 242
7201 2775
1026 2027
2780 3057
8741 8368
8680 1417
5968 6611
143 4802
3401 4213
1403 5529
1308 2993
7291 6865
7292 2846
5502 7309
4536 9624
431 740
3975 6866
4537 4645
8829 6060
8161 3590
4941 5125
3738 139
5351 9807
5342 398
2543 7676
9500 6378
6812 9399
8213 2362
4174 6994
123 7460
2270 3740
759 1548
7696 5433
7805 6767
3188 7685
2325 1784
8122 8935
1883 987
736 3880
6490 5812
5542 6995
3327 387
4345 846
1175 8682
4309 8869
481 5342
1518 7314
18 7407
3461 6036
6055 9099
8878 2815
4989 6855
8407 909
5369 6809
4473 4510
254 1901
3851 1797
5842 797
1337 280
7297 5824
7978 4112
7736 2084
2287 8061
1283 4956
7880 7834
6151 8162
5982 1430
8678 9582
6233 1221
4261 7019
4228 1441
6116 1085
9235 770
7812 7409
529 4711
514 5346
5775 7427
860 5379
9896 7753
440 2396
7873 9046
2767 7039
9900 7569
8733 2306
2352 9107
6439 7589
2975 8480
6367 7345
3771 1667
7821 6588
9975 5210
7569 373
8605 2582
6639 9483
4979 2230
6186 9488
674 6956
8391 5376
1342 9337
3304 8931
7823 2864
7592 1056
9004 3494
6112 6227
9849 1302
2261 1261
3043 6912
8022 5588
7686 2406
9668 5213
3479 1390
35 7561
3830 7909
3324 9383
6330 8898
3357 4924
4022 9853
1224 6519
5915 8415
3270 4837
173 5550
5339 919
8411 9014
4244 7240
4550 8791
2358 9950
6655 9196
6308 9500
5200 7312
5678 1829
6200 2480
2668 7312
2635 6498
8652 9641
2622 9237
8569 1844
7757 9350
9075 1612
70 4774
1416 3138
1038 2693
4930 7637
1075 3673
2143 9758
2955 9636
1379 2049
7601 374
7826 4688
5663 8285
9003 2645
3352 6016
5552 7480
5929 6706
3300 5957
7327 1515
7536 2655
9308 4128
5420 8779
8623 6908
7489 4347
5579 8413
4164 5938
2491 6933
8234 7205
5417 9762
9219 4317
7641 2870
574 3541
8329 679
5658 3130
4795 621
3410 6726
1828 2175
9675 445
6493 5051
5105 843
1868 6239
5583 5955
8145 573
6105 6580
4522 4541
4053 8
343 7981
2804 3382
8909 3396
1605 8871
2406 7539
2660 7849
1377 4977
1354 6263
7192 8316
567 8384
932 4770
5001 1121
7149 3771
6467 6091
5915 5293
6070 1628
1620 3592
4220 1923
1936 6047
4411 5483
5401 1778
1719 84
1051 9738
1930 6428
8541 976
2260 7671
2191 4729
9590 7020
7398 3068
7159 580
2845 3755
5650 7651
6948 6010
9615 5647
1986 8884
5157 1829
4333 6909
9832 9053
4253 2726
687 7695
3671 1368
1384 967
5380 5896
4341 5796
2105 9068
8832 6450
8874 726
983 3115
7117 5602
6594 2597
3949 1219
2737 3338
5071 567
9057 1941
4703 9270
4722 3380
1027 1894
1948 2098
544 7118
2052 6160
9793 6435
4952 1668
7877 6065
8073 9618
8226 6801
5575 2381
3030 1430
3857 1999
8792 4450
4265 7496
6431 3761
8945 3366
4368 9014
778 6452
8043 6303
3337 3381
4296 3897
1795 5763
4041 8698
735 5322
1690 8100
9788 6167
4741 6955
3038 6364
1989 4315
3140 6028
3780 9656
6078 4095
2761 3255
7509 979
8548 419
6620 9293
4762 4245
8450 9825
1865 6608
598 4952
4234 2055
5275 6688
4911 4296
2609 1548
6465 9985
6176 9409
1407 9470
6657 8572
591 9204
4591 4193
3044 5501
8141 2293
5653 4333
6819 6509
6162 6846
7103 9793
7898 5285
890 8239
9681 9017
2716 9229
9338 5344
6682 1075
4279 4784
9027 6364
7552 5510
7283 6170
2826 6643
1948 7339
6741 5076
1617 31
2055 5521
7504 7695
32 8470
8303 6676
5502 5744
1315 7645
3037 8339
778 6023
7678 6239
9349 3603
8651 4885
3661 8547
9503 8002
9906 5952
3111 1451
370 6171
4982 7808
6865 3069
3300 6355
1992 9419
9140 8166
4175 1600
5303 980
7398 814
7196 3540
1594 2981
4207 4106
4609 4525
4997 2800
1688 6215
5161 2499
3418 2268
693 7941
8066 6890
5678 7745
9250 5449
7673 9036
4877 2458
9191 9337
8287 3569
8740 5454
7548 3754
9854 4009
3828 8868
1541 3319
4784 2774
8603 1324
3912 7227
5249 9218
1798 6694
455 5510
182 5311
8491 166
4815 8146
3066 3545
8003 3974
8527 9811
6808 1740
6536 9493
7828 7902
1682 904
4492 6838
4458 5090
7818 1514
5025 4003
6563 6581
6231 6580
7706 1112
9296 2433
3197 3154
610 7802
3917 3276
3089 3503
6784 9318
510 9523
5933 9513
8280 5963
3926 6178
9062 5027
3911 7158
6708 3716
8679 7211
6921 1950
7551 6522
8103 5776
7040 8534
812 365
6212 4285
9267 2484
2696 5432
3346 7121
279 3154
4504 7967
4012 5128
4064 6423
3782 7751
7297 8844
2273 5810
1749 6674
8260 6772
3241 9197
1178 1901
7978 3559
7883 1375
4220 1772
7581 5586
1926 9376
5815 9836
3840 5446
3487 4582
6423 8633
1831 8446
4105 8936
9285 6163
5256 9873
1189 8656
3348 759
8252 7433
1724 3765
4740 479
5414 5446
2286 1850
8447 7439
302 2137
83 5998
8901 2001
8413 5073
5274 5960
4755 2602
9471 8620
7291 4727
503 533
7379 7590
8721 5868
6979 1431
5401 9096
630 6648
5469 2854
413 6520
4314 4194
7342 6279
4617 1404
7619 3218
4137 8570
7186 7516
395 93
3019 8479
3184 2320
4598 5877
853 4510
3985 1067
1301 6286
7963 7582
3604 3789
647 5895
1237 1708
40 2011
2811 3375
6939 4612
1260 6120
9646 413
7436 4055
2916 2436
9024 5501
4582 873
730 7223
8297 1243
6685 2671
5816 9517
974 6412
7278 8901
7270 1941
2909 7975
3469 5061
4584 4856
2295 11
698 7092
3785 543
2769 1967
627 3119
7222 6892
2247 4434
780 4596
8610 436
2909 2781
9677 9040
3754 2939
1424 3721
996 8017
4394 170
4075 3616
5705 3212
9215 2414
445 6157
3681 6502
3413 9781
2721 7309
7108 3133
7614 7820
6949 3329
8273 6767
9624 6554
8830 9470
5523 7434
9660 5044
1197 8972
4250 4620
2767 250
4385 302
6233 4057
2065 9536
5609 1658
1594 4564
4833 6872
292 1677
4383 6660
1250 9928
8534 398
6578 4021
4202 5032
4572 1027
7303 8302
9256 5658
7572 7217
5709 3742
7776 3969
9646 8624
8259 6480
4667 159
2755 5766
5615 986
6409 7302
1497 9783
1945 8574
6378 6177
4912 27
1717 6999
3951 1555
8552 8584
7020 1767
2996 4782
9516 2178
3464 5386
5218 3543
3082 4657
6016 6493
5703 4633
1334 3688
8981 2911
3202 5653
2927 9589
7912 7496
7390 3055
190 8690
6913 9314
828 3115
6373 4533
3706 1534
5870 5501
3153 3702
8291 7684
7574 2291
7984 5564
279 5818
3984 4953
3466 2764
6230 1969
6277 4076
8201 8352
2884 6227
4424 7824
1519 2041
6275 3168
411 1449
4526 8715
1545 9379
2059 7930
8198 2964
5199 789
7178 5251
7099 615
1708 7601
1608 5092
5893 7969
1070 1110
6708 7251
6482 8156
4436 886
3454 9924
7511 7895
2410 8833
2685 4553
6463 3147
6469 4875
5403 1379
8775 5109
9231 3664
4713 4418
9694 4796
5459 8937
3233 8613
4149 1407
3798 8413
7728 3555
8969 3098
696 3412
7809 3723
1679 4771
3895 148
8781 953
1962 2469
4629 79
1599 6929
7079 4033
6433 981
6486 8306
2234 7205
5508 4904
2395 760
2362 5512
4197 51
3470 7096
4325 5317
6444 7139
7056 4809
9340 687
3556 3255
7111 6406
5734 2302
1214 3827
3080 7608
3297 8964
5934 2295
8898 513
3609 1426
2113 3787
824 7208
7148 4610
872 9609
7711 326
8962 2070
167 129
4176 6997
1403 1902
3478 737
7342 7743
6207 2703
3029 5363
2503 8353
244 7566
4087 700
3570 6972
849 52
859 8179
1675 6655
9021 4564
2940 5932
1091 1894
3127 1017
5502 5939
6988 2253
3497 6285
7696 8354
5631 3514
426 8910
3283 1962
5790 2936
6137 5220
6586 3134
1544 6588
6273 572
6730 1648
2631 9458
9758 5159
5025 6698
215 9452
8732 5929
5526 6523
4741 709
3863 995
8498 6563
9567 6157
5990 6549
2026 247
657 63
3957 5186
9517 9544
4 4934
1987 4777
1624 5663
9800 9488
9163 4938
1490 9906
7089 2085
9851 9982
3300 6942
5828 2969
8457 9172
7274 4018
6266 5332
6001 3514
662 5887
1572 5812
825 9343
5272 3075
9957 5711
2692 8896
8779 6458
8356 1389
9657 3166
843 448
2328 2058
1839 8848
7130 6592
7540 1883
6695 5317
5866 5221
2040 7162
7911 5684
3985 1356
7066 4606
5841 4165
4258 8493
8308 9634
2735 6645
2516 6521
852 443
2146 8604
6263 3984
572 562
9996 746
3964 6606
3815 5984
6280 4050
9325 9528
7088 9017
2258 8683
8167 6453
362 5915
9809 1651
8347 1004
2763 5467
8321 2368
6764 407
9148 7221
1585 9791
3168 5274
1540 7164
3722 5663
9386 8149
1915 1775
552 1933
6051 3682
3644 4565
2184 2856
8153 1257
9221 8859
5307 9885
7009 2685
3006 2854
852 6467
780 9549
889 4195
5698 6520
9774 3181
5174 7621
7093 918
7607 1275
3959 7042
6790 7053
6216 5078
1022 8762
9701 3662
2870 6217
5985 1920
510 2897
2046 8692
6584 1671
2308 298
5527 5766
6471 6525
5271 7190
1586 9515
4296 9773
1810 5265
9936 9032
4263 2402
8913 6038
4443 7933
5988 7469
9631 4658
1722 9049
3715 9928
5234 4552
1886 438
2930 7556
8624 2742
9121 8142
7433 4183
9473 1722
5745 3915
3227 2180
3440 8711
5132 6521
8415 3249
3007 3209
7642 9551
1905 1385
7155 5273
781 3151
9395 5529
2621 6106
1359 7944
3975 8328
1985 5604
4805 2979
2217 7618
4620 4735
6178 1954
5801 5207
6897 254
88 9567
5025 9311
9133 1543
3974 8881
5086 8988
9921 550
2127 7194
112 7303
4899 2157
7905 8521
4775 964
7990 63
9882 1500
217 4138
9853 8658
5483 8653
1201 9237
2101 712
4292 2725
6095 3976
7826 148
3862 4541
1787 8162
633 5056
4773 605
3169 1741
6672 4659
141 4001
2597 3841
8612 1336
9034 4995
79 7210
8133 1472
4501 4592
1079 9693
5750 2837
6488 1276
6928 605
4753 7915
8983 4502
4287 1208
1067 8132
603 4607
6062 1248
4157 9683
9730 3682
7901 3904
6903 3758
479 2092
3171 5852
6008 8774
5487 6812
6373 3580
142 5908
6989 6917
1538 7999
1943 8065
198 4625
9484 2916
3454 2678
3770 3518
7249 5374
3826 6632
2485 5187
5650 3477
4367 3453
8400 7854
8164 6308
593 4832
9840 1677
7272 7198
4984 6974
4059 1839
4477 2214
9047 3256
334 8231
8454 6396
162 4669
6990 5989
3670 7453
8868 4570
9660 420
393 6385
6952 794
74 9366
7670 3204
7192 2350
6321 1910
4763 9752
3129 5956
7833 857
5027 6909
3041 5933
2773 3890
391 6348
7612 5571
3168 875
5932 3840
6936 5381
5336 8805
3553 8076
591 9841
1150 7526
2861 2356
5995 5592
694 4968
7197 2515
6176 6775
175 6307
4698 9422
9835 3644
1781 3624
9396 4462
5377 4864
5789 7416
7112 7934
7581 8422
877 5004
6362 9441
2228 6924
7510 9707
7022 2432
1307 6587
2732 4957
312 8256
867 1710
3945 5375
3956 4750
6213 3959
5504 8704
7526 6629
6389 4839
6521 4426
6114 6170
2852 6377
2360 3286
6872 9010
7277 5592
7143 2992
3960 7642
1723 9084
1521 5265
4152 600
2230 1157
91 4561
9131 4635
5534 8721
7588 5242
2547 6669
9199 4881
3462 8172
1505 8179
9461 6974
1935 5753
4497 3212
9438 82
487 2654
2215 8658
4702 9942
5011 4110
5313 8022
4391 5994
6010 955
5443 3924
5648 2298
8343 6739
3843 6232
8226 7400
8466 3636
6784 8285
5975 291
9056 6592
499 9394
3815 4523
2654 5586
1016 3940
3978 2660
4730 181
7968 2156
5001 4730
3624 5022
7069 1410
2458 3522
1397 5811
4893 5596
2926 2618
6993 8836
3017 548
3467 6295
2501 9557
7878 1280
9276 37
5995 3356
8904 8659
3229 2713
1619 569
2087 5112
4212 2623
586 4572
206 7334
7556 6014
6774 2247
5781 5018
1837 4388
8908 6907
9763 4520
3057 2334
9134 858
9086 1552
983 6953
6431 4577
971 3411
4464 9401
3920 8166
2315 5473
4152 4957
3084 4615
55 4727
3383 6566
6341 9614
4154 1346
2407 4233
3687 5620
246 3920
8787 5255
349 4649
5022 1260
9039 4288
1991 1284
5654 9894
4548 3878
3046 727
5918 7686
9806 1677
3654 2777
7672 6791
4350 6290
2549 7580
8075 9573
2579 5800
8443 9031
1698 5398
9263 7838
2120 3296
3719 722
4187 3722
6998 9004
7014 5754
8312 8075
8379 8778
3259 4508
7281 5544
2452 4977
7619 7508
7344 4191
6416 2143
9215 4011
5036 6912
2228 950
6823 9592
6512 4234
9603 9628
2192 1629
6493 213
330 5195
3437 5774
1681 4176
6933 4563
9228 7210
357 1027
5424 1034
2349 7652
75 7889
5684 966
9804 8796
69 1397
5043 4905
7302 1653
5471 4096
2231 3339
9852 5019
7958 6471
1211 5765
8707 1599
3261 9354
8818 9208
9063 3225
1283 6094
7807 4919
4273 3398
689 1139
9092 5993
1801 2379
7992 7899
4985 307
5291 3430
2569 84
228 8737
6953 4819
4992 3466
945 4336
6369 7186
7818 5448
4438 299
7009 5919
6749 4107
6394 9305
1439 9725
7087 2866
7699 533
1699 5729
7048 7847
1984 9489
3849 4504
6826 8444
8490 6041
6485 1646
1689 4157
4061 3952
3343 2160
91 8270
4369 7056
1243 6182
4968 8001
9012 9137
7756 5781
9390 7392
9188 3014
9413 8896
7735 9766
1560 5311
2218 4261
1902 7336
8770 3381
2973 6546
9843 2630
7274 5914
3703 269
2372 6222
7852 5292
3503 525
4812 3935
4647 3885
3712 4417
3985 529
6112 4578
4697 5651
9502 2130
7027 4021
6916 2179
2550 2602
6093 1727
6594 9357
6633 5835
9730 5436
8573 5130
4297 2926
827 9348
6872 5363
2930 6603
2639 3175
8519 3060
2592 1259
3984 2711
9503 878
743 1935
3602 3057
4561 8530
3897 5667
354 9903
6078 1401
5927 110
2945 8799
3074 435
8280 3543
9468 3184
130 2182
9805 3392
4412 5491
9614 8130
4787 3647
182 8097
9748 406
8028 1182
2843 8474
7373 2685
6991 3255
9025 1890
8808 7165
4138 9675
3897 1703
6262 6833
9024 9462
136 7817
2138 3267
660 9576
6149 4630
473 174
7421 8711
9587 6887
4904 7971
5510 8456
853 1698
7287 1191
9063 3606
1919 3607
1562 4684
6562 9285
9699 3490
4987 2643
562 1069
1697 7302
4669 2691
2170 1738
5867 3595
2644 1912
9365 914
7897 5554
8864 8995
448 7794
8698 269
9625 2835
1929 8890
3931 1341
346 9301
5147 8238
7288 6941
7617 619
9243 3259
1141 422
7144 2241
917 1587
3323 620
2979 6378
5036 8969
8553 546
512 5864
5781 2024
8460 2288
2242 2858
6968 8496
6717 9033
2735 490
3622 7907
6576 8322
8565 7923
6123 3398
8437 304
1688 6969
4514 7392
6191 7011
1962 7353
5118 5659
4220 9903
7433 4407
5682 2762
3381 9236
1109 3522
133 2886
5228 6602
1187 6434
933 2
487 7375
9548 1517
7182 6405
1571 9119
1966 69
1345 5187
942 1490
4092 9261
7937 6337
8752 9039
1214 6244
5051 4260
5523 6861
8260 3207
5408 2708
49 6478
731 6046
8905 7743
340 1933
8533 6148
4811 6659
7688 79
4222 1752
9857 6953
1873 732
6262 8736
9908 808
582 7867
7761 6709
8861 3285
9383 8822
3031 1238
164 2845
1475 563
9508 3120
5095 7128
9985 6854
2285 7125
9007 1404
1288 3893
3957 1809
3339 7964
6716 777
5051 5023
8515 8287
3483 1464
1070 3016
2306 2228
4907 2770
2541 618
846 6098
6263 4772
5563 2294
6746 483
7161 1966
3470 5059
1716 5347
5417 1897
6703 561
1123 473
2264 9014
8890 1432
6235 92
5619 1456
3891 2381
7696 7612
8328 3558
2358 5854
2431 6179
2994 3374
8359 1522
6801 9493
5488 8686
8248 4770
2750 1137
6774 3022
6301 7872
2160 5940
8462 1415
6021 4996
8863 9800
2844 314
3736 4757
9011 1212
4288 3273
3260 8078
88 4718
6991 296
8425 732
7894 9882
5545 39
5292 5539
730 5407
684 6803
9144 4912
1881 2980
4381 4713
4204 6552
6670 5512
7169 5746
7644 9900
92 5943
7649 2763
5065 4635
6492 1949
727 9594
3593 1367
5278 4955
8470 3724
2164 4896
7487 5073
6876 9606
7816 8367
8308 3219
4537 8204
3088 8418
1825 3949
6348 7375
4155 3428
7356 3738
8465 4367
3437 5329
3210 5783
647 2264
5250 6493
4615 159
512 2949
10000 3133
9350 3572
1998 6269
2560 1775
8337 2253
8965 4871
5201 1845
531 1045
5513 2894
5934 1577
3021 7573
8523 510
623 2522
9613 8946
6365 1594
3049 6157
5556 5882
1980 4701
2430 719
3774 1731
9800 4339
4014 3679
134 7886
5515 6512
6497 1458
3302 8733
6793 5874
1475 9336
9746 4848
2913 7878
6054 7264
7742 8872
3161 4239
1513 7688
7073 649
9027 139
9671 5825
4732 2949
4943 3092
5657 7286
2580 2845
7781 2552
2377 8843
1818 2610
7867 2422
9319 1645
2635 4296
5048 1835
7743 8650
6571 32
3706 9201
6977 5631
5457 1924
1695 6818
3736 4122
5319 7389
1348 4532
9399 1311
7709 4154
7118 7243
149 2490
5810 167
5373 8879
3236 2349
9545 3624
8585 792
424 8579
4097 3399
9979 1910
8287 989
937 6695
6678 7403
5698 8060
996 4853
1039 8542
2754 6709
7068 6355
2178 4926
3844 6264
8388 4276
4122 7732
1802 592
5633 51
4672 5198
1368 9122
708 2723
1278 5595
9721 4476
3841 9033
8223 4581
930 7805
1917 1046
4413 9388
1029 8967
7941 765
4397 8046
2339 3610
3280 1615
8049 3946
798 9346
3069 959
7968 846
9806 4667
2248 2315
9301 7115
9544 3461
6255 6805
5610 6851
3285 1019
7780 6895
7865 5759
2970 648
375 7954
2889 7610
6705 9656
2386 724
3840 8883
1893 5747
1879 6817
9873 1192
913 6036
6237 6023
6202 9465
2649 7287
98 4743
661 4881
4131 3684
3627 5633
9723 1523
3313 3886
943 5636
7158 774
7751 8420
7117 9376
3170 4018
6019 7940
2824 3584
2391 8357
271 8770
9662 2078
6577 8115
715 657
7567 6043
3698 3118
7187 9140
47 7317
420 9404
647 7502
4183 9156
1089 5246
9661 7300
1926 5955
4495 1614
4907 8118
8272 6769
1090 7510
9761 2753
1796 3516
9313 3398
8328 9778
4884 9687
1399 6337
5103 7537
6203 5475
7832 4742
4071 8434
7650 6760
6643 5196
699 6041
3500 4521
332 4573
9187 6432
2002 4339
573 4317
822 5377
474 8854
242 6113
8490 943
5273 5680
4983 5825
8705 2890
9137 5577
3746 1555
7034 2183
1521 6843
697 8346
6886 2355
4019 8257
962 2618
6524 5477
3859 669
903 148
6003 5426
5253 2697
1524 8536
5961 6243
2122 5375
2172 4876
4868 9906
7773 10000
2360 8060
1838 1934
8685 9351
3464 8958
9619 1394
1943 981
501 7024
8198 24
222 8698
8433 4720
4761 9871
5921 987
8715 8035
1876 6095
8252 9095
1348 8293
3925 7796
5073 9188
6789 3859
3212 1073
6259 8537
1934 6370
3139 1257
8754 1411
6265 1063
7590 1697
6202 2517
9459 871
4430 768
9759 558
1445 5467
8060 3270
2240 8215
1368 5576
2575 3241
6769 3699
4486 5977
4415 8754
4475 9245
6775 3797
2811 1719
5092 9877
7379 8365
8987 3279
522 7538
145 1154
2304 4430
6021 7703
8641 5547
4498 8125
7729 3919
5448 2498
3212 9708
116 6801
7525 5926
4282 3235
3852 3924
6124 7068
134 8370
4726 2152
3562 6370
172 2334
9001 454
1157 925
9774 81
1055 5427
4250 1379
8379 9696
6662 9787
2580 742
5615 5302
1107 2340
8693 5001
8681 2644
6624 2548
4710 7996
5433 9351
9786 111
20 7072
7206 8832
7602 6171
439 7636
4450 170
2503 4078
4377 332
8161 2374
2387 436
4892 289
1950 6333
3571 7540
9316 9979
4787 7878
3329 2631
1751 2060
4158 6880
5717 3883
9395 2232
4865 6468
954 3902
2573 993
1206 9525
6027 5051
1793 3456
1095 2822
3552 3367
4414 4253
991 8806
8616 5429
9758 6421
1638 7321
523 1534
6054 5098
7741 742
9360 5202
6699 5250
1155 2354
7314 9608
8158 3694
8098 5550
2985 2240
8741 5613
7645 6843
4744 6233
7670 843
2539 4999
7835 6593
8537 1756
5392 8061
536 8241
1762 8679
4935 5947
8628 6633
8176 6888
9346 4785
5879 6969
1643 7409
8071 6642
2508 934
3978 8527
1233 873
4805 6699
1540 2139
7933 7327
8718 4918
993 5334
2725 3304
9223 6794
3181 8869
4582 1734
7196 6369
27 7029
5963 3756
7408 4089
1061 3709
2413 1017
6403 8839
5000 3923
6765 7786
8759 7093
8834 4378
7632 6684
5712 7042
3437 7651
820 660
2632 8577
2126 8051
5745 4104
2652 3271
7933 9650
8175 3917
4079 8096
8089 4620
6882 3133
333 8921
1372 8962
6351 1711
4290 1021
7000 9422
1766 7441
5358 167
3739 5910
7366 1002
8547 5634
6228 4506
6137 9085
1534 1867
3321 3218
9013 4659
9521 4854
1881 2496
6445 9904
9695 8751
115 1135
5678 1536
8708 4150
8427 2115
4630 6290
8958 7953
4261 8122
9025 2575
3823 2216
1632 9433
4792 8901
9710 1962
7299 3673
3856 7023
4961 5952
5104 3894
9567 3878
3649 6037
9076 4827
9465 7790
7344 6336
5758 3200
9028 7129
1184 9156
8109 2926
1779 48
3462 6724
8528 6097
9911 8240
1521 2578
8216 2201
6628 2098
2419 167
5626 7141
7994 5581
5726 5042
9231 6727
9432 2598
9299 7283
663 2489
1424 9162
8094 8711
4611 7329
1625 3194
2364 1268
2949 799
7820 2808
6130 4885
3757 4979
9137 628
899 1588
2277 8282
2955 2209
4461 3567
1840 2273
3232 7376
1509 2935
9510 1983
3834 420
2974 5946
4978 9531
9027 4887
5693 994
3285 338
3978 7355
4520 3839
3540 7081
1995 8484
6492 1587
8136 5090
3729 4851
2471 5181
1419 315
7774 7984
7034 4766
4360 3608
3385 3866
3453 9605
4070 9042
5582 3102
8794 398
4929 5677
1979 5361
5573 3186
3130 7731
565 7710
2356 6830
9775 3833
9520 1437
7443 6401
432 8194
5379 1998
8531 9174
2738 1279
5498 8296
8320 4388
9226 1273
6326 6610
2592 8787
1512 6485
1472 7570
4662 3535
5424 9087
4350 7819
9492 498
5889 8481
557 7598
3442 3496
6672 4418
6206 7798
2834 9165
4611 1964
1610 1208
7490 8664
2065 8782
6129 9043
5430 2099
6160 6234
947 1560
3214 8194
326 5756
3293 7034
4252 8932
3771 7046
9378 2621
5993 8611
9251 1118
5382 166
7595 5495
9 5434
7397 5834
3553 8085
4230 6373
3599 1039
7254 3252
1201 2572
6327 9534
2652 6432
8674 7214
9400 8152
3532 872
7049 4731
8232 2689
9371 9889
4141 3486
8285 2070
5901 9490
5724 7398
2411 9513
8336 4745
2983 2226
954 5129
7111 8216
9773 2611
1291 6521
1176 8883
1328 320
7133 8736
3574 1473
3126 8591
3520 8596
9532 5291
5201 8360
2396 7330
9824 4698
4537 5708
7089 5609
2928 6606
7608 2249
3278 3068
9883 9998
7760 7869
274 6178
6821 4762
9385 4127
1012 293
3319 8304
3778 3375
3234 119
1134 4793
1633 9173
9183 3847
8836 9589
5394 4305
8058 6142
4600 6864
2544 9849
5623 303
3190 7721
9498 8510
87 6371
5204 5579
6435 4150
3862 6163
8249 1502
7318 3262
8314 4242
2065 645
7802 9418
4433 2090
4017 8467
7984 4621
7680 7339
9050 7940
8207 8285
1362 7244
414 2989
5689 1596
1078 1737
5435 5059
8810 8308
4137 2771
5654 5276
5790 9146
3877 9411
3939 389
6350 1858
487 8523
4008 2800
138 9098
8772 5271
1426 9789
5412 7826
268 2050
772 731
6962 3029
3789 5397
2596 9923
4757 1706
5774 3958
7263 2943
5619 6192
1238 3011
1982 2319
560 5622
8797 8658
3640 142
1513 6534
440 3788
4553 7214
4352 4859
9720 4603
2374 6692
1511 7876
2034 7024
248 1248
8476 2453
8991 3051
172 2687
5151 1318
6679 4262
2749 8061
6882 8422
6259 9429
1170 2847
1969 3921
5965 1913
7798 5871
4065 5180
7509 6357
9212 8787
253 8751
8343 9444
1387 1080
9956 5707
5488 2393
2020 6236
7528 5315
7881 9699
3113 1987
3585 6034
3756 5567
5073 3744
8098 4487
8674 2909
5032 1650
3329 8614
9646 5759
8005 4478
7951 6957
2706 954
1304 3979
6552 8122
6482 4986
1330 7622
2336 9285
3982 3447
8962 2110
6449 6270
335 9668
6325 989
6332 6606
6738 2186
5093 3130
8914 7183
1640 3922
5853 1377
3718 6074
556 5565
771 8205
7238 9904
7002 7959
8969 4241
4450 72
177 9467
7034 2192
7455 9595
1477 636
7100 9247
6074 3283
2835 6247
3222 1777
2137 3985
6663 238
4625 3267
9367 2665
924 8320
2996 6211
5468 6638
4897 2536
1656 7377
3537 4401
2814 7961
8345 9715
7393 3602
4882 200
1846 9421
1280 6886
9614 9848
6886 9593
9664 4997
9054 2620
3021 8707
9019 3805
714 7920
2789 9148
1596 8102
7993 199
3463 4386
2625 6377
5904 3121
6622 9426
8337 3521
2207 2177
1648 4101
3943 8825
6892 3583
4429 8891
9473 965
6581 2065
2251 4431
8428 6115
6020 3808
1369 5051
778 6232
7823 9725
6236 9734
9211 8068
5011 4422
210 7139
6921 5941
206 4180
7840 918
7902 8855
1537 9056
5 3880
7940 1581
9925 6211
6264 723
7439 5987
6445 9921
5253 5417
7301 9436
3380 4794
4882 7063
7307 7826
9423 8628
857 3469
4351 7957
9696 6456
5784 1006
6429 3701
5951 3839
3206 8767
8976 9137
2796 1597
2463 939
4044 5679
3326 2281
2670 9838
1279 5446
3331 6851
8458 9483
3893 6065
8581 4716
7845 2201
4096 8902
5800 7540
4769 4737
2009 9680
6115 3404
6839 2037
1146 3834
1137 9297
3848 2390
3437 4992
7842 2634
5926 3392
8645 9890
122 2902
2997 276
8196 3155
3668 8894
880 2974
3190 6872
7884 1408
4955 1938
1783 9022
5116 2218
1286 1621
3721 7943
4849 3615
8523 755
548 3188
9910 5297
3163 6479
381 2778
4409 2951
7006 1194
7243 9141
322 1901
194 2973
8082 7219
2655 5830
7312 8764
7056 4562
3105 1183
8884 626
7587 996
465 8542
7497 5212
9451 854
3826 9426
7956 1780
1931 77
3274 6741
5587 543
6115 9958
3393 5786
7294 7304
983 5207
8826 6594
7479 8418
337 2506
9612 3610
6760 8319
1960 3207
8230 1652
6738 6489
8121 6399
1576 3880
173 8037
8720 2582
633 4508
4098 8243
6353 9846
9690 2346
4786 2753
7631 15
6811 7300
9488 7911
8327 7945
9164 6916
1559 6056
2835 9295
2002 124
4384 5004
1951 6856
9765 6863
6550 5333
8722 9255
3295 1424
7309 42
941 4640
9660 406
8724 4615
2418 2274
1872 9411
290 8037
4309 2815
6147 2236
4509 2837
4114 9910
5432 8585
9083 1294
4478 7703
1098 7550
4399 1566
8026 7218
1105 415
4982 8084
9306 5621
3917 4140
1914 1269
1829 2329
4163 2238
1019 8768
8364 980
9834 9124
252 176
7345 2845
2842 3452
376 5918
8751 1363
6341 1859
6908 4802
322 5606
4600 3049
9813 9
785 8633
5586 9613
1615 6198
2105 1407
4101 7559
5928 7233
8859 140
5534 7548
7881 976
1015 1213
8256 3470
7066 1016
7791 9089
7719 9590
3461 1194
6245 5445
8629 3181
8676 3773
9975 8130
4374 1733
67 2141
2090 2887
6515 8555
4947 499
3644 5234
2789 4351
7626 2102
5325 797
1006 1124
4523 717
7555 5913
9666 5075
3402 3153
3529 2757
5363 3032
3107 387
2423 857
3328 8799
1293 7057
7193 5855
1994 7745
782 308
4390 3039
6555 6376
1620 5319
3399 3731
1364 4625
6842 2588
874 3350
7888 8574
6712 7463
3898 7076
5140 6400
9961 1742
4080 8849
4194 6837
2607 6595
5394 8127
8885 3620
6507 1990
2511 2649
2323 7439
2179 6312
4850 735
4625 5138
4805 7295
5767 9547
2651 565
2 8025
7622 2556
8575 8692
8182 5728
2970 6428
2334 909
4265 2752
1241 936
4370 649
4582 4708
106 1518
1080 1330
6050 6444
2648 9055
7088 8968
5585 8684
6608 1550
7256 6139
1288 2913
1705 3872
8384 8454
2625 5821
6493 899
7133 5577
5701 3418
8779 2470
8062 2351
3235 5250
4356 1757
5096 8050
8043 6974
9231 8325
2367 9355
5119 1453
1544 9401
7621 1677
1962 442
2603 4090
4347 91
869 7333
2818 1620
8826 1719
1777 2480
9330 2434
6561 2130
1141 2540
8817 6374
432 5444
2501 383
2782 1525
1478 7604
9101 8614
4628 6728
3916 1006
9415 3919
9449 6693
9852 2477
3950 7510
9793 7136
7693 1883
7498 5178
5087 4847
2405 1543
6344 5056
45 141
7127 3441
6040 8537
9631 3216
5121 8207
3523 5924
6100 7536
185 3203
8743 9776
8689 8963
3466 3115
6963 1660
9810 5077
6550 1354
4615 8413
4435 1242
5846 694
348 8351
2991 4776
3006 3077
9990 2337
3699 2258
1616 7659
701 5475
9243 3866
2895 9259
6962 8773
6094 8894
3953 2568
460 2509
4068 4484
2486 7144
8563 674
9954 1468
2904 459
3334 4855
3600 3139
2029 7486
5989 2568
8935 1182
8920 1659
1731 5640
7263 4030
4350 9771
8197 4952
7059 2821
2197 8815
8590 4966
4668 5274
8764 2066
9165 1285
5037 4270
8124 1197
1410 3150
2060 2102
3136 7061
3151 6630
5673 9415
4160 368
1310 9545
8624 6095
1900 862
3247 2028
1153 5975
8447 6249
4910 3483
7974 4519
2851 6106
3551 3657
53 4851
5479 7666
1865 8908
5127 8814
510 5950
258 830
6863 2529
9126 6424
5850 9265
4277 6309
8893 501
1997 1917
1837 3119
8341 8987
1819 4207
7681 4227
1481 2256
4712 2226
3998 1586
5853 4811
7342 4677
976 24
1211 2099
1412 2928
5089 4729
5157 5406
841 7937
5227 7158
8303 2436
2091 5075
7302 1481
6127 3178
4529 9093
1035 311
8722 9018
4142 7782
2583 9090
4542 4120
4871 694
4999 9160
1109 8011
8570 4628
6340 6735
5859 3416
8377 6960
3859 4736
4971 9898
2314 7344
3345 3151
8537 8013
5536 4188
6626 7452
7960 6745
1999 849
8670 9817
7220 5234
712 3934
12 848
5046 4415
9428 8695
1442 6276
1094 1482
809 492
7479 121
7391 6285
4122 2985
4252 9147
7743 107
511 9261
7202 9506
3747 30
3218 7829
6017 1382
7792 2501
6928 7555
9282 7563
2191 4036
4058 388
1113 3356
675 1467
1438 4409
7501 4444
4994 5004
9747 8596
2587 2319
6820 947
1556 961
5951 182
4453 3302
3028 9584
2265 1797
6579 1151
634 7952
5824 8094
2493 7650
8761 7904
5572 7502
1203 3167
8200 1932
2705 2332
1851 5662
331 7592
3862 1297
6186 2097
8760 6703
9656 3658
1652 1846
292 7152
2089 9799
2278 2800
1869 1592
6416 2514
5191 9604
568 1497
4619 9169
4495 7287
1280 3096
29 3424
2742 8791
2506 9939
6994 2657
4420 7846
5994 1470
7206 9821
7190 5413
2120 4268
6475 2467
6125 4944
1005 8819
3745 3338
5313 5011
807 5999
9163 2491
1017 3986
586 257
1305 6634
2520 6298
6878 6831
6508 3497
1918 9976
1879 4696
6860 3826
3858 6618
8190 1402
9039 7311
1702 4155
1656 6821
5146 7567
9100 5777
1214 6385
97 1572
6789 1673
4019 6824
9401 6862
4727 9819
6837 4997
7416 1609
822 4360
1877 9455
723 4660
626 1309
8212 978
5336 1020
8827 7652
4 8948
1350 9292
4291 7673
977 1108
5482 7492
7172 5749
2494 1392
2186 8827
370 4178
1142 321
8702 5446
9649 4050
2415 1103
9868 2397
8353 3096
978 8479
6102 2061
4968 2936
6494 2562
3701 7553
6212 5625
8187 2865
1963 8233
6000 1972
2623 4489
7770 7723
2818 8125
8707 5469
6366 1046
6070 8567
3017 7596
8541 8833
6933 9233
8421 9115
347 9304
2605 185
828 2608
3255 9144
5604 9420
4125 1499
1370 8693
3466 4142
3022 87
9446 1375
9753 9555
9032 1204
1954 8132
6268 4065
7348 8646
878 1183
9803 26
3145 4746
9257 3887
5994 7084
6196 3097
221 1039
9118 7001
3804 8715
8421 2990
1229 790
5161 9106
3782 3587
8101 7376
6726 6086
7510 2544
4318 4061
9126 5915
8590 3535
6742 8971
2839 745
6834 6467
5761 784
3687 3690
7170 2143
8438 7553
1232 9296
487 6241
8158 557
4707 7064
293 3370
2895 7233
3535 4230
2895 7223
23 5420
3837 1432
3035 5749
924 5799
29 7491
8210 7096
4763 6690
2807 3560
4443 9040
8942 1562
2813 8518
5334 7995
5161 954
4292 3081
6132 9736
6000 3265
6336 5825
6408 8904
8640 9282
2182 6420
122 4476
1131 9619
595 6181
1573 9856
3661 8730
9049 9735
1212 5435
3857 30
7331 436
7802 4520
2529 184
3642 2417
4237 6743
5636 3085
4525 92
4641 2724
949 1621
6208 7722
1488 6004
5095 4349
9499 3638
4644 9488
9630 839
4462 2092
622 9979
4838 43
5954 6745
1338 2118
8245 6724
8010 9733
8374 8488
2643 8165
5234 5368
2511 1929
7080 3110
4046 4008
384 5596
4875 3612
7157 5821
1650 2166
6660 4306
2127 2206
2449 2149
4915 8869
691 883
5336 8670
680 6343
844 5260
3511 8722
4421 6829
9819 6012
9409 4866
2552 3001
4201 8959
5695 3032
232 7302
4887 4704
1707 7629
871 693
513 8234
1719 898
4731 3781
4754 7091
4213 5589
4126 1252
1633 1070
4965 4786
2480 2019
54 811
2396 6445
9959 6692
5332 3610
2555 9023
929 6991
2886 8232
4584 4839
9285 5009
8623 3012
6714 5731
8029 9794
3240 9087
9156 7365
594 1070
4868 9625
4753 547
4546 1048
7475 2578
2388 6263
4733 1673
2457 5038
2975 2186
3894 2375
9159 8017
4755 8373
5495 8823
7887 7579
4825 4921
7308 2489
7591 8064
8495 903
6323 293
1048 1809
8582 8031
7150 9497
4296 3629
4267 575
8429 1537
5521 3591
4923 1287
6179 5935
2843 4489
9693 7711
665 8009
1723 7280
9654 533
5594 8136
2254 4695
7612 1831
6434 1956
5679 6610
1937 2428
9647 6470
9355 6830
6854 303
7970 2747
1265 5832
3314 2414
9664 8021
358 4169
3344 6638
3296 4801
8712 2670
7844 4961
5262 8279
6992 4818
4349 9964
6159 2169
7199 9655
8668 170
5597 3386
7507 6887
3689 2262
4280 3845
4331 5400
1312 5781
8429 9524
7839 8757
708 4913
6207 8862
334 2381
9036 8646
9849 982
3277 3513
835 1124
2101 5229
9764 2780
553 4758
2444 3484
5923 1594
537 5803
8752 1788
8549 8964
5421 1851
4753 4333
8269 732
4474 9427
4154 7033
9176 149
7421 3685
9784 5932
8194 7237
7683 7486
1940 3975
1835 1819
1240 32
5439 4246
5710 7695
585 2045
989 5098
4331 9465
2766 1466
4644 8772
6747 5131
9644 7014
531 6470
8581 3199
8303 2990
7994 5567
4310 8717
1477 3652
6039 5094
6504 4810
3035 5571
6732 9917
2305 1071
3238 7903
6249 8524
3117 3830
4031 9657
8877 188
2360 2219
7080 6105
6595 843
9650 4151
8122 9721
6301 9429
8940 4278
1514 637
9385 4045
4498 7793
9943 3909
5584 6305
3082 5926
7477 2078
6032 8889
4811 7343
475 7842
442 1894
50 718
1915 9426
1644 4291
6547 3660
1376 6644
8561 3931
1233 8311
6702 4947
7290 9314
5789 392
5439 4256
623 5059
5590 2670
5697 5217
253 6815
9146 1872
8461 4094
4368 6645
958 6292
7771 4917
7593 2815
6051 5959
2865 124
1476 4717
542 4549
8588 4945
3308 659
766 8375
8356 2402
97 9607
4887 9173
8978 1408
4433 4018
6900 120
9957 6150
839 5833
4649 4975
2703 7051
6376 7802
2266 4502
8713 8438
9027 3811
4489 8844
1428 1691
2794 1052
6884 5373
5378 1515
1040 9934
3384 5095
9711 3228
349 855
1929 3106
2414 6872
7547 6598
1677 6225
7829 5766
3625 1370
2464 9897
4596 9083
1444 8736
182 3149
5246 6440
543 7005
1746 942
3542 3495
3318 8409
1652 3960
2534 7495
3572 3817
9927 3056
6489 6836
2235 4032
9915 5297
4572 5173
7053 8208
4964 7300
4609 4785
4682 5794
7012 5364
2822 1988
5951 6951
8548 7163
1197 5580
9457 3822
3618 2682
9498 3942
6348 7641
4866 8889
5032 3730
1334 671
3098 9616
1446 9235
2977 3612
5005 5482
9223 2880
1306 4693
4466 4756
6541 55
4130 2391
4817 970
861 1901
6229 5835
4600 3207
416 3986
9237 1746
9046 6488
1782 3265
5664 458
5000 8848
6339 6615
9431 2403
9549 4736
5754 7768
8750 6711
3406 7633
6041 1887
6421 1473
400 4377
2406 4664
8893 7036
5603 5984
4318 1781
9967 5676
7704 947
3204 1271
9120 9367
7703 3344
5216 1861
9295 8406
6940 5821
9794 1109
5871 3582
4231 2957
2605 4273
8737 9706
5618 9813
17 4643
4071 4769
2329 9933
2964 4742
2930 3222
4100 2974
1915 1676
1281 9875
7382 651
3188 5134
1877 9183
2362 7127
1036 9477
3748 9290
378 2588
1222 8156
1178 7486
5538 2737
1355 5681
2153 9946
2330 8606
2338 5734
7759 9937
6034 6646
5119 49
9885 1467
6047 4783
8881 7656
6395 5716
5050 2258
1927 4128
1649 1963
596 5840
6266 2028
7347 9130
1295 8724
2367 2888
5211 5007
8739 7226
3076 4105
424 3707
9734 694
6512 7398
4105 4366
2679 7923
8040 5068
5792 1706
8158 5197
2596 2593
4114 8051
8415 3050
1726 7305
6818 3097
4404 7218
6170 9203
1320 8246
4028 293
5750 7755
5291 3081
2029 516
5070 3908
4562 8675
2197 9264
7319 5884
4314 2195
7254 5276
487 6774
93 5979
2273 7826
1918 7851
9181 8094
4993 9125
9472 39
1259 6652
2215 4446
1954 3428
1564 3043
6771 3097
9175 7310
1013 6110
5698 660
4168 7236
7299 6199
8356 9100
8133 7226
65 1456
4713 2686
3632 861
3111 4741
9903 448
4927 671
8499 4486
2970 6264
7136 7413
2574 2909
6435 2026
9509 5563
3655 6525
402 3783
3790 5082
6614 3016
1468 1643
7519 8326
2089 1635
4114 7755
5634 1270
8886 7495
1592 9137
2907 6067
8437 9764
6053 9693
6093 3844
1323 6043
4821 4802
9159 8548
8978 6404
2741 8473
9066 1085
166 6927
528 3690
4459 4000
2717 306
7360 7220
6475 6890
7809 6513
3769 7356
1086 7855
7807 5838
9523 2799
7090 2786
744 6075
1819 9606
4354 8439
6107 1519
3031 6963
4424 3333
8940 9959
5730 7809
1429 8712
3703 1317
6922 3225
6535 6456
6956 4149
4708 6347
5311 8096
194 261
147 8513
5524 5291
2106 9318
6153 3742
4305 3471
4567 932
5161 3675
9562 3093
9990 7397
9141 52
2303 3387
455 2393
760 1895
5242 7770
2695 5759
4181 6072
166 4568
8616 8126
9460 9076
3080 7616
9992 8049
7057 919
3541 4756
9417 4533
9747 5266
3969 4792
8823 5748
9560 9560
7409 971
3166 6569
8501 1176
9408 8126
1416 9513
4929 6837
2693 7241
1073 2063
3908 8859
3308 1787
7308 4372
810 9568
5220 870
4679 1297
4166 617
8193 1410
9624 7822
7550 3269
2365 1297
6548 3393
2320 5181
3612 4215
894 4906
4634 5071
7681 626
45 6092
2505 5253
9568 4701
8740 9324
3075 9388
8827 9866
1008 461
7940 5451
2776 2459
6735 4637
6584 7907
9118 9966
9126 7114
5966 4724
8573 3686
752 4636
9309 453
7988 1695
1831 5495
452 2306
6274 2949
6114 6931
2976 8293
705 3428
8539 2787
6873 1271
813 6763
5859 8829
1242 6449
2623 911
8015 4020
375 8738
8448 5551
5424 9555
4053 6576
8313 8056
6705 9927
2148 6810
9377 5548
4077 7883
9847 6966
852 2836
843 4117
4405 3290
5047 7198
8392 9246
8397 1247
1615 7343
128 6130
9292 6251
2997 1634
8090 1374
2110 2332
5861 6062
5803 1930
2029 1508
7018 1771
9558 2534
8597 3192
4434 1433
940 8402
3611 7071
5468 9601
7351 1427
2324 996
6886 766
5743 3420
3366 3627
5542 6235
9000 2810
8161 6206
6347 3559
5686 8040
6691 5128
6307 6268
3431 7903
4629 3163
1434 3288
5292 2381
8274 8524
8325 3017
8310 3645
9679 3748
5535 2742
5369 1770
6122 6738
2668 6206
6626 9853
6795 672
8761 6943
6520 4692
6698 3909
7138 8647
7823 8365
4241 1949
2887 2736
6732 9126
6482 6994
2509 3495
3803 3208
5269 3135
4598 9096
5857 8823
277 2772
6603 8630
5092 5868
2096 8870
7347 7223
4803 6082
1557 4331
9004 9728
7506 4723
1458 314
7132 4482
2248 2598
5189 6077
4235 8588
4612 2692
4568 10
2521 1258
6679 4938
7820 1353
6205 8274
6303 2177
9271 759
4224 4776
6579 6203
6259 1709
1730 1639
8801 1342
7223 61
4526 8964
6571 452
9158 1900
5960 4784
6394 816
3906 6684
1895 4412
2331 1437
2305 9667
7503 2030
227 4854
4279 922
1088 7481
2086 2219
2847 4368
6075 3946
4455 6048
1893 5110
4045 2653
7500 7226
2743 3514
479 5019
5077 7619
4271 5952
1903 7153
1772 3311
6779 1283
9728 2497
1746 2388
2377 5236
3434 1917
7756 1381
5436 8066
5130 3009
7894 2451
6968 478
227 7983
3904 5153
7941 5114
6134 8479
9459 8655
9663 2081
3907 2339
864 8602
5799 3341
7767 7932
7545 3909
1531 8554
5736 2322
6525 8659
2137 352
2458 6743
5318 9415
7002 6363
3871 2597
2341 4736
7148 4756
4075 9880
4452 7866
5935 5970
8625 3816
8732 1615
4970 1825
6978 717
1437 2680
1631 632
1021 6980
2375 7290
2302 9566
7906 1986
9068 7332
7626 9507
4959 2602
3217 2310
4064 9267
3504 402
3415 3848
1059 1652
8316 8709
3987 2183
6433 9567
1315 1561
1602 4520
5439 2447
3274 6754
59 9420
2542 8143
7035 6638
692 5903
613 9037
1208 9507
2445 6758
1173 37
5852 7475
2999 9169
2761 6330
2431 9974
1756 8144
3753 6718
680 1608
8146 5859
2219 131
6117 5420
5927 9035
9959 4929
5098 3790
7161 3116
1945 8961
714 5543
9522 2578
7250 9374
3815 5596
8949 7452
4447 1139
156 8885
7440 3225
4639 8323
8456 9640
4429 1112
9974 8670
6186 6513
820 4358
6012 6185
1504 9997
8667 92
3797 4517
2111 7056
7976 1482
3320 2117
6191 5369
6306 7895
5376 4817
8287 2153
8153 7537
4927 8733
5160 6574
611 4052
7240 2596
4664 6368
934 1915
9473 9970
5714 4910
1437 1511
6385 4553
686 645
9104 9718
513 2181
4455 2963
2439 1916
6004 7471
7873 3358
7780 2843
2284 7504
9130 4418
2830 2881
359 5825
5385 8026
7625 9438
1895 3593
494 4435
4006 6276
617 7132
3895 1741
4960 3305
8253 8743
2016 7155
6339 1627
4444 6635
8068 3390
6575 9802
3037 6503
217 1900
6469 3672
7194 7846
2966 5723
2068 9816
4047 8812
3470 4621
387 8136
7483 548
4701 326
1510 8363
6213 1739
2073 6169
2637 4794
4975 2789
626 9576
1256 9377
604 2881
7396 3939
6942 1883
3185 8450
9392 4619
5719 3257
6734 4487
2929 8458
8570 921
5117 6933
6193 3458
7901 8730
8480 1360
5039 1482
3746 6003
4539 6554
3480 8191
6519 5586
8928 7617
6236 7148
6434 6623
729 8174
2494 5481
2518 9867
4455 1346
8782 2765
7789 8109
9475 661
5898 9300
2790 8047
3364 1250
1441 791
8602 8700
8166 4718
6842 32
3922 1789
9380 4315
7180 8569
38 7363
7779 6664
4766 8981
3764 9821
5327 8581
4653 7370
3002 1381
9564 8711
3255 2346
3648 8513
7283 71
1250 7329
1412 7798
9260 7310
249 3746
9064 7700
4549 7946
556 9806
9726 7768
6631 6126
5941 9324
1606 3329
5719 6940
2009 3765
9 7883
3159 5204
8654 4527
9996 3475
6183 1146
5575 7714
8873 7531
5685 2891
4022 6601
3005 9309
7369 8214
9266 3767
9582 6351
8819 2069
7786 1871
2085 7563
3028 8015
2288 5413
9656 855
3943 7274
7509 1872
6510 6063
2895 4847
1659 5524
9267 4263
7594 4252
3542 7386
8864 8895
9010 7239
5088 6185
752 8633
7064 8519
4527 4457
3658 2752
5041 4403
7943 6908
4557 3331
6016 4486
7772 1435
6915 1047
3902 3429
7104 2779
1905 8914
7931 1721
9798 1124
9522 7336
3982 6247
9533 9111
9532 488
206 9892
7375 7085
2159 4621
9307 443
8358 4170
6774 9596
6697 8969
4361 8161
4628 2093
3930 2992
4289 6522
333 8709
1543 6242
4650 296
7390 5881
5882 950
5182 8571
7037 7373
2067 6718
6552 9691
8115 5368
981 8196
1556 2862
9890 4080
3572 8461
8902 6374
1069 1633
1814 2256
883 2685
7745 2927
3844 9431
4230 2247
2148 9587
2218 304
8455 3568
3897 9119
175 7392
9288 2660
7361 360
2547 8371
7654 7214
3918 2380
6716 9455
8253 5591
7590 5510
6066 2848
7420 4426
8040 2345
4979 2800
8922 7478
7425 9603
1760 8333
9743 8621
8401 4980
5291 3160
7204 9783
905 2743
3888 888
4988 6451
6471 4102
2022 2626
226 5330
1952 9596
3588 772
7861 7133
963 7056
391 3316
3369 8503
2332 6491
2840 3707
1837 7021
1541 8624
7668 8502
1533 8342
4953 3145
6107 4739
4851 1002
8651 2207
6587 7729
9964 8621
5294 573
9971 3762
4077 7263
4768 2361
3772 7506
4935 3957
8803 1766
6056 6768
2599 7010
7389 7747
995 4124
9609 6016
7060 6671
7578 1873
5788 5680
9070 8544
2090 168
5387 8884
523 8063
4812 4202
201 7229
4831 7406
3306 1277
4057 7650
666 9845
9802 8671
2809 8039
2237 8010
9947 4729
1058 9289
9326 4364
5620 4759
3373 2028
4463 269
7081 6396
5169 9881
8072 286
485 2294
7776 3502
1663 6267
7150 7649
4933 7245
5401 7603
2066 2356
5120 9332
953 5975
2288 8758
7141 3043
4581 1328
2266 2330
6413 7008
317 6820
4152 367
7665 3423
9953 451
7809 9179
7644 128
6754 6161
9092 9589
9982 2258
4499 3703
6939 14
5070 7904
3972 739
1463 2303
1675 6040
6495 8703
7550 4000
5516 222
9954 2159
2893 8195
4239 4509
8054 6048
7048 4675
9513 4835
9684 2476
321 122
6503 6053
3384 4905
9266 6749
81 8251
3379 8937
617 4350
6973 1964
9555 1666
8744 6428
4961 6868
5512 1942
4599 3239
5414 8605
7610 8241
7682 9339
5129 9935
4946 5300
8252 6925
8986 1542
6809 1532
5884 5119
7379 881
1503 2821
3973 5576
3243 720
9838 668
8999 2726
3808 8593
9260 330
9640 8771
3301 732
1785 3551
5381 5525
6010 5193
1910 7144
8335 3572
5503 5249
694 9290
6870 239
6784 1890
470 6088
6515 7852
4882 9670
2526 8064
3810 8795
7173 9447
8677 6108
3458 438
8733 1063
8306 5000
9627 7148
1658 4854
6367 6549
9790 4631
1616 9451
6315 9609
5256 145
9295 744
6157 7147
7907 6670
2098 9503
7091 7359
8758 6479
3633 9131
3739 2810
2100 5698
6538 6707
4090 4928
416 2808
9204 6025
7098 7251
1207 6799
245 7070
7797 5728
8633 1092
7421 8490
4971 4524
1589 3655
1306 4422
6106 7224
6951 8223
9666 703
9858 2538
3256 2405
7402 4373
8788 6652
7481 1995
413 584
5894 7602
6948 3249
930 9003
8848 6666
1088 2487
8174 3548
6894 4073
4986 1374
2730 1325
8588 7494
9614 2919
7092 4957
4893 8157
3705 3756
9746 3604
3198 7155
472 9043
6990 7818
4480 9939
281 3404
6922 8585
9667 6314
8910 1134
4694 7303
3252 2697
1765 7610
8646 7692
3848 9321
8267 7634
4430 8643
3686 3559
9139 1762
61 5259
3479 8007
3530 4524
126 9969
6758 4574
4198 5289
3550 2869
9965 9792
8505 9487
7407 6654
2604 8260
2087 1296
714 2840
6754 6681
1905 4904
8126 8720
8553 6676
7280 6449
5138 4943
7101 6692
2692 8772
5214 7874
9828 8102
5844 2688
6289 5404
9036 4293
9954 7590
682 5740
3238 374
1777 7302
9821 2247
362 1405
7657 284
4572 9842
9174 4942
237 2964
4635 6059
1472 5530
9566 7222
7691 8896
2217 717
5490 4254
1972 211
8820 6579
4654 3398
5912 4000
5665 1757
6363 2255
6891 9636
6848 8943
8322 9833
8878 7241
308 7877
7041 3783
7400 2180
1177 389
9714 2260
915 4328
2748 2214
6002 6798
1592 1637
885 4330
477 1166
6955 2773
3586 4845
912 8577
8076 6486
2679 7039
5246 2232
1304 2220
780 6489
2286 8199
19 3430
4771 6367
9184 1253
2039 8445
8493 1376
3736 9912
8115 9769
3280 3523
2887 2590
8880 7626
6746 3339
1608 8938
2796 3693
8955 4491
9966 5224
7314 2420
2180 4185
1833 6287
993 6543
7056 2632
7609 5466
6814 6426
5243 8422
6789 4131
7750 6110
8181 9038
5452 387
5947 8581
4119 3389
2 8309
8033 5024
2870 2211
3062 1045
2185 4067
702 8865
1489 9531
9006 3317
7785 3616
1344 9544
9247 3285
8945 5207
1558 9821
8126 9192
6287 670
8186 9013
9765 5448
866 4090
5876 5792
7339 7096
1225 3747
3653 559
6088 8378
563 903
9623 5288
8710 7118
2734 8738
5052 6247
7064 1048
1514 2876
3536 8974
1781 4821
8875 1746
7165 2183
3565 445
7500 1981
9663 3429
7994 5529
1916 7472
7971 762
618 9311
2444 6688
9637 7303
2465 2155
8066 7852
5176 6124
8911 6323
9502 1630
3279 7102
8440 632
3484 2516
3844 1910
3523 5280
4693 9241
347 4173
4733 1992
4369 7616
466 5361
2661 4856
5393 2423
3243 9432
1480 5182
3943 4608
3760 6822
4233 5479
9015 2322
3492 7412
4484 9654
4141 5528
7524 8724
3067 4905
2166 255
9792 6197
3504 1807
4820 6338
5852 3102
6588 9045
5611 7863
476 4784
4775 4338
8306 4903
6027 1706
1760 9604
5346 4547
8163 4462
3078 2570
2076 5154
9397 7776
1113 5109
5102 6257
9442 5748
3675 6807
7403 4013
5563 3537
665 6868
582 4684
7382 7459
9423 4796
6771 2624
167 2484
7551 6436
756 932
9686 9468
3368 3340
7868 8472
1613 506
167 6152
6507 2715
307 5722
2146 3141
6978 9940
7029 4928
8656 9299
1967 9168
7323 9068
497 5924
9577 9866
2773 5526
8523 1458
8831 2297
4911 4467
2207 7910
948 9675
9803 6567
5227 9617
8978 9171
2197 2141
7776 8701
4633 634
9231 3960
2524 593
5701 3888
6827 7229
4155 9632
1522 3797
8354 6558
2403 5337
8862 3390
6050 7507
6832 664
7406 5208
2495 5688
9414 677
4294 6195
3135 5740
9600 9873
1796 7920
2952 1959
7199 5066
2743 8090
1933 8221
2313 4599
5823 7389
6371 3427
50 9899
8677 3871
7398 6067
1941 8314
2035 1814
5868 4166
7294 2954
4276 9170
4872 831
7238 2283
3903 3980
9187 7305
3319 5529
8902 1454
5957 990
2340 6066
7839 6165
4230 1615
1070 9828
9374 4234
3779 882
9596 5931
5553 4676
7267 5677
1799 8171
1360 3570
5463 8637
6952 5243
9554 5581
4121 8724
8907 573
7185 913
4619 4682
199 5886
9601 8188
9666 2197
8676 2273
386 1371
1672 7368
5399 4781
2936 7848
5932 1088
5713 7765
2315 1432
4824 7300
1788 4570
6087 4630
4137 9138
5906 2887
1103 5236
9482 6906
498 2511
1070 9442
962 6928
4719 1555
8307 3435
8954 6833
9376 6674
3801 4153
4365 6965
3630 8673
3531 3715
4222 5719
9238 3473
7526 7284
9274 4781
2519 5803
2367 7049
5615 4906
1857 5609
9078 1825
8440 150
837 1157
7933 8722
4189 4656
5005 4493
783 6747
8791 7448
5351 457
1344 8212
5621 3436
4854 6197
5826 8765
8581 9248
7282 244
1420 6981
4441 6827
1059 5002
9882 5917
5651 2190
6649 188
8949 8235
1407 7634
4821 3617
6827 9526
2120 9212
6643 5969
5802 7724
1834 3738
5261 4103
1349 6099
5809 7174
5818 9274
4238 9630
7696 5270
4395 8601
6266 5729
3722 3969
941 6507
6688 6633
1310 7670
6048 3893
7356 8572
7885 4164
8285 2731
1338 8176
3411 2174
8997 8881
3528 5941
8864 7235
6203 2437
3838 6037
3439 317
9665 9036
5133 7602
7269 7470
6779 3694
421 1237
4839 3996
4686 6882
8232 1815
8560 9588
9374 7238
2769 1358
3203 7665
8634 2579
7635 9699
1470 9144
3877 7057
9931 2340
46 4217
7255 3666
6522 468
5342 1788
6482 4057
7598 3805
43 1127
1485 8025
5455 9119
6721 423
5788 9346
61 1988
4539 8402
2590 9131
8604 3113
481 4347
2053 8713
5150 9319
9139 4922
3730 7652
9987 9630
5828 9424
7396 4860
7482 4734
8185 4710
8264 8455
7541 9947
2468 3350
9774 8954
310 3769
3956 9715
95 7086
7842 2513
7271 5091
8544 8050
1315 2501
3370 654
6395 4789
9283 1277
6735 2526
4408 9966
2619 4398
30 2492
7990 6117
6511 825
5557 7391
1579 2151
362 4149
4413 6104
7744 8206
3964 4909
6638 1564
4957 6130
4131 7517
8 2697
2239 5773
1280 9903
2821 3757
139 4068
1578 1301
8235 2548
7068 894
8436 9777
5681 688
9077 9032
8512 2451
9936 4616
1055 1637
3390 4123
1680 1784
9189 5506
9803 409
6268 8601
9718 8600
63 5827
992 1478
8740 1718
1393 1735
6798 6006
3270 3422
9459 9910
9328 8175
6312 354
8734 1077
7621 1760
9497 8330
1753 150
8048 3934
7153 9202
1969 7557
7308 2979
6806 785
2138 4993
2895 3936
4251 8317
3154 627
3496 6411
7757 2289
8256 9365
6655 9803
6915 5228
5853 4457
7944 1138
8406 5406
2029 3912
6046 5822
4694 4800
2405 4925
2848 8092
3750 8080
3693 8250
8172 2146
9437 5271
9178 8268
6243 2956
4609 9297
850 9780
6829 4030
3315 7042
5122 5448
9302 3996
6233 5149
355 4628
3990 1160
5604 5799
3945 1314
3335 1409
3977 9383
5846 2287
6782 6148
6063 6495
5202 2603
9315 9729
6318 7476
8733 497
5256 6245
7688 9784
4629 3856
7733 9862
571 8315
5454 1960
1281 7345
6698 7459
9032 5303
1594 2320
1572 2528
8815 9414
3851 4329
2514 8452
6028 1786
377 8199
8678 1545
6221 669
1143 6825
5588 1965
3971 6779
7756 9480
1370 6446
2620 128
4615 4436
5871 9295
2364 570
915 5207
8787 644
961 8387
5477 510
9738 908
8070 6659
4242 5105
3496 5497
7989 6461
8828 8503
8181 332
7637 5448
5248 7207
4816 2872
8176 6197
5787 9998
4087 1429
1051 9280
5485 1037
1998 3765
3622 3445
8928 8457
1408 609
7224 7878
4318 2939
2589 6999
2714 5546
1321 7749
