10000 2000
40 106
333 3352
2172 3558
1958 5370
9499 7004
4443 2748
6983 1090
416 5644
8155 1652
7644 6856
9596 8277
4268 2195
8396 9526
8109 9233
6048 4511
5998 6617
7201 5492
4062 1140
6713 1215
4911 4749
3445 5643
2645 8688
4231 1799
1637 6948
6455 5383
31 6234
2690 7873
3866 4611
5812 3769
2799 6035
8052 1706
3339 2950
2405 4087
543 4140
9837 4941
4099 17
740 698
9747 2544
4050 3552
1971 1972
2491 2117
8894 7582
7360 9054
5316 4614
1306 353
4840 4581
2533 5970
7014 1146
8863 6493
428 8756
5108 5535
7711 6209
2171 2537
3355 2360
1329 5663
311 6142
2128 9487
6291 8083
7324 7151
5716 5520
3324 1680
8245 8696
9536 6148
9821 9914
5098 7376
7181 2954
6399 2858
1752 4925
3840 5592
3887 7745
1271 6509
3364 1449
6545 9190
7094 6485
6614 6556
9977 7210
5622 4212
9837 3768
9421 147
2374 4524
4946 5464
7078 6263
7898 5833
37 4325
7160 8357
4573 9867
9392 3529
5648 6445
2235 6986
8984 3099
9572 722
819 6128
7272 8473
9251 6748
2859 4938
3097 6809
7554 3548
9210 9775
4104 2446
4196 9136
8858 3386
1454 1459
1518 3224
9495 6244
1002 2696
2457 9796
854 2168
8779 5278
2653 9051
8938 6149
834 6553
8229 5166
7384 8480
5478 6142
9829 9745
3667 643
972 7300
3387 6814
3791 1158
5049 2524
9962 204
823 13
5429 2472
2201 4229
1463 4596
4158 2047
4643 88
1820 4553
4207 1176
596 9582
199 3840
5707 6695
853 779
2038 1789
2662 1959
267 3524
1544 7457
201 8746
8577 2278
7248 9110
8707 7820
2985 6080
5893 9701
5732 6492
3109 6614
2091 5873
648 9907
5379 1703
1166 8567
1887 3805
4897 9313
918 4047
3491 6466
9524 2555
5891 1289
7891 2615
4706 5498
6305 1449
6507 8611
9642 9065
4489 3835
304 2356
6928 2179
5563 6643
9885 9469
227 1843
7574 5974
583 5457
8857 3300
538 9563
3277 8272
5913 3999
5092 8467
7817 2916
8718 9101
1036 6919
4056 5942
8384 7936
5101 3955
6948 9050
299 6356
7163 6447
8082 3755
656 5682
6007 8095
7801 9456
6955 1057
913 9079
810 1629
4032 6808
5074 2517
5215 1262
2835 99
2298 3079
1540 7597
8040 3024
1010 6157
5613 9724
4124 3533
345 9211
8622 5047
8684 3481
3453 6537
301 237
8117 3944
4274 1013
8432 9266
5292 9865
7159 7536
821 9813
2933 4528
5154 9227
5931 9867
1306 5344
3716 5246
6667 7096
5693 2417
3370 4447
9615 665
9298 6415
8583 8437
678 4982
1964 8818
2192 7062
8677 3543
5543 1729
6279 5233
2418 4882
4288 2542
2785 8539
5185 7896
4455 6954
1524 2524
4854 6727
2598 8459
939 3118
9091 2197
8195 9727
9155 9707
4654 3749
4350 7472
866 3982
8890 9261
1773 3776
620 3299
1404 6103
7171 9547
6352 2959
5732 1754
8944 6258
9869 3999
6071 2415
1835 6373
4585 7824
3799 9527
9226 7384
6450 2740
4004 3288
8392 5223
2972 6258
4777 5322
1332 6393
8626 7325
2815 5854
3246 554
4262 534
9210 426
3354 2935
4322 6178
421 3412
7 4936
272 1988
2564 6824
4985 7926
2720 792
3582 9240
1924 5852
9549 9329
8817 7420
2114 2938
4308 3433
2240 8618
8713 9945
9260 9872
9373 885
9090 2191
2200 1654
9968 8144
5588 1265
6647 7737
124 2703
8981 6196
2537 6196
5846 6392
7320 5082
329 8079
4472 8961
7124 1132
6784 3824
8074 4981
5119 3834
6791 1424
5111 4464
8301 3000
3733 1666
4642 4124
9167 6756
2359 7162
2403 1724
2828 627
4026 4627
1354 1701
4605 9775
5972 260
2142 2391
1893 6580
5006 2423
2535 9937
3787 7212
3071 262
523 7692
7435 55
8723 7811
4721 8738
2625 1865
5914 6641
9137 9430
6897 796
885 2571
8654 9750
3817 5039
626 9549
7790 8115
8145 8119
3587 2804
9892 203
4793 3071
6303 58
7978 9791
4881 4086
9615 115
3333 602
3168 1930
6477 8916
4805 8107
7854 4913
1153 223
1996 5331
7543 6435
8259 7919
182 3212
2187 9655
690 5595
5334 223
6434 5683
9469 2928
5100 4028
6128 245
6948 3628
7424 6175
3170 1206
9068 2620
3805 5459
1538 1931
3645 6971
324 2852
9556 9468
1197 2016
7675 7116
1431 8206
3900 7534
2926 1553
6118 5223
8154 4861
1616 5089
4882 9251
8094 752
602 1307
1742 7328
2598 3918
792 3372
4602 7992
8006 1666
5969 7242
522 3548
4309 3222
502 6455
7504 2809
5021 9383
6077 5310
8625 5940
1810 1383
7009 9692
3579 972
5244 1471
6336 2421
8991 3350
4166 9978
2140 8966
3369 1855
9315 4872
6493 6050
6677 2620
3270 6108
9472 6249
9379 4009
9739 4868
8974 2374
2655 5034
1931 3174
4905 2592
1725 5134
3562 8681
4903 7011
8880 9586
8069 8939
9452 5127
3323 9032
3175 5265
8103 7424
2446 9629
352 4941
7038 9626
4958 8587
3086 7852
2403 1036
1630 4460
5549 6312
5138 5202
5512 8854
5459 811
2560 8140
1644 2416
2952 6071
1057 2688
7692 9293
2233 7391
4100 3651
2910 7028
6155 2952
1670 3278
4554 9243
6638 9903
2404 6773
9662 2813
7504 6832
9425 8984
7139 5665
1915 8904
6343 2633
1698 2250
5542 815
2434 1466
8541 7244
58 2950
6771 4957
7085 510
755 4043
1459 814
4702 3896
8393 5477
5202 3834
8635 9514
9922 4287
1598 820
7274 5748
6785 373
2969 7652
1962 7849
4405 4392
1499 2330
8826 654
3324 2808
6188 3246
7937 8147
2664 1626
7900 1217
5743 4310
1262 6870
6832 3339
7343 8454
2334 4007
8318 2545
9100 2026
5044 6594
5235 5325
558 9171
2151 2659
9690 7492
8849 6224
8227 1919
4325 467
66 2122
9075 4274
5789 4587
1608 8716
1109 6160
923 7562
8608 3313
877 2726
1218 1821
7385 1839
877 6537
4391 148
800 5947
9546 3912
4798 1210
5532 7488
2085 4341
7960 1301
1013 5258
5800 2877
170 2352
5258 8132
280 6288
3053 5100
5334 1711
23 7289
6407 6553
1001 8862
6584 3621
1901 8808
430 4162
9944 6318
6464 8088
7971 4529
6042 541
8771 4844
7112 9509
365 8995
6271 4143
8195 1059
7557 8508
5129 6596
1415 409
5251 1102
2282 21
2345 4972
8218 7980
9034 7150
1025 7636
7496 4660
297 1158
7695 199
9831 4171
4083 4991
9831 8615
6680 9079
3363 8517
7496 6241
478 8356
8222 5733
8450 8721
124 8026
1565 8930
2087 6741
8898 1323
7731 3956
3514 6890
7562 1088
1539 6941
7064 2525
4521 501
6699 4195
3539 2107
4728 4269
8485 9709
8808 8183
954 7354
7298 5156
4191 2343
6199 8407
8529 1550
2689 6243
5738 6582
1170 6221
758 2485
2772 9563
4216 9663
4256 8006
4188 3710
7243 286
640 2843
3717 441
972 7616
8736 5110
127 2610
6280 2029
3674 4777
9193 6908
7328 8143
9133 868
1324 9531
7485 5634
3103 5024
3167 8675
6723 1819
8271 5463
2457 5198
7466 1060
4998 5269
2120 8196
3716 3186
5053 4050
3405 1532
6880 2904
8955 8542
9877 6862
2385 870
291 1829
5682 4569
5060 925
7870 8991
3854 2531
9765 3275
2389 5154
4835 132
7948 6288
9613 6588
3052 7476
2103 6400
8199 2743
1603 3813
9638 2600
8402 3354
3093 802
6764 5347
9377 6043
9668 1843
2847 5785
8704 2638
8627 4401
7599 6091
9527 2821
2787 4395
8624 1874
9462 8032
8410 6500
6569 9050
2468 3040
9146 7899
604 6769
1475 3470
3369 1878
9466 1057
6919 1081
5725 7914
4138 7040
5720 1091
2978 2793
8518 7251
7929 3375
492 9140
5586 5815
5462 8412
229 9704
9705 9483
352 5510
5250 4109
2105 2842
9931 1377
548 5839
7594 2792
4692 7873
6940 7143
7233 2762
2400 4858
4939 4671
5510 6499
616 3887
203 5118
2596 673
475 7146
2676 4365
3841 1502
8461 9909
9036 1610
1028 9041
1389 22
3870 8266
4313 319
4039 853
339 5985
1439 5017
149 946
7197 5480
3025 1451
7057 596
7167 3992
728 2237
3308 8945
3129 615
71 4622
8463 1231
4501 1419
3065 6145
6205 752
7953 6750
8553 8461
7026 233
5355 7382
1840 6919
6476 8757
8913 679
804 7186
472 9595
26 8801
4612 9060
1637 7347
5770 4516
4631 7860
1484 6000
6296 2639
6346 1700
3572 9178
9109 2697
7385 4768
3870 6093
3414 7442
1276 8695
7722 7956
686 8466
682 2493
9226 5905
7648 776
8681 2566
9794 9283
6147 8884
3577 4239
9402 8514
2240 4090
2911 1354
7808 6130
5422 2452
7010 6978
5071 8976
9568 1593
2957 2441
2276 506
1100 8375
7328 9968
5736 613
8319 4690
1884 2412
2354 7875
115 1564
1713 8216
1467 1708
3506 8555
1445 7009
749 5897
9037 2418
3303 7449
1689 6675
2119 2389
2174 255
5218 4039
8292 5450
8846 2145
1341 759
2241 9931
4294 6786
9458 5633
5623 5827
6675 3193
9700 2341
8426 1794
9723 6481
1200 8941
4096 7883
7837 6752
2202 1895
1169 6171
516 5436
326 8774
4973 4667
8169 853
560 1676
3258 9486
4040 2342
4823 5257
762 2585
4152 1328
1493 5185
844 3545
204 4345
7366 1269
8750 208
343 3609
9386 489
2026 766
1049 1438
379 5150
345 5295
1204 1977
3188 6445
767 4020
8015 3443
2345 217
6521 9113
5134 2804
2853 5902
8956 2676
7196 8666
3216 7658
4698 2091
3523 3373
5651 4935
4425 1395
7896 8266
1702 4374
7354 9892
2642 2821
7660 2176
7743 3245
4796 5412
2279 2319
7694 3958
1168 6771
731 7306
5579 3686
9054 3287
4707 909
2674 5588
1175 2222
269 2773
3472 7007
8635 1001
3892 9060
8707 7611
5389 4258
4118 7790
5803 1756
3193 1478
2878 8415
359 2728
8530 1126
7873 8684
5781 6750
3823 384
6807 4327
7337 2564
5543 9267
6939 4651
3274 4198
2981 137
644 6162
99 6518
4540 4844
626 2993
3272 1531
4896 8093
8485 3470
9385 4450
7259 3335
8617 2877
2813 8470
1782 2949
7260 9610
9990 2287
4858 3762
5116 1703
9178 928
6165 8429
2640 9372
4081 4592
1849 9105
969 3126
7169 8275
4632 8319
9970 2166
4390 3181
5997 9473
9099 802
8277 5553
3321 1913
8026 7338
2563 5823
6976 9589
3554 6921
9563 7195
462 3931
8423 3186
3020 4112
1620 7159
7468 9585
5054 3806
6283 7974
8476 6219
7598 4555
8563 3675
280 8097
7474 8576
5582 7573
333 2240
1315 1950
80 4227
9483 224
3117 4884
3302 3901
4191 5803
4562 9103
3963 7882
7253 494
7679 1656
8397 4208
8399 9617
2026 1969
3208 5188
7246 3590
5860 8039
6312 38
4279 446
3670 4252
6368 4372
1881 1905
2543 3953
5394 9295
8462 3083
8071 546
6348 2792
5431 1321
8377 8086
7533 1223
548 8950
3443 2076
476 5205
3221 4268
7557 9893
8362 8354
8925 887
6636 4098
9654 5412
2256 4141
629 7161
7317 4492
2537 701
5445 9015
9405 2847
3584 114
127 5698
2871 2794
1417 1022
4528 4287
624 671
1712 6436
1852 2727
3257 3016
3812 8050
253 9187
2854 6929
1386 5261
9612 515
7997 1976
2699 6731
4777 9460
7889 5334
7041 7069
6227 1835
535 6304
9503 4946
4684 3964
6522 7252
5249 7759
8618 3798
7302 1539
7840 8263
4483 2342
6254 1432
5458 6452
9791 1629
3520 6640
5092 1818
277 7790
2768 3052
9353 3088
5530 8945
1055 7966
4622 887
3926 3988
2986 8650
4133 9866
8602 6104
8628 1788
6453 6711
3011 252
2525 8496
38 5599
8306 3177
9715 9407
9208 9142
6908 3973
5352 2959
7414 7033
8153 9116
8417 3927
1141 2662
4290 4401
8468 4452
3653 6212
9514 3674
8651 2750
3055 7349
2363 6840
9412 1497
5303 7934
4034 3639
6939 4856
931 1341
3163 1319
9425 6489
5663 6363
2623 9953
4126 6938
1077 6371
7202 4793
54 3704
3187 4880
3850 7269
6344 7433
5607 2929
9804 945
6040 9137
994 8196
9539 2507
516 2542
1063 6615
418 6645
2282 8704
2810 834
383 3988
4731 3271
8001 2250
239 9139
7691 6396
5640 1007
9397 7684
8791 7580
4336 7295
8438 3012
3761 8935
4500 3978
6005 2169
5248 6685
282 1157
2321 1008
650 8492
9509 3946
8597 8819
6241 9589
7671 1935
1722 7756
8601 38
649 8539
8344 8832
6446 4889
1496 7165
2955 471
7500 4886
530 4957
2099 3620
7452 3942
6456 134
2617 5686
2398 6985
437 1850
7196 154
3877 4434
6352 8328
6579 6084
7797 3532
4 5972
5953 7799
6532 8423
9110 5564
4456 6496
8521 6462
5807 7681
2692 8227
2950 3915
5268 4380
4886 3109
9984 6382
9201 4361
1096 4954
590 4043
2741 239
1914 4970
5656 5505
8696 5801
4709 4065
3030 2904
5651 4113
7805 1832
4559 1150
7215 625
8388 2703
4459 2114
66 5012
2603 7414
6589 6378
9507 7803
3535 6861
2788 7154
4441 9009
5724 2134
8484 9312
66 2340
4900 5067
6676 7563
7574 6340
9930 4366
8249 7712
6839 9173
1785 9497
6806 40
1902 3126
2967 4315
851 369
1052 4357
1455 1103
6705 8512
4936 9290
7194 9530
2995 1880
8461 7608
7563 299
3427 256
6656 9228
2521 6159
9797 2355
2344 5241
1415 9784
3416 2091
5673 6796
2942 4976
1158 8639
3540 7591
8875 1048
3855 5760
1976 1171
2016 6260
667 8591
7849 9969
724 1137
4813 6509
9070 5166
7566 2586
4826 5003
6118 1208
9297 1235
2511 3969
3324 2532
944 3586
5427 697
7302 8878
9193 3621
9007 9376
3338 5843
1154 1747
2884 1385
9837 5219
4885 8571
8629 8206
7139 1495
9145 3304
3332 7846
1620 2857
3039 7762
6445 2276
29 3410
2600 3297
7309 3974
3917 4377
2342 5743
9111 391
878 1981
6525 8849
2836 2275
9507 4793
8677 6035
3384 1579
9699 9848
9945 9723
699 3368
381 1001
8429 3422
2629 9991
4300 1035
4036 243
4756 1042
5301 7266
7758 8998
6622 5521
8827 5046
1984 1603
5070 9460
2534 797
633 9524
4973 9214
2016 2453
5904 8668
6691 4033
8079 6496
3456 7674
9469 7519
7970 3556
1118 300
1892 2568
4687 4922
9077 4712
5657 4453
7264 6670
3106 7283
8679 8219
2005 2538
8012 2183
8979 5740
1187 7603
7453 6912
3378 821
3135 8312
9688 4160
5768 3982
6959 6890
8091 8299
117 8167
7937 5724
1515 6628
4423 8926
6696 6341
4154 7466
5023 3786
8382 4248
8607 5556
7068 1900
7977 1471
763 6292
7923 2793
6271 9364
1951 222
7016 8460
8791 1363
4044 4360
9395 2358
8622 5176
7857 3361
2344 8331
4697 2553
5703 7782
5948 8376
1052 8684
6482 4679
895 6690
1005 8457
7459 4061
1172 4887
4458 9780
2254 9320
7014 5864
7785 948
651 7046
5644 7810
5315 6030
3994 7836
5344 1496
524 5613
1345 1051
3430 9563
4887 6301
7572 9216
1974 2250
4238 7268
6226 8193
7973 6116
7695 2305
8879 3548
8273 7112
3854 7285
9614 8020
5187 3051
4519 2107
9958 5878
7702 9350
8673 9307
6906 3482
6577 2196
275 4672
6080 7812
940 1197
3731 4893
4744 2314
186 5370
2059 9513
6597 8442
9607 8324
5862 5677
3255 7894
2188 6843
7688 492
7374 1152
3932 8152
7287 3585
629 8628
6938 1028
32 7851
7620 7856
4636 1084
4525 5690
5398 9948
8292 7002
7468 7524
8917 7253
4390 8697
5463 5246
6681 7952
9 6405
5757 1794
9277 8637
9119 7984
2367 5489
7749 8779
8046 6272
1655 369
29 7844
4487 5682
3675 7749
3185 2766
2562 3382
3578 5920
8345 6883
7874 1766
2367 434
4987 7451
2439 1664
9638 3165
3233 3829
1149 6165
3728 470
7896 8487
141 9232
8337 5539
7792 4526
4559 7759
320 3731
9283 2531
9708 6615
2268 8534
5549 2672
7039 9730
6976 6043
3893 1163
5716 2744
102 3757
3695 9843
3271 320
3620 1317
8773 9908
6001 242
7201 2775
1026 2027
2780 3057
8741 8368
8680 1417
5968 6611
143 4802
3401 4213
1403 5529
1308 2993
7291 6865
7292 2846
5502 7309
4536 9624
431 740
3975 6866
4537 4645
8829 6060
8161 3590
4941 5125
3738 139
5351 9807
5342 398
2543 7676
9500 6378
6812 9399
8213 2362
4174 6994
123 7460
2270 3740
759 1548
7696 5433
7805 6767
3188 7685
2325 1784
8122 8935
1883 987
736 3880
6490 5812
5542 6995
3327 387
4345 846
1175 8682
4309 8869
481 5342
1518 7314
18 7407
3461 6036
6055 9099
8878 2815
4989 6855
8407 909
5369 6809
4473 4510
254 1901
3851 1797
5842 797
1337 280
7297 5824
7978 4112
7736 2084
2287 8061
1283 4956
7880 7834
6151 8162
5982 1430
8678 9582
6233 1221
4261 7019
4228 1441
6116 1085
9235 770
7812 7409
529 4711
514 5346
5775 7427
860 5379
9896 7753
440 2396
7873 9046
2767 7039
9900 7569
8733 2306
2352 9107
6439 7589
2975 8480
6367 7345
3771 1667
7821 6588
9975 5210
7569 373
8605 2582
6639 9483
4979 2230
6186 9488
674 6956
8391 5376
1342 9337
3304 8931
7823 2864
7592 1056
9004 3494
6112 6227
9849 1302
2261 1261
3043 6912
8022 5588
7686 2406
9668 5213
3479 1390
35 7561
3830 7909
3324 9383
6330 8898
3357 4924
4022 9853
1224 6519
5915 8415
3270 4837
173 5550
5339 919
8411 9014
4244 7240
4550 8791
2358 9950
6655 9196
6308 9500
5200 7312
5678 1829
6200 2480
2668 7312
2635 6498
8652 9641
2622 9237
8569 1844
7757 9350
9075 1612
70 4774
1416 3138
1038 2693
4930 7637
1075 3673
2143 9758
2955 9636
1379 2049
7601 374
7826 4688
5663 8285
9003 2645
3352 6016
5552 7480
5929 6706
3300 5957
7327 1515
7536 2655
9308 4128
5420 8779
8623 6908
7489 4347
5579 8413
4164 5938
2491 6933
8234 7205
5417 9762
9219 4317
7641 2870
574 3541
8329 679
5658 3130
4795 621
3410 6726
1828 2175
9675 445
6493 5051
5105 843
1868 6239
5583 5955
8145 573
6105 6580
4522 4541
4053 8
343 7981
2804 3382
8909 3396
1605 8871
2406 7539
2660 7849
1377 4977
1354 6263
7192 8316
567 8384
932 4770
5001 1121
7149 3771
6467 6091
5915 5293
6070 1628
1620 3592
4220 1923
1936 6047
4411 5483
5401 1778
1719 84
1051 9738
1930 6428
8541 976
2260 7671
2191 4729
9590 7020
7398 3068
7159 580
2845 3755
5650 7651
6948 6010
9615 5647
1986 8884
5157 1829
4333 6909
9832 9053
4253 2726
687 7695
3671 1368
1384 967
5380 5896
4341 5796
2105 9068
8832 6450
8874 726
983 3115
7117 5602
6594 2597
3949 1219
2737 3338
5071 567
9057 1941
4703 9270
4722 3380
1027 1894
1948 2098
544 7118
2052 6160
9793 6435
4952 1668
7877 6065
8073 9618
8226 6801
5575 2381
3030 1430
3857 1999
8792 4450
4265 7496
6431 3761
8945 3366
4368 9014
778 6452
8043 6303
3337 3381
4296 3897
1795 5763
4041 8698
735 5322
1690 8100
9788 6167
4741 6955
3038 6364
1989 4315
3140 6028
3780 9656
6078 4095
2761 3255
7509 979
8548 419
6620 9293
4762 4245
8450 9825
1865 6608
598 4952
4234 2055
5275 6688
4911 4296
2609 1548
6465 9985
6176 9409
1407 9470
6657 8572
591 9204
4591 4193
3044 5501
8141 2293
5653 4333
6819 6509
6162 6846
7103 9793
7898 5285
890 8239
9681 9017
2716 9229
9338 5344
6682 1075
4279 4784
9027 6364
7552 5510
7283 6170
2826 6643
1948 7339
6741 5076
1617 31
2055 5521
7504 7695
32 8470
8303 6676
5502 5744
1315 7645
3037 8339
778 6023
7678 6239
9349 3603
8651 4885
3661 8547
9503 8002
9906 5952
3111 1451
370 6171
4982 7808
6865 3069
3300 6355
1992 9419
9140 8166
4175 1600
5303 980
7398 814
7196 3540
1594 2981
4207 4106
4609 4525
4997 2800
1688 6215
5161 2499
3418 2268
693 7941
8066 6890
5678 7745
9250 5449
7673 9036
4877 2458
9191 9337
8287 3569
8740 5454
7548 3754
9854 4009
3828 8868
1541 3319
4784 2774
8603 1324
3912 7227
5249 9218
1798 6694
455 5510
182 5311
8491 166
4815 8146
3066 3545
8003 3974
8527 9811
6808 1740
6536 9493
7828 7902
1682 904
4492 6838
4458 5090
7818 1514
5025 4003
6563 6581
6231 6580
7706 1112
9296 2433
3197 3154
610 7802
3917 3276
3089 3503
6784 9318
510 9523
5933 9513
8280 5963
3926 6178
9062 5027
3911 7158
6708 3716
8679 7211
6921 1950
7551 6522
8103 5776
7040 8534
812 365
6212 4285
9267 2484
2696 5432
3346 7121
279 3154
4504 7967
4012 5128
4064 6423
3782 7751
7297 8844
2273 5810
1749 6674
8260 6772
3241 9197
1178 1901
7978 3559
7883 1375
4220 1772
7581 5586
1926 9376
5815 9836
3840 5446
3487 4582
6423 8633
1831 8446
4105 8936
9285 6163
5256 9873
1189 8656
3348 759
8252 7433
1724 3765
4740 479
5414 5446
2286 1850
8447 7439
302 2137
83 5998
8901 2001
8413 5073
5274 5960
4755 2602
9471 8620
7291 4727
503 533
7379 7590
8721 5868
6979 1431
5401 9096
630 6648
5469 2854
413 6520
4314 4194
7342 6279
4617 1404
7619 3218
4137 8570
7186 7516
395 93
3019 8479
3184 2320
4598 5877
853 4510
3985 1067
1301 6286
7963 7582
3604 3789
647 5895
1237 1708
40 2011
2811 3375
6939 4612
1260 6120
9646 413
7436 4055
2916 2436
9024 5501
4582 873
730 7223
8297 1243
6685 2671
5816 9517
974 6412
7278 8901
7270 1941
2909 7975
3469 5061
4584 4856
2295 11
698 7092
3785 543
2769 1967
627 3119
7222 6892
2247 4434
780 4596
8610 436
2909 2781
9677 9040
3754 2939
1424 3721
996 8017
4394 170
4075 3616
5705 3212
9215 2414
445 6157
3681 6502
3413 9781
2721 7309
7108 3133
7614 7820
6949 3329
8273 6767
9624 6554
8830 9470
5523 7434
9660 5044
1197 8972
4250 4620
2767 250
4385 302
6233 4057
2065 9536
5609 1658
1594 4564
4833 6872
292 1677
4383 6660
1250 9928
8534 398
6578 4021
4202 5032
4572 1027
7303 8302
9256 5658
7572 7217
5709 3742
7776 3969
9646 8624
8259 6480
4667 159
2755 5766
5615 986
6409 7302
1497 9783
1945 8574
6378 6177
4912 27
1717 6999
3951 1555
8552 8584
7020 1767
2996 4782
9516 2178
3464 5386
5218 3543
3082 4657
6016 6493
5703 4633
1334 3688
8981 2911
3202 5653
2927 9589
7912 7496
7390 3055
190 8690
6913 9314
828 3115
6373 4533
3706 1534
5870 5501
3153 3702
8291 7684
7574 2291
7984 5564
279 5818
3984 4953
3466 2764
6230 1969
6277 4076
8201 8352
2884 6227
4424 7824
1519 2041
6275 3168
411 1449
4526 8715
1545 9379
2059 7930
8198 2964
5199 789
7178 5251
7099 615
1708 7601
1608 5092
5893 7969
1070 1110
6708 7251
6482 8156
4436 886
3454 9924
7511 7895
2410 8833
2685 4553
6463 3147
6469 4875
5403 1379
8775 5109
9231 3664
4713 4418
9694 4796
5459 8937
3233 8613
4149 1407
3798 8413
7728 3555
8969 3098
696 3412
7809 3723
1679 4771
3895 148
8781 953
1962 2469
4629 79
1599 6929
7079 4033
6433 981
6486 8306
2234 7205
5508 4904
2395 760
2362 5512
4197 51
3470 7096
4325 5317
6444 7139
7056 4809
9340 687
3556 3255
7111 6406
5734 2302
1214 3827
3080 7608
3297 8964
5934 2295
8898 513
