10000 500
40 106
333 3352
2172 3558
1958 5370
9499 7004
4443 2748
6983 1090
416 5644
8155 1652
7644 6856
9596 8277
4268 2195
8396 9526
8109 9233
6048 4511
5998 6617
7201 5492
4062 1140
6713 1215
4911 4749
3445 5643
2645 8688
4231 1799
1637 6948
6455 5383
31 6234
2690 7873
3866 4611
5812 3769
2799 6035
8052 1706
3339 2950
2405 4087
543 4140
9837 4941
4099 17
740 698
9747 2544
4050 3552
1971 1972
2491 2117
8894 7582
7360 9054
5316 4614
1306 353
4840 4581
2533 5970
7014 1146
8863 6493
428 8756
5108 5535
7711 6209
2171 2537
3355 2360
1329 5663
311 6142
2128 9487
6291 8083
7324 7151
5716 5520
3324 1680
8245 8696
9536 6148
9821 9914
5098 7376
7181 2954
6399 2858
1752 4925
3840 5592
3887 7745
1271 6509
3364 1449
6545 9190
7094 6485
6614 6556
9977 7210
5622 4212
9837 3768
9421 147
2374 4524
4946 5464
7078 6263
7898 5833
37 4325
7160 8357
4573 9867
9392 3529
5648 6445
2235 6986
8984 3099
9572 722
819 6128
7272 8473
9251 6748
2859 4938
3097 6809
7554 3548
9210 9775
4104 2446
4196 9136
8858 3386
1454 1459
1518 3224
9495 6244
1002 2696
2457 9796
854 2168
8779 5278
2653 9051
8938 6149
834 6553
8229 5166
7384 8480
5478 6142
9829 9745
3667 643
972 7300
3387 6814
3791 1158
5049 2524
9962 204
823 13
5429 2472
2201 4229
1463 4596
4158 2047
4643 88
1820 4553
4207 1176
596 9582
199 3840
5707 6695
853 779
2038 1789
2662 1959
267 3524
1544 7457
201 8746
8577 2278
7248 9110
8707 7820
2985 6080
5893 9701
5732 6492
3109 6614
2091 5873
648 9907
5379 1703
1166 8567
1887 3805
4897 9313
918 4047
3491 6466
9524 2555
5891 1289
7891 2615
4706 5498
6305 1449
6507 8611
9642 9065
4489 3835
304 2356
6928 2179
5563 6643
9885 9469
227 1843
7574 5974
583 5457
8857 3300
538 9563
3277 8272
5913 3999
5092 8467
7817 2916
8718 9101
1036 6919
4056 5942
8384 7936
5101 3955
6948 9050
299 6356
7163 6447
8082 3755
656 5682
6007 8095
7801 9456
6955 1057
913 9079
810 1629
4032 6808
5074 2517
5215 1262
2835 99
2298 3079
1540 7597
8040 3024
1010 6157
5613 9724
4124 3533
345 9211
8622 5047
8684 3481
3453 6537
301 237
8117 3944
4274 1013
8432 9266
5292 9865
7159 7536
821 9813
2933 4528
5154 9227
5931 9867
1306 5344
3716 5246
6667 7096
5693 2417
3370 4447
9615 665
9298 6415
8583 8437
678 4982
1964 8818
2192 7062
8677 3543
5543 1729
6279 5233
2418 4882
4288 2542
2785 8539
5185 7896
4455 6954
1524 2524
4854 6727
2598 8459
939 3118
9091 2197
8195 9727
9155 9707
4654 3749
4350 7472
866 3982
8890 9261
1773 3776
620 3299
1404 6103
7171 9547
6352 2959
5732 1754
8944 6258
9869 3999
6071 2415
1835 6373
4585 7824
3799 9527
9226 7384
6450 2740
4004 3288
8392 5223
2972 6258
4777 5322
1332 6393
8626 7325
2815 5854
3246 554
4262 534
9210 426
3354 2935
4322 6178
421 3412
7 4936
272 1988
2564 6824
4985 7926
2720 792
3582 9240
1924 5852
9549 9329
8817 7420
2114 2938
4308 3433
2240 8618
8713 9945
9260 9872
9373 885
9090 2191
2200 1654
9968 8144
5588 1265
6647 7737
124 2703
8981 6196
2537 6196
5846 6392
7320 5082
329 8079
4472 8961
7124 1132
6784 3824
8074 4981
5119 3834
6791 1424
5111 4464
8301 3000
3733 1666
4642 4124
9167 6756
2359 7162
2403 1724
2828 627
4026 4627
1354 1701
4605 9775
5972 260
2142 2391
1893 6580
5006 2423
2535 9937
3787 7212
3071 262
523 7692
7435 55
8723 7811
4721 8738
2625 1865
5914 6641
9137 9430
6897 796
885 2571
8654 9750
3817 5039
626 9549
7790 8115
8145 8119
3587 2804
9892 203
4793 3071
6303 58
7978 9791
4881 4086
9615 115
3333 602
3168 1930
6477 8916
4805 8107
7854 4913
1153 223
1996 5331
7543 6435
8259 7919
182 3212
2187 9655
690 5595
5334 223
6434 5683
9469 2928
5100 4028
6128 245
6948 3628
7424 6175
3170 1206
9068 2620
3805 5459
1538 1931
3645 6971
324 2852
9556 9468
1197 2016
7675 7116
1431 8206
3900 7534
2926 1553
6118 5223
8154 4861
1616 5089
4882 9251
8094 752
602 1307
1742 7328
2598 3918
792 3372
4602 7992
8006 1666
5969 7242
522 3548
4309 3222
502 6455
7504 2809
5021 9383
6077 5310
8625 5940
1810 1383
7009 9692
3579 972
5244 1471
6336 2421
8991 3350
4166 9978
2140 8966
3369 1855
9315 4872
6493 6050
6677 2620
3270 6108
9472 6249
9379 4009
9739 4868
8974 2374
2655 5034
1931 3174
4905 2592
1725 5134
3562 8681
4903 7011
8880 9586
8069 8939
9452 5127
3323 9032
3175 5265
8103 7424
2446 9629
352 4941
7038 9626
4958 8587
3086 7852
2403 1036
1630 4460
5549 6312
5138 5202
5512 8854
5459 811
2560 8140
1644 2416
2952 6071
1057 2688
7692 9293
2233 7391
4100 3651
2910 7028
6155 2952
1670 3278
4554 9243
6638 9903
2404 6773
9662 2813
7504 6832
9425 8984
7139 5665
1915 8904
6343 2633
1698 2250
5542 815
2434 1466
8541 7244
58 2950
6771 4957
7085 510
755 4043
1459 814
4702 3896
8393 5477
5202 3834
8635 9514
9922 4287
1598 820
7274 5748
6785 373
2969 7652
1962 7849
4405 4392
1499 2330
8826 654
3324 2808
6188 3246
7937 8147
2664 1626
7900 1217
5743 4310
1262 6870
6832 3339
7343 8454
2334 4007
8318 2545
9100 2026
5044 6594
5235 5325
558 9171
2151 2659
9690 7492
8849 6224
8227 1919
4325 467
66 2122
9075 4274
5789 4587
1608 8716
1109 6160
923 7562
8608 3313
877 2726
