8000 100
40 85
333 2682
2172 2846
1958 4296
9499 5603
4443 2199
6983 872
416 4515
8155 1322
7644 5485
9596 6621
4268 1756
8396 7621
8109 7386
6048 3609
5998 5294
7201 4394
4062 912
6713 972
4911 3800
3445 4514
2645 6950
4231 1439
1637 5559
6455 4307
31 4988
2690 6298
3866 3689
5812 3015
2799 4828
8052 1365
3339 2360
2405 3270
543 3312
9837 3953
4099 13
740 558
9747 2035
4050 2841
1971 1578
2491 1694
8894 6065
7360 7243
5316 3691
1306 283
4840 3665
2533 4776
7014 917
8863 5195
428 7005
5108 4428
7711 4967
2171 2030
3355 1888
1329 4530
311 4914
2128 7590
6291 6466
7324 5721
5716 4416
3324 1344
8245 6957
9536 4918
9821 7931
5098 5901
7181 2364
6399 2287
1752 3940
3840 4474
3887 6196
1271 5207
3364 1160
6545 7352
7094 5188
6614 5245
9977 5768
5622 3369
9837 3014
9421 118
2374 3619
4946 4371
7078 5011
7898 4667
37 3460
7160 6685
4573 7894
9392 2823
5648 5156
2235 5589
8984 2479
9572 578
819 4903
7272 6778
9251 5398
2859 3950
3097 5447
7554 2838
9210 7820
4104 1957
4196 7309
