50
1 1000000000000000000
1000000000000000000 1000000000000000000
999999999999999999 1000000000000000000
103278886698477405 779632387403812216
247979741877996349 813116839900431627
613971185656336528 916621489835339623
147318715245950251 534311542213989941
48118113832156229 56150427894708859
442452158762134136 876471072449040544
657411711198790071 985301760317291628
79265138586504452 792423477763816793
129421667294072345 441152057536362736
33190349706140184 534327664439088650
206524320780085698 766346469667628198
556536069566706370 846916812393299093
205492576768712341 913782526478630551
415514276319932210 560938828237481912
459503002226154794 987113578382535455
140438767797478055 936134442927103780
489279652021166384 510879958334181245
19425939013671230 497477290445307308
201096333303929955 825894061783688930
451665454177443066 581626090017467455
128747192124498571 524535358219212410
172052285289956447 483328216685843273
229781772561304877 401070436149725614
3032702167984463 61603724370994131
60161433648085380 106761499029517365
587932192579658456 766365120741891526
227172659938227529 443648898440619332
52963362879907173 98519242487508897
664894402834690083 765892014488049191
295776619017834090 622916410548005605
990825678 999999999687381591
1065583323 999999999593076600
976590936 999999999396268378
25433632 999999999266766006
191346993 999999999215098160
943844437 999999999342613027
482592983 999999999149875312
83414575 999999998956506457
174948536 999999999507603010
931209046 999999999597965706
500430571 972193238
822573416 916534161
20190684 340163592
93511743 729820424
465046451 611607525
717789330 955857287
488010044 719248781
