50 413
0
1
2
3
4
5
6
7
8
9
10
11
12
13
14
15
16
17
18
19
20
21
22
23
24
25
26
27
28
29
30
31
32
33
34
35
36
37
38
39
40
41
42
43
44
45
46
47
48
49
31 5
15 16
39 5
24 30
35 19
16 10
14 49
45 24
21 35
9 14
33 32
6 46
17 10
38 8
20 43
42 2
48 7
18 37
12 42
18 48
11 35
8 26
34 3
0 6
39 10
20 22
43 26
18 10
37 7
19 7
0 11
9 49
19 28
36 32
20 5
30 32
40 38
8 24
42 9
30 31
19 1
4 12
28 23
23 15
30 43
23 30
4 32
29 24
6 31
21 36
14 11
25 22
36 17
32 17
49 2
19 3
14 47
27 38
13 7
31 36
38 36
19 17
10 30
34 17
11 5
3 25
17 28
48 4
46 30
22 46
32 41
0 47
39 27
36 2
34 18
38 22
5 8
40 15
38 24
33 49
30 36
25 48
15 24
3 11
4 25
17 7
35 6
8 19
39 47
42 45
5 32
11 43
7 44
43 37
30 19
36 45
43 39
35 32
23 20
42 47
27 32
44 19
27 0
2 38
44 9
32 38
47 13
7 34
9 0
23 16
49 39
32 34
21 5
5 9
13 48
7 41
31 2
11 8
2 13
47 46
34 20
44 42
5 3
43 28
20 42
17 2
7 33
48 20
8 23
21 10
36 19
7 10
0 42
31 44
34 36
47 28
14 17
20 32
19 47
21 27
31 20
48 12
27 10
25 35
33 47
45 20
17 3
30 17
45 11
11 30
47 9
9 12
26 29
45 46
27 17
21 15
32 47
0 16
36 12
49 17
29 45
28 41
0 35
15 34
23 42
1 47
1 40
19 23
5 2
20 6
18 15
27 2
22 7
49 24
27 49
9 16
26 24
43 17
42 48
19 12
4 38
28 7
43 6
9 15
16 12
12 41
10 38
16 11
39 34
14 36
3 7
4 45
6 24
7 11
12 35
18 6
35 38
18 17
33 30
19 25
6 8
9 20
45 12
28 49
7 35
46 36
1 14
42 43
42 14
48 5
30 18
26 40
3 36
22 11
21 46
32 28
32 25
39 21
4 42
39 0
29 37
5 36
46 32
27 4
4 31
41 27
42 13
30 6
49 13
31 21
39 20
13 31
19 49
2 24
35 49
3 12
44 45
39 37
8 13
7 39
2 1
3 28
27 22
27 29
28 4
26 32
17 21
27 6
9 36
20 16
25 39
23 27
40 2
24 5
48 27
33 25
5 47
25 34
17 20
27 33
31 47
37 24
34 28
26 4
40 0
9 39
27 43
14 28
26 30
5 28
33 22
17 26
40 48
23 40
5 10
14 39
38 41
43 29
41 2
18 19
45 33
48 0
3 24
31 8
2 14
31 1
22 48
27 13
4 2
11 18
41 49
10 34
29 2
37 47
30 20
33 34
44 15
43 47
28 20
22 39
1 37
20 47
43 3
31 38
49 34
2 22
12 18
43 40
38 16
30 27
39 28
17 5
2 37
3 46
41 35
10 20
10 9
5 12
31 25
47 22
2 47
2 19
3 4
7 6
9 2
5 19
12 10
32 44
32 11
33 31
4 36
29 6
11 13
39 12
47 21
33 2
40 45
13 22
39 40
21 49
49 4
30 3
40 10
10 46
42 21
9 31
33 21
12 31
40 47
37 42
39 13
11 10
13 10
14 6
4 24
46 13
28 30
34 41
12 27
37 46
11 27
9 48
44 21
9 8
32 24
2 46
21 34
3 18
48 32
23 10
7 21
38 0
38 46
31 48
44 26
34 2
28 36
44 46
39 41
28 38
23 1
48 33
4 0
45 49
14 24
36 13
34 29
25 23
19 4
6 10
27 18
16 32
18 22
25 16
7 25
29 3
24 43
6 11
44 2
13 12
28 35
7 36
11 36
40 35
45 37
29 35
1 42
29 20
18 33
46 4
6 28
3 32
18 32
