50 1111
0
1
2
3
4
5
6
7
8
9
10
11
12
13
14
15
16
17
18
19
20
21
22
23
24
25
26
27
28
29
30
31
32
33
34
35
36
37
38
39
40
41
42
43
44
45
46
47
48
49
43 0
15 7
13 44
21 1
46 41
28 25
14 21
13 21
12 39
44 5
33 14
27 31
41 32
10 2
48 11
34 42
11 49
49 25
44 21
26 40
12 5
16 26
26 29
48 38
19 42
43 3
7 21
35 48
4 46
1 2
7 35
44 19
35 44
44 29
15 21
20 27
26 36
4 2
16 3
41 36
46 35
39 3
6 24
20 3
13 28
39 7
47 24
2 41
4 17
13 25
45 39
12 49
42 29
3 33
15 49
19 5
3 26
29 5
37 0
8 0
29 48
8 26
23 10
18 28
28 32
3 23
23 14
44 27
48 10
26 17
15 29
43 45
34 31
46 43
31 25
42 40
2 15
43 29
3 46
3 24
12 27
4 37
17 30
4 32
27 45
29 23
39 11
49 31
46 2
22 39
32 25
36 35
0 48
13 39
5 17
27 23
48 31
5 8
30 33
3 9
6 42
21 5
23 22
7 20
25 29
9 8
5 45
44 6
44 7
46 0
24 23
5 28
31 35
12 34
45 18
27 16
24 1
39 31
11 31
23 17
27 17
23 21
24 20
22 48
44 45
21 49
24 2
37 30
5 15
47 29
16 36
11 38
1 23
19 25
40 46
42 14
18 16
34 41
15 28
36 37
28 11
48 27
44 3
42 41
33 9
28 45
47 30
18 17
5 9
14 48
23 32
14 8
23 30
36 10
17 15
22 7
28 20
35 22
24 27
36 43
4 34
1 29
31 15
27 5
48 42
13 22
23 49
33 40
14 5
48 43
26 33
16 0
11 30
9 48
23 13
33 47
36 34
0 4
46 36
21 19
36 4
10 1
10 9
44 36
43 10
37 5
3 15
9 36
12 46
21 39
14 22
43 37
21 40
23 43
48 20
11 8
45 23
16 32
28 8
29 31
23 39
18 36
35 40
13 19
28 19
36 19
37 31
42 4
14 20
12 43
2 36
32 21
22 18
12 47
17 25
16 4
10 26
14 39
45 34
17 35
4 3
35 47
7 49
18 19
43 21
5 26
43 28
25 12
30 42
16 41
18 31
31 13
16 48
49 32
1 4
1 43
36 20
13 29
5 35
47 49
40 23
12 21
13 33
10 44
47 27
43 47
9 44
1 45
31 3
39 17
23 2
47 15
21 2
0 19
12 7
43 25
41 4
20 39
36 40
8 37
36 39
40 25
7 14
28 4
30 0
7 31
19 9
22 11
24 34
21 30
49 2
43 2
24 30
42 15
5 0
29 34
5 10
41 3
14 46
48 33
14 9
40 44
38 34
30 32
12 30
30 49
2 35
47 1
40 19
16 14
39 30
23 33
27 4
17 46
31 20
6 29
49 8
2 16
22 41
24 12
17 9
9 4
46 22
3 13
4 21
28 48
22 21
45 22
38 2
39 34
47 8
18 26
18 14
27 3
32 2
38 28
24 18
26 12
20 15
47 18
30 44
27 46
9 45
23 28
10 21
0 38
24 44
26 14
8 20
39 33
38 15
46 9
31 43
27 11
38 5
1 31
26 11
49 28
21 25
31 24
12 40
45 2
23 34
43 49
11 1
26 20
49 27
2 26
3 38
34 25
14 27
26 46
36 48
41 10
32 9
30 25
8 43
46 20
0 42
48 24
28 33
49 42
11 25
38 14
14 25
14 15
19 23
9 16
44 4
49 40
45 8
0 21
35 34
14 47
40 0
16 11
28 26
28 22
30 18
7 30
8 35
1 38
11 46
40 47
43 11
36 29
46 1
27 36
2 19
41 19
30 20
42 26
27 0
6 35
3 21
18 13
6 5
42 2
6 19
39 9
38 30
0 23
0 6
37 46
13 6
21 11
27 10
42 5
29 9
15 30
36 8
25 37
20 13
33 34
3 30
44 26
48 15
31 5
22 10
40 30
40 27
37 48
33 45
13 36
26 7
29 32
43 19
11 33
10 38
2 39
1 40
7 0
32 20
25 5
21 26
3 1
35 28
17 45
16 20
34 17
44 20
47 2
20 29
23 46
45 31
33 27
5 30
0 49
33 16
36 45
26 34
30 9
28 16
24 42
38 25
42 27
37 14
31 19
2 0
45 12
41 18
28 39
49 39
5 7
20 43
33 12
21 20
27 35
41 8
4 43
18 15
9 38
21 37
48 32
23 9
18 38
8 27
28 7
30 6
45 11
26 22
32 3
34 30
36 3
0 12
41 44
43 9
32 1
36 21
29 46
30 13
16 23
26 43
25 27
10 16
26 4
6 12
26 23
27 6
20 49
25 6
29 12
40 6
38 32
33 49
48 5
3 25
38 36
33 15
42 3
10 30
16 15
13 10
10 42
1 13
18 11
48 7
11 36
9 21
17 33
19 32
25 41
44 38
34 11
47 0
7 27
14 45
40 31
29 41
10 4
37 35
46 31
23 48
19 7
43 35
0 41
36 5
33 22
18 3
3 5
40 15
13 42
43 15
6 45
39 32
32 0
23 35
8 48
41 31
45 35
47 5
29 4
0 28
48 40
11 14
0 31
17 3
16 43
49 24
42 9
46 33
18 39
26 41
38 37
6 31
37 27
40 41
23 31
40 14
30 16
4 12
0 33
13 5
7 16
9 37
37 7
18 32
40 8
13 11
40 3
40 24
16 24
6 32
3 34
39 16
45 30
19 20
1 39
13 46
33 21
4 40
14 32
12 13
11 20
11 15
45 20
12 10
3 6
19 15
30 35
40 9
48 19
48 21
34 28
44 15
0 39
18 35
45 49
15 6
15 26
42 35
1 37
27 28
47 31
16 44
6 7
43 7
43 18
49 19
12 17
41 27
5 22
37 42
33 1
23 20
6 22
10 15
43 42
27 26
4 38
8 6
10 20
3 2
2 13
17 16
24 22
1 18
14 28
44 8
19 10
22 15
18 23
30 43
29 39
19 4
22 25
49 17
34 18
10 17
22 2
46 21
47 6
1 17
39 37
6 28
18 5
27 29
3 28
39 47
41 15
43 39
6 33
17 47
21 38
44 25
19 17
26 1
27 18
34 0
2 40
29 24
14 24
6 16
35 10
3 19
11 12
26 6
11 35
36 6
30 27
34 22
0 10
33 37
34 44
12 44
5 39
17 29
9 28
24 0
18 37
32 45
14 29
36 31
2 9
46 16
44 33
6 49
37 40
27 19
11 32
13 14
42 17
33 7
44 28
49 3
44 43
37 47
39 10
15 1
15 35
20 37
19 46
0 36
4 18
44 22
7 9
22 31
39 42
1 48
42 18
25 47
24 36
11 3
20 6
32 15
37 17
37 16
6 11
2 17
7 41
34 13
34 7
8 21
21 6
20 25
33 35
25 7
49 48
13 8
14 36
19 11
45 29
22 38
17 0
33 31
36 7
10 31
8 42
41 47
2 27
22 20
2 14
4 24
10 34
4 7
9 13
44 31
34 8
43 5
49 34
43 32
11 40
43 13
47 4
24 19
2 33
24 26
32 5
15 46
20 9
30 28
14 31
32 26
37 29
28 2
45 41
18 2
49 4
7 38
1 28
17 20
30 1
4 30
40 29
39 8
18 29
22 49
40 28
12 15
47 7
28 29
26 9
19 30
8 19
40 16
45 7
35 3
20 5
40 39
44 32
35 19
32 12
18 10
10 49
23 42
2 48
3 47
16 31
12 37
43 41
0 20
17 41
36 17
20 34
22 42
44 17
15 8
10 32
17 21
16 1
24 21
25 10
17 22
23 41
8 1
36 12
42 7
36 15
21 28
46 38
30 22
29 38
38 49
31 17
4 5
14 43
4 48
8 32
22 40
0 11
46 34
1 35
1 34
32 24
32 35
6 1
33 4
14 4
13 47
49 5
19 34
48 25
35 13
25 42
15 13
15 27
19 26
3 8
36 30
19 1
5 11
42 47
13 45
22 27
35 49
40 43
47 19
1 25
16 21
41 38
43 22
36 47
37 26
2 11
45 19
22 36
8 33
35 0
11 47
18 0
10 45
19 39
46 39
32 13
3 48
6 14
9 49
13 27
26 45
26 31
37 2
23 44
34 37
41 13
42 16
18 48
24 45
37 11
35 20
12 9
41 24
39 38
4 15
49 41
34 15
16 47
37 13
14 19
2 7
41 20
17 11
25 46
12 23
40 7
31 32
31 30
35 29
4 23
29 33
40 13
44 48
4 39
26 48
23 5
2 5
18 8
34 32
24 33
26 25
13 38
33 32
46 18
15 23
39 35
12 31
15 0
21 42
19 38
17 38
18 7
16 25
9 31
42 20
49 46
12 16
42 36
1 27
23 37
8 2
19 37
35 25
25 8
35 12
11 7
8 10
36 28
25 0
16 19
24 8
35 16
16 8
8 4
24 46
30 26
26 38
38 35
7 29
43 33
19 12
23 6
12 22
40 20
39 26
47 44
8 30
4 31
42 28
42 38
16 34
7 17
14 17
47 46
43 17
45 0
39 6
9 18
29 21
17 48
46 7
8 46
2 25
24 39
24 37
36 32
49 16
37 45
18 21
6 37
39 44
14 34
6 9
16 38
22 29
47 9
12 2
42 33
10 28
28 46
36 25
29 0
37 44
0 22
31 21
38 40
23 38
24 7
38 33
4 13
9 24
2 44
4 20
41 30
27 34
6 48
0 26
42 46
29 10
1 7
46 48
15 39
1 44
38 24
49 29
0 3
22 37
8 29
37 49
25 9
34 40
13 16
34 2
45 48
0 9
6 38
36 33
3 22
27 32
36 1
35 9
32 7
41 12
3 14
12 38
49 36
24 13
14 30
4 6
49 14
22 19
49 13
42 31
8 22
10 46
41 6
35 21
44 46
35 4
3 29
45 38
15 25
48 39
8 12
24 10
38 43
25 33
2 20
31 8
11 29
26 35
40 5
21 45
10 7
43 6
0 1
28 12
16 45
46 6
34 43
28 24
49 18
11 23
22 1
26 13
20 38
11 41
3 7
9 11
47 45
41 48
34 47
41 37
44 0
16 5
25 4
25 24
21 41
1 14
38 31
39 25
16 29
2 30
