50 600
0
1
2
3
4
5
6
7
8
9
10
11
12
13
14
15
16
17
18
19
20
21
22
23
24
25
26
27
28
29
30
31
32
33
34
35
36
37
38
39
40
41
42
43
44
45
46
47
48
49
13 45
16 39
15 6
48 30
3 10
12 16
15 16
20 22
42 3
44 20
12 4
37 38
16 22
23 11
12 35
12 26
31 29
16 46
36 14
27 39
25 39
6 40
6 26
13 49
30 8
19 43
12 7
32 29
30 5
40 42
40 3
19 21
32 35
0 45
8 25
35 14
16 41
41 29
40 21
37 10
15 49
17 47
29 47
2 19
40 43
23 10
14 5
45 33
24 46
28 32
21 13
47 37
5 38
17 45
10 4
6 25
4 23
22 33
21 25
3 12
18 26
32 18
16 6
14 45
39 35
8 37
23 14
25 40
10 36
44 16
11 49
40 34
32 11
9 36
23 28
12 46
11 45
14 27
2 28
22 41
14 31
28 37
45 4
27 6
40 22
22 2
21 12
37 4
40 48
25 3
44 36
48 9
14 0
37 36
42 1
18 21
38 14
25 16
20 16
38 43
19 10
3 4
29 28
8 24
14 6
34 28
7 21
23 34
20 12
48 46
28 19
13 17
12 32
27 19
38 41
0 42
46 30
20 4
4 35
11 38
14 18
10 30
18 33
35 24
33 48
41 46
30 18
15 19
10 15
11 6
45 32
11 0
18 22
39 33
41 0
13 9
48 29
42 33
4 25
31 45
22 12
13 37
32 24
3 43
30 49
26 41
49 45
14 39
28 5
40 41
15 24
20 13
47 8
37 29
41 17
47 24
17 22
0 44
39 29
39 17
35 30
9 0
4 29
14 8
41 11
17 29
41 21
7 30
38 25
3 38
19 18
38 9
47 28
27 32
8 36
33 12
16 47
21 8
8 38
37 49
9 27
32 48
15 39
29 3
14 33
42 34
1 30
43 48
9 20
31 17
7 14
30 23
11 2
31 20
40 19
20 0
47 3
49 12
43 28
16 8
12 8
42 13
39 36
12 48
7 44
16 14
37 20
0 19
41 35
14 40
47 7
19 14
16 31
22 8
44 12
45 7
10 2
1 27
16 10
30 25
23 21
32 7
48 45
5 17
9 21
49 32
30 44
44 25
1 5
27 3
33 44
13 8
49 43
34 22
15 1
34 48
9 32
28 1
22 24
20 3
29 20
20 7
23 3
1 36
12 0
23 45
43 6
41 39
40 39
14 28
16 33
43 46
3 13
17 4
13 29
5 44
26 29
39 24
37 33
30 28
22 45
48 13
35 6
26 49
35 43
33 28
40 37
42 43
14 9
39 3
22 15
39 20
45 20
49 18
32 1
4 9
1 40
2 34
18 42
21 11
21 34
14 10
26 20
49 16
40 45
14 2
37 46
4 42
32 8
1 12
12 37
44 9
29 0
36 20
46 23
9 10
26 47
40 12
36 22
21 27
23 22
10 38
20 32
1 14
41 2
35 21
3 22
41 49
46 1
10 22
31 40
17 35
45 42
18 46
7 10
31 2
24 13
31 37
28 24
15 45
10 40
2 32
25 45
5 43
26 36
46 42
9 49
4 33
12 38
6 4
44 22
0 4
12 2
37 39
34 44
45 39
38 22
26 34
34 18
19 46
7 26
41 34
46 32
22 42
46 6
37 41
46 25
13 22
10 28
8 44
41 4
4 32
39 1
43 0
18 39
33 11
23 6
3 19
12 41
11 9
31 27
22 0
18 13
5 23
46 45
25 27
23 18
28 42
3 31
18 7
40 15
37 22
42 41
12 15
42 30
28 48
43 29
3 17
48 31
9 6
43 12
34 39
5 26
41 24
48 20
33 30
30 43
36 24
6 24
13 28
11 29
5 16
6 37
35 15
0 17
14 34
47 45
27 34
19 33
9 5
34 5
38 46
32 47
29 7
27 15
32 37
12 30
33 40
15 3
9 34
47 43
40 36
15 13
49 4
6 29
12 34
44 35
13 27
23 26
8 7
16 23
10 41
47 19
26 45
13 16
6 7
17 30
10 31
8 34
7 17
40 2
15 38
21 42
34 35
8 15
38 0
28 44
7 4
44 4
43 31
33 34
22 5
22 29
35 1
23 42
5 24
12 42
11 7
5 3
26 48
34 45
29 5
12 14
40 35
43 25
36 17
34 4
38 31
33 1
7 16
26 31
21 39
46 11
7 5
36 38
4 24
20 38
25 35
27 29
30 13
7 1
2 42
33 6
16 4
39 23
21 16
16 11
27 26
23 32
32 41
44 27
36 6
35 9
42 39
33 17
30 16
9 45
47 10
36 43
5 36
9 41
42 9
5 25
30 40
34 13
3 33
49 3
8 43
45 18
29 24
34 0
47 39
37 43
13 32
35 36
6 31
25 33
5 48
15 33
45 3
21 22
8 23
38 13
19 13
26 2
16 24
21 31
7 0
10 25
14 15
4 36
37 21
44 32
45 6
3 26
25 31
6 13
36 21
28 41
13 7
33 23
21 29
2 39
18 5
16 34
7 3
42 14
35 46
40 29
9 29
19 6
41 48
11 1
4 19
4 46
25 19
13 31
29 8
38 6
28 26
42 20
24 3
22 26
49 1
25 17
48 38
47 5
48 36
20 47
2 45
1 24
1 0
30 0
18 0
35 48
10 24
25 48
10 26
33 32
3 11
17 12
40 20
19 29
25 24
15 43
36 19
4 47
45 37
29 49
49 47
11 24
49 36
5 39
15 26
42 29
18 17
3 36
29 10
31 15
30 36
13 25
25 23
23 2
15 44
24 26
8 6
14 21
32 38
44 10
44 18
