20 100
0
1
2
3
4
5
6
7
8
9
10
11
12
13
14
15
16
17
18
19
18 12
4 18
16 7
8 1
3 12
13 12
5 13
4 19
5 8
12 14
19 10
17 19
2 1
3 16
9 10
0 8
3 5
6 19
1 15
6 15
8 11
8 12
11 14
1 4
9 1
14 6
0 17
8 4
13 17
15 14
6 18
19 12
18 11
7 0
7 14
6 4
8 17
18 9
1 7
10 16
14 10
13 2
15 7
0 10
1 6
9 0
19 7
12 6
6 3
12 7
13 3
3 7
4 10
19 5
16 8
6 16
16 18
3 4
17 4
11 13
15 17
19 8
4 12
11 7
5 9
14 9
19 14
2 0
19 15
3 17
9 11
8 3
15 5
0 15
11 6
4 5
15 3
19 3
2 10
6 5
7 6
2 17
19 18
13 14
6 17
19 1
0 19
11 0
11 5
13 18
17 1
5 0
7 8
6 0
17 14
14 18
14 5
18 17
8 10
8 13