793
01001000000100100000
00010000000001000000
10001000000000000100
01011001000110000000
10100001000100000101
00000001010000110000
01000011110100000101
00110110100000000000
00001101111010000100
00000100100110010000
10001110111110101000
11001110110100010000
11100111111011000000
10001110111110000001
11001111110100000010
00001100110000100100
00011100000000000000
00100110000010001000
10100010000001000000
00000001000000110100
00100101000001000100
00001001100110100000
00000001100001000000
00000000001000000000
00010000111000000000
10001001000010000010
00010111100100000010
00001111101010001001
11001101001110010000
00000010110110110000
00000100101110000000
00001110110100000010
00011111001100000000
00011111101110000000
00001111011110000000
00101000010010000000
00001100010001010000
01000111000000011000
00000011000000000001
00000000000000010000
10000000100000101000
00000010000010000011
10001110000010000100
00000100000000010001
00010000000000000000
00100000010000000000
00100010100110011101
00111001101110111001
10101001111110100010
00001100100011000000
01001000000100000100
01011110110110000010
11111010111110000101
00011011101110010000
01001111111100000000
00010100010010010100
00001100010110100000
01001010000100000001
10000000000000100000
00100001000100000010
01000000000010000100
00100001000101000001
10010000100010000100
01000111010000001001
00000000000000010000
00100010000010010000
10010101100000110000
00001101111110110000
00001101111111100100
10001110110000010000
01001100110010100000
00001111110100110000
00001011110111100010
00001101111110100000
01001011110101010011
01001100110010100000
00001110000010100010
01010010000000000101
11000000110000000001
00010100000010000000
10000000000001000001
01000010001000000000
01000000000000100000
00000000000000000001
01000000000000000001
01000011110100000011
00001111101110000101
00001011101110000010
00001100110100000000
00001000010110010000
00010100100110101000
00011110111011001000
00101111111100010001
00001100010100001001
10001100000011000000
00110100000000001011
10000011000000100000
00010000000000000100
10000000000001000000
00000001000101110000
00001000010000100000
00000000000000000100
00010000000001001011
00000000000100001010
00001111100100000010
00001111100010101000
00001101010111010010
00001111110110001000
00001100110110000000
01000001110110000100
00001111001110000001
11001110110110100011
00000011111100000000
00001100000100000000
00001001000000100000
00001000100001100001
00000000011001000100
10000001000010110000
00100000000000110001
00000000001000000001
10010001000010010000
01011000010000000011
00100001000000100100
10000010000000000000
10010011100100011010
00101111101010000000
10000111011110000001
00001100110110000000
00011100000001100000
01011110111110100000
01001011111110000000
00000111111101000101
00011111101100001100
01100100010000010000
01011110100000101000
11000001100000000000
01010100000100000001
00100010111000010000
10100001111000100001
00100000000000000100
00000000000000000000
00100000010000000000
00000010001000100000
10100001000001100100
00001000010000000010
10001000100000000001
10000101101110100010
10001001111110100010
01001110010110000100
00101100110110000000
10101110110110000101
10001111101110010010
00001111111110000010
00100111111110000000
10011100000000010000
00001100100011001100
00000001101001000000
00000000000000000001
00100000100000000001
00000100001010011111
01000000100000000000
10001000010001010000
10010000010000001000
00000010000000100000
00010000001001000000
10000011100101000100
10001011101111000011
10111100110110010000
01001110110110100010
00001100110100000010
01001010110110010001
00011111110100000000
01001111001100001100
01001111110100100001
01001000101000001001
00101100000000000000
00001100010000000010
00000000000000000010
00100000000010110000
00010001010001010000
01000010000001000000
00010000010111100000
00100000010100000000
00001100001000000000
10000001100100100000
00000000111000000000
01000111100100000010
00101111101110100000
00010101101110000001
00001000110100000010
00101110010010100001
01101110110100000001
00000011101110000010
00001011010110100000
10001101010100010000
00001100010001100100
10001110000000101000
10010000000000100000
00001000001000010100
00000000001010101000
00000001000000100000
00001000000100000001
00000000100000100000
00010010000001010001
10000100000000010010
00000111101100000100
10010111100101010001
00000101110111110001
00001110111110001100
11011100010110000000
00001100010110001010
00001111101110000001
00110111011110000001
00101011111100001101
11001001001000000100
00101000000000001110
10000100100000000011
00000101010000010000
00001000010100000001
00000000010000100000
00101000001000100100
00100000000100100100
00010010011011100000
00010100010010000000
00100001000010110000
11001010000000111000
00101111001101000000
00001100111110010010
10000101110010100000
00011100110110000100
01001100110110000010
00011111111100101110
00111111111110000010
00101111110100100110
00001000000010000001
00001101011010010100
00001010000001000100
10001010000001000000
01000000000000000000
00001000010010010001
00000000000001100000
10100000000000100000
01000100000001000011
00010001100101000100
00011111010100100000
01001111001010000010
01001000001010100000
01001101100110000110
10000110100010010100
00000110110110011010
00001111111110001000
00001111111110100010
11011101111100010100
00011000000011000000
00011100101001000000
10000001000100000000
00001100010000010000
00000000000000001000
10010000000010000110
00010000100001110000
00000000000000000000
00100000010000010001
00010001110100000000
01001100000100111000
00001110000000110100
00001111111101111000
10001111111111111010
00111001010010000000
00000100010110001010
00001100100010000000
01000110000011010001
00001000011110110000
00000100111111100010
10100111011101010000
00001011111010100100
00000100100000100001
00000000000000110000
00000001000000010001
00100100000101000000
01000000000000001100
01000100011000100000
00000001000001000000
00000000000101101001
01001100000110101000
00101100010000111100
10000111111111110000
01111100111110111000
00001110001100000100
00100100000110100001
01101100100110000110
01001100000110100000
10001100001110000011
00000000011101000011
01001011111100000000
00000011011110000000
00011000100000000000
10100000001100011110
00010000001000010000
00000110001010011010
01000000000001000001
00000100000100000000
00010010010000001100
01000011011000010000
01100100000000111001
10001110000001110000
00101111111111111000
00001111110111011000
00001110001110000001
00011101000100000100
00001110000110000000
01101001001110000000
00001100001110100010
00100100011100010011
10101101101100000011
00001001000000000000
00010110010100000000
00000100000100000011
00010000001001101110
11000000100100001000
01000000010000000000
00000000010101010100
00000000100001100000
00011101001000111001
10001100101001111000
00001011111111011110
01011101011111110000
00001110001100000000
00001100000111000000
00001110000111000100
01001100000100000010
01001001100100000000
01011101001110000001
00000111111100110000
00001001101100000100
01001001000100000000
00010000000011000000
00010000000001001010
10010010111000010101
10011001101000001100
00100000000010000000
01000001100000010000
01000101000000000010
10011110100010000101
00000100000010011001
00100000010100111101
10001110111101101000
10111101010111111100
00001100101110010000
01001000000111001000
00001101000111000100
00001100011110000000
00100000000011001000
00001110001100000000
00000111011100001000
01000011000000000000
01001010000000000100
10101000000001110010
01000000010101000001
10000010001100000011
01000001000000000001
00100001011010000000
00000010111000000001
00100001000000101000
00101100010000010001
00011100000000111010
00100110111101111100
00001111111101111000
00001111111110100000
00010100000110100000
00011100010110110000
00101000010110001010
01101110011110000100
00000111101100000000
00010011111100001000
10000011011000000000
10010000000001000000
01000001001000101100
00010000011100010001
10000000001000000011
00001000000000000110
10000100000001100001
00000000111000101000
10100010000000000000
10101110100000110101
01001100000000110001
10011110011111111000
10001111111011111110
10001100101111000000
10001101110110000000
00001110101110000101
00101100110110011000
10001100001110000100
10011110001100001000
00001111111100011100
00000000111001010000
11000001000000110100
00000010000000000011
00000000010001000000
00001001001100010000
00000000000000000000
00110100010010000011
00000000100100010010
00001000000000010001
00001110010011101000
10001100101100111000
00000101101011111000
00101111001101111000
10001110101110000000
10001101000110001000
00001000100111000000
01001000111110000100
01001000101010110000
11000110001100010001
00100101111101000001
10010000110000000000
10100010100001010100
00000010000000000010
01010000000101000000
01000000010000000000
10000000000001100000
00110001000000000011
11101000000010000000
00001000100000000001
01000000000010111001
00101001000100011000
01001101101100111000
00111100001110001000
00001000010110000111
00000101000000000000
00010100000000000000
00001001001010110000
00010110101101001001
01001111011101011100
01101011011100100000
10000010000000000011
00000010001000000110
00010000000110001001
00000011100001000000
00010000001110000001
01101000100100010000
01001000001000001001
00100101010000001101
00101110100100101100
00001000000100110100
00001111110101111000
00001110100101101010
00001000001010110010
11000111100100110010
11001100000010100001
00111000000010000000
10001010000000010000
00100110001100100001
00000110111110000000
00000111111001000000
10000010010000000010
01000000000010100000
01001100000000000000
01101001000000000000
00000000010000100000
00011101011000000001
01000000010010000000
11010000100000000000
00000100000000111010
00011100000001011001
00001111111110110100
00101110101101111000
00000110000100000001
00101110010111110001
00011110010100000000
00000100000100100000
00001100010110111010
00100010001110000000
01000110111100000000
01000101110001001010
00000001111001000100
00000011110100000000
00010100000000000000
10101000001001010001
00100000000000001000
01001000000000001111
00000001000100000000
00001010010100000000
10000010100100000000
00001100000001110000
00011100000010111000
01011110101111011000
00101001111111100000
00001110001110000000
10000100001110000001
00001100000010000001
00011100100110000000
00101110101111010000
00001100100100000000
00000111111100100001
01000011011011011000
00100101000000000100
00010000000000000000
00000000011000000000
01001010001000000000
10000001000000000001
11000000000000001010
01010010000110100100
01000011000000010000
00001100000000110100
00110000001000001000
01001101011101011001
10001111011111111000
00001110011110000001
00001110001011000000
00101100000101010011
00001100001110000000
00011100000110000000
00011100011100100000
01000110000010010100
10000111111101001111
00000011111000100000
01010001000100010000
10000000000000101000
00010001000000010000
00000000010000000110
01000011010000001000
00001000000100000000
00000000000000000110
00011000100000000000
01000001000001000100
00010011111110000010
10010101111100001011
11001110001111101000
00000100000110000000
00001100001111001010
01001101000110000000
00011100001110000000
00001110001010001100
01100110011110101001
00000100011110101010
00000000011000001001
00001001001001000000
10000100000001000100
10001100000101101000
01000000000000000000
00000010000100000000
00001000000011000001
10000000001000000001
00000001100000001001
00000000100001001000
01000011110001000000
00001111110100110000
00001111011110100010
01011100101110010000
00010100100110000000
00001101000110000010
10000110101010000010
10010000011110000000
10010101011110101100
01000010000100010000
00000000000000001100
01000000001000111000
11001000000001100100
00001000000100000000
00011010100001001000
00001000000011000001
01010000000100000000
01010000110110010001
10001001100101000010
00000010011000000010
01110011111110000101
00101100001101001010
00001110000110100000
00100100110010001000
00011000000101000000
00111100001111111000
00101110010110000000
00000110010011000010
00000100111001000010
00010000000000000010
00100000000001100010
10000010000000000001
00000100000100000100
00001001100000000010
00110010001001000000
00000010101011110010
00000010000000000000
00000000001110010010
00000100000001100001
00000000100000000000
01000001110000000000
00000111111100000100
00010111101110100000
10001010011100011000
01001110000110000000
00100100001100000010
01101000000111000011
10000110111110000000
00100110001110011000
00000101101110001000
00000000000000000000
01000010001010000000
01000100011000000000
10001100000000010001
00100100010011000001
00000001001100000011
10100000000001000110
10000000010100000100
10000000001100000100
00100110011000010100
10010011111010100011
00100010111110001000
00001111001110000000
00001010000010000000
00101000000110001010
00001010000011001100
00001100000110000000
01001110000110010100
00000110001110100010
10000100010100100100
11000100000000000000
00110000010010110000
00010000011000000000
00000010000100000010
00001100110000000010
00001000100001000000
00001000010010010010
00000010001001110100
01100000000001001000
00010010000000000000
00000011111000001001
00100111111010000000
10011100001110110010
00101100000110000000
10101100000011010000
00101100000110000000
10011100100111000000
00101110011110001000
00000100111000100000
00001110000000001000
01000000000000000000
00000000000100010000
00011000000000001000
01100000001100001001
00000010100000000000
00111100000000000000
00100000000000000110
01000000000010011000
00000000000010010010
00100011011010001100
00100111011110000100
00000110100011101010
00000100101101100000
00001100000010000000
00000100100100000001
01000100011110000000
00101110111100000101
00001100000110010000
11100000001011101000
00110100010000001000
01010000000010000110
00001000100000100000
00001101011000010100
01111000000000000010
10000000100110010000
00100010000000000000
10000000000001000001
00000000100010000010
01010001010000001110
00000011111010101000
00010111111111010000
00001110001110110000
00010100000110000000
01001100000110100100
00001110001110010010
00000100000111100101
00001110011111000001
00010111011110000011
00000100111010010101
00000000010011000000
00101000000100000010
00000101000000010001
10001000010000000001
00100000000101101010
00000010111010000000
00010000100001000010
00010100000000000000
01100000101000000100
00000100010000000000
00010001110000000000
00000111111100000000
00000110010111000001
00001100000110000010
10011100000110010001
00001110000110010001
00101010001110000000
10000100011110000011
00100100011010000100
10000000000000001000
00010000001001100000
00000001001110000000
01010100100000010010
00010000010001001110
00100000100010010001
00000000000000000001
00001000100000000000
00010000000000100010
01001000000101010101
01000011110010100000
00000011111101000000
00001110011010000000
01100100010110001001
00001101001010010000
11101000111111000000
00001100010111100000
10001110001110000000
10000100000111011010
00010000011110000000
00000100000101000101
00011001010101100000
01000001000101010100
10010011000000101000
10001000011100100000
00000000000010000000
00000010000000011100
00100010000000000000
00000010000000011000
10000011100000100100
00000111111101101000
00001100011010000110
00001000100110100101
00101110100111100001
00011101110110010011
00000110011110001000
10000110011110000000
00000101010110000100
01101000000000000010
01000100000000000000
01100101000100000000
01000001010011100000
11000000000010000000
10000101000000010000
01000000100001011100
01000000000010000011
00100000011100001000
11000100000100000000
00000011111000010000
01000101011100010000
00001110100100000100
10000100000110000100
00001111101010000010
01001100000110000000
00001100000110100000
00101111101010010000
10000110011110011110
00000110000111001100
00000010000000010000
00000000000011000000
00010000001001001000
00000000000001100010
10000000010000010010
00100000000110000101
10000100000000001000
00000000011000100000
10000000000100001000
00010111011100000000
01000111111000000000
00001110001110000000
00001100000111000000
00001110000110000000
10001100111100001000
00001000010010000100
11001110010110110100
11000110101000100001
00000010011110001001
01001011000000101000
00010001000100000000
00001100000000100001
00000110000000110000
00010000000000000000
00000000000010100001
00000001001010000011
00000000011010001110
00010000100000010000
00000010110000000001
00010011111101000000
00111110001010000110
00001100000110000000
10001100100000000000
11001100000110001000
00000110000110010001
11001011001101000100
10000110010000000110
00100101010010000011
01001000100000001010
00011000110000011110
00000000000000000100
10101000000000000001
