1136
00000000101000000000
00000010100000000110
00100000100000101001
00000000000000100000
01100000000010010000
10001001000010000010
11100000000100000100
00100000000100010001
01001000010000011000
11000010001000000100
00000001000000000000
00000001000000000010
00000110100000000000
11000000001010010101
00110100000001000000
10000000000000010000
10001100010010000001
00100000100000011001
00000001000100000000
00010000100000000001
10000000101000001101
00100100100100000000
10001000100000000101
00010110000000100000
10011001000000000100
00100010000000100011
01111000000111000000
11110000110100110000
11110000000110001000
00000010000110100010
01110010000100111000
00111111101111101000
10011111111010111011
10000001000001000010
01010000011000010000
01001110000000000011
10010000010100100000
01010011100001000000
00010000100000000000
00010000010000001101
00000101000101000000
01101010000000110000
00110000001001000001
00000100100000000000
00001011000000000000
00001100000010000000
10101110001110000000
00001101011100000000
01001011110110101000
01010001101010100000
00000000100000010010
11111111000100000000
00101010001100100010
00001100000000010000
01001100000100000001
00001100100001000001
10101001110101000000
00100000000101010000
00001000110001010010
00010010000001000000
00100000000000010001
10100000000000010001
00000000000000001000
00001100000101111000
01001100000000011010
00011100111011011011
00011111010010111101
10001110001111000100
00001100100100100000
00001100000110000010
10001111101000100000
01001111111100011000
00000100000000000000
00011110001000000010
00000000000110100000
00010001001001000000
00100000000011011001
00100010000010000000
01000101100011000000
00111000010110100100
00000000000100000001
00010100000000000000
00011100000100101000
01001000001000110110
01001110110011111100
10001011111110111000
00011001000110001000
00101100011010000000
00000100001110010001
00010100010110000001
00000110000101001101
00101111001110000000
00000110001100000000
00000111111100011010
01100011111111000100
01010000000000100100
10000000000000111010
01000001000001000100
00100111000011000000
00100010000100010001
00000000000000000000
00000001110000001001
01010000000011000010
01000100001000000000
00010000000010100000
01100010100110000001
11100000110111000001
01100000000110101100
01100000000110100010
01100000001111111000
00111100111110111000
11011101111110101001
00001000000001000000
00000001000110000000
00011000010000101111
00000100000000001100
00000110000001110000
00000010000100100000
00000101010001001010
00010100101100000010
00000000110000101000
00000000001011000000
00000001010001000000
01001100000000111100
00001100000000010100
10001110110101100001
00001100011011110000
01001000011100000000
00001000000100001110
00001100000110100001
01001100100100000001
00000110111110000000
00001111111100100100
00001110000000001110
00001000000101000000
00000000000000100000
11000000000000000100
10000001001000000000
00100000100001000000
00001010001010010010
00010010000001000000
00000000010000000000
01100000000100000011
00001100000010101000
01100100100010111000
01001110011111011010
01001111010010110000
01000100001110000001
10001100000110100010
00011101000111100000
01001000000110000010
00111100101110100010
10000110000100000000
01010011111101100000
01000111011000000010
00100000000100000000
10000000011000000001
01000010000000001001
00001100101000001000
00010000001100000000
00000000000000100011
00000000000001010000
01000011100110000000
00000100111100000101
00000111100000101110
00001111101011000000
00001111110100000000
00000011111000011000
00000011111100010100
00000101100000000101
10001101101110001000
00000101111110000100
10011000111111010000
00000010000100001000
10101000010010000000
00000000000000000100
00000000000000000000
00000001011011000001
00000000001000000010
10000001010110000000
01000001000000000011
00101011000000000010
10000011111000000001
10000111111100100000
00001110111100000000
00000110110110010000
10001100010000001000
00101100110110001100
00001000110101011001
01001100111110001001
00001111011100100010
10000110001100100000
00110000000001100001
00000000000010000100
01000000010001000100
01001100000000010000
00010000001100010000
10000100000000000000
11001000000001011001
01000100000010001100
00000000000010000001
00100100010000100000
00011100010110000000
10001100001100000000
00011111110110101010
00000111111110100010
10101100011100000001
00010100000000001000
00001100111110000011
00101000000110000001
00001001100110000000
00100000000110110000
00001000100001000000
00001010000010000000
00001000000001010100
00001111000010010000
00000100000010010000
00001000100001000001
10110001000000000001
00000001010000001001
00001110110100000000
00111000001110000000
00001001010110000001
00001111111111110000
00001111111100111100
01011100000110011000
00001100000110101110
00000100100110111010
00001100000010100000
00000010000000010001
01101010010001000100
00000010000000010001
00000100001000000000
00000000100000100100
10000000000100010110
00001011000001000001
10000000000010000000
00100001110010010001
01000000001001000000
10000000000000000000
10001000000000000000
00001110001110000100
00001000000110100100
00010100100111011000
10001111011110011000
00001010110110101000
00011000000010110000
00001100000001000010
00011100001000101000
01000000110000001000
10011101000001101001
00111000100010000001
10101100000001001001
00000100100000000000
00000000010010010000
00000100110000010010
00001000000010100000
01000000000000000000
10000010000000100000
00000001000010001000
01100001000000110000
00011110001100000010
00000001000000000010
00000000000010000000
00000000100000010000
10001110101001010010
00000000010100000011
00010000010000010010
10000001000010000000
00010001010000000000
10010001001000000100
00000100001000010000
00000000010001010000
11000010000000000001
00000000000111000100
01000000001110000000
10010001101110000100
01000000000100101010
00010000000000000000
00100000000100000000
00000000101000000101
01101100100111000000
11011100000110001010
10001011111110000010
00001111110101101000
00110101111101011011
00001100001100000000
00011100011110000010
00011000000010011001
00001000001111000000
00000000011101000001
00000001000010000000
00110010100000001011
01000000001000011100
00100001010000100000
01101000000100101001
01010100000000000010
00000000110000000001
10000000000100010000
00000100110000100000
01000100111000000000
00100101111101001010
10001100111100101101
00001110101010001100
10001100110110110101
00000111110110000100
00101000110111000000
01001010111111001000
00001100011100010000
00010110111110110000
00000010000101000000
00001000011100111000
00010000001010001000
00000000010100000000
01101000000000000100
00000000000000100001
00001001000000010000
00000100000000000110
01000000000110000001
00011100001010001000
00001100010101101010
01001111011011110000
00111001111101111000
10001111001110000100
00111100000111000001
00001100010110001000
01001110000000101000
10001000001000000000
00000110001100010000
10001111111101000000
00010001011000100000
11010010100000000001
00000001011000010000
10000000011000100100
00101001010010101010
01000001000000000000
00100100010001010100
11100000000011100001
10100000001000000100
00000010001101000101
00001000011100000000
00001100000000001001
01000111111101100000
00011111110111101001
00101000001000010001
00101010001100011010
10001111100110111000
01001110100110110100
00000000001000000000
00010000000000001011
00101000000000000000
10100000010000010000
00001000011000010000
10000000010100100001
00000001000010000010
00000101111010100000
01000101000000000011
00001100000000111100
10100011011110000000
00000100111010001000
00011110110100001100
00100110101110011000
00000100110111000000
00011110010110011100
00111110111110100100
10000110111110000001
00000101111000000101
00011000000000000010
00001100100000000000
10000000000011010000
00010000000001110010
00000000000001011100
01000001000000000000
00100000000000000000
01011011000000001101
01000101100010000011
00000000000001000100
10111100010110100000
10101111000100000100
00001011011100000000
00001111011100001000
00001101000010011010
00101010001110000100
00001100100110100000
00101001001100010000
10001000001110000001
00001110101000011001
00110000001100001000
00000000001000010000
00000101000000000100
00000100010000100000
00101001000000000100
10000000011001001100
01000000000001000000
10000000111000000000
10010000000101100000
00100000000011010000
00000010100000100010
00110001000000110000
00000010010000000001
00000100000000000100
00000000000010101000
00000100000000011010
00100001000000000010
00000000000010010000
10000100111000111001
11001000001010000010
10000000000110100101
00101000000001000000
01000000000100101000
01000100000000000000
00010110010100000000
00000110110000000000
01010000100000000110
01101000001101001000
01100110000001000010
00100010010000000101
01100000000110100101
01000000000010000010
01100000100110000000
01100010101111100001
00110001011000011000
10111110111110111000
00011111111110100100
00000000000001100000
00110000001000100000
00000000000101100001
00100000000000000000
00010101001000000100
01000010001000101001
00001110000000010110
00001000011000000000
00100000000000010001
01000010001000001010
01000001000000000001
01001000000100111001
00001100001000111000
01001110111111001000
10101111110111001000
10010111101110010000
00110111000011001010
00001010000110011000
00000110110110001000
00010010001000000100
00000111110100000000
10010110111000000010
01100000000010101001
00000000101000110000
00010100100010010001
00000010000000101100
10010001000010001001
00000000000001001100
00010010100000000000
00001100000000000000
00000100000100000101
00000110001100001000
00011111101110011001
00101011111110010001
00010110110100001100
11001101010110000110
00001110111101011110
00001101110101000000
00101111101100010110
00001011101110000100
01000100000100000000
00101110100010100100
00000000001100001000
00000000000000010100
00000010100100010001
01001101000000001101
00000010100001000100
10010010110000000110
11010000000001100010
00001000001010100001
00000010000010000000
11101100000000000000
00001111011100001100
00011011111100100000
00001110111111000000
00100101110100000000
00000000101110010011
00001110110001000000
10011111110010000010
00001101101110000101
00000011101110000000
01000111101000000010
00000000000010110110
00010000100010010100
00001000100001000100
00010000000100001000
00001001001101001000
00000000100000000100
00000001100000000010
01000010000001000100
00000000000010010000
00000000101000001000
00100000000100100000
01100001000110000000
10000000010110010011
01101100001110100000
11110010001100100000
01110101010010101111
00111111011100111100
00011111110110111010
10000100000000010000
00000001000000000000
00011001000000000001
10010100010001010010
10000000100000000111
10001011010001000000
01000000000000000000
00110000001100000110
00010001010000000001
01000100100011000000
00100010000000000000
00110001000100000010
01010111101110010100
00000101111101000110
00001110001100101000
00100100100111011010
00110000010111110100
00001000000010101000
10001110001110110000
10000001101110101000
00001111111110111000
00001111100101110100
01011100101011000010
01100010100000010000
01001100110111000000
00000110000000000000
00000000001000010000
01100100100010100010
00000000100000001000
00000000011000001010
00001000100001010100
00001000010100010001
00010001001000000000
10011000011000001000
00100001000001101001
10000110000000101000
00010011000001000001
00110001011000100000
00000000001010000000
01001100000001000100
00000001000010000100
00100000001100000001
00100100100000100100
00000110010010001001
00001010001100000010
00100000010000000000
00000001101000000100
00001001000000000010
00000000010000000001
00000000100010000000
00000011100000101000
10001010010000000010
10000111011100000000
01001111111110000010
00001101110100000000
00101100101110000111
00001101110100000100
00001010010110000101
00000101111001000001
00011111101100010001
11000111101000010000
00100000001100100100
00000001000001000000
00010010000100000100
01000100010000100001
00010000000010001001
10000001010000101000
00000011000000001010
10010000000001000010
00010100110000000101
00000010000000010000
01101110000100111010
00001110000000111000
00001101111111011000
10101101110110011000
10001010001110000000
10011100000010001010
00001000001110000000
10001110000100000000
00111100000110000000
00000000000100000000
10000110101110000000
00000110011011010100
00101101010110100000
00000000000000110100
10010000000100001001
00100000010101000100
00100010001010000000
00000010000010100010
00100000000000000100
10010100000010010000
01100100010000111100
00101100000000111001
01101011111111111100
01001110111101111000
10001100100010000000
00001110010100000110
00101111000110000010
00111000000110001001
10101011111110000000
01001101111101000000
00001110000100010000
00001100001000001001
10000000010010111100
00100100000100001010
00111001001000001000
00000100000100000000
00010100101000000000
00000000010001000000
01010100000001101000
10110000000000000001
01000100101000011000
01000011101000101010
10011110110100000101
01101111001110010000
01001101011100010000
00001101000100010001
00000100110110110010
00001100001010111000
00001111101111111000
00001111100111011100
00001110000011000000
00001100000000001010
00100000000000000000
00000000000000000000
00010000000001011101
00001010000001000100
00001001000011000010
10010100000001001000
00010001000000100000
10110000010000000100
01001000010101000000
10001100011001000000
10000100011110100000
00001111100111101010
00110100000110011000
10001111111110111000
00101101111100110000
00001100100000000100
00001110000000110100
00001110010000001000
10001000110000001000
00100110000000100111
01000101100000010000
00000110100110000010
00000000001000000000
00010000000001001000
00100010001010001000
10001000010001100000
00001000000010011100
01011000000010000111
01110000001000000000
11001100100111000010
00001101000100010001
00110011100100100010
00011100111110000000
01001100111000010100
01100000011100001100
00011000001110000000
00001101000110110011
00000000001110000000
00000000100100000000
10000001000110000010
10000000000100000010
00000000000000000010
01000000000000000100
00000000010000111001
00000000110100000000
00010000010000111100
11110000010000000000
10000000010101100000
01000001111000010100
00000010101100010000
00001111110000110010
00001010110110000000
01011100110110100100
10011100001010000010
10001100110111010001
00001111111111000110
00001111110100000000
00101011111000000000
10101100101000001000
00001000101000000000
10110001000001000000
00000000001000000000
00000001101000010000
00000110000000100001
00011001000001000000
00000000000001000001
00110101100000001001
10000000000001000100
00010000010110000010
00110010001100000010
00100111111010000000
00011001111110001000
11001101000010000100
10011001000000000000
00011100110010100000
00001011010100000010
00001011111011010010
01010101111100000001
00101100010000001000
10001100000100000110
00110100000001000000
00001000000000100000
10010010100000100000
00010000000010100000
00000000000010001000
00000000010000000000
00000000100010100000
00000000000000000000
00001000000010111010
00100101000000111001
10000111111011110101
01010110111011010000
01001110001100000000
00101000000110101100
00001100100100000011
01000100000010000001
11001110001100100010
00001011111100000000
10011001111000000011
00000000001000000000
01000100001010010000
00000000000000000001
10000000000000010010
01100100110001001000
10000000000000000000
10000100000100000101
00000100100010001010
00101000000010001000
00101100101000001110
10000100000110000000
00001111111110001000
11101111111111000000
00001101011110001010
00101100000001000001
10011100001100101000
10001000101100011011
00001110000110001000
00000100011111000101
00001000000010000010
00001000011000000001
01000100000011001011
00000110000000000100
01001000000000000001
11001010100010000000
11000100000001000000
00000000000100000000
00000101000000010000
01000001001000001001
00000010000000010000
00010010011000001000
00010111100101110011
11101110110100001000
00100110111000001010
00001100111110000100
10001100110110001100
00010100110111000000
01000100010110101000
10001100111110000000
00000000111100000000
10010110110100100101
10000111001000000001
00000010101010000000
01100000010000100010
11010011000101000001
00000000000100000010
00000100100000000000
01000101000000010100
10000000001000000100
00010001000000000000
01000001001101010000
00001110011101011001
01001100100010000100
10011000000110000100
11100100000110111001
00101101111010111010
00101111111110111000
10111100000000011000
11011101000001100100
11001100000110000000
00100101100001000100
01000001000001010010
00010001001000000001
00000000100000001100
00001000101000010001
01101000010010000101
00001000000011000010
00010000001010000110
01011000000000010000
10101000100000000000
00110000000001100000
00001001010000101000
00000000000000100000
00000000100010000000
00011110001100011001
00111000000000000001
11001110000001100010
00100001000000000000
00011010000000001000
10000000100001100010
00000001001000010001
11000010101000101001
00000010011000100100
00000010000001000110
00000000000001100101
00000001001000001000
01101000000000000000
00000010000000101010
01000000001000100101
00000001000110000010
00010000110001000000
00001001000100000100
01000110000110001101
00001100000010000010
01000111111101100000
10011111111011111000
00011100100110011000
00001100000110111100
00001110000111011010
00001001011111011100
00000100001000011000
00000000000000000010
00100000000100100000
00010000000001001010
01100010001010000000
00000000011010000110
00000100000000000011
00010000101001001000
01000000000010000100
01100000000000000000
00001100010001101000
01011101001001001100
00001111111001110000
00000110111011111100
00001011011110000000
10001110010100001000
01000101001110001000
00001100100110000001
00001000011100000100
10001100001110100100
10001110001101101000
01001111010100000111
00000011111010010000
00001000000000100010
00100000011000000000
00100000010011000100
00010001010000000000
00001000010000011000
00001100101010000000
00100100010001100000
00010000110010000010
00000000000000011001
00110110001100110000
10101101001110010100
00000001111100100000
00101100000010100000
00101100011000101000
10001101100010000001
01001110110110010100
00011111011110010010
00001110110110001000
00011010111100000001
00001110010000010100
00001001011000000000
00100010000110000000
00010000000010000000
00000010000011100000
00001000010000011000
01110000101101000001
00100100100000000001
00001000101001010000
10000000000000000010
00110000010000010110
00010111011100000000
00001111111111000010
00001111110000110000
01001101110110000010
10001101010110000000
00000100110100000010
10001001111110100000
00000111101110010111
00100111000110000000
00000100000110110000
00000011000011000000
10000100000000100000
00000101000100100001
00000000010100000000
01010100000101100000
00000000100000100010
00000000000001000010
00001010000010000000
00100101001001110001
00100011111000000000
00101111111101000101
11001100001111100110
00001101100010110000
00001111000100010000
01001100010110110010
00000000010110110001
01001110011110101010
00001111111101110100
00101111110111101000
01100101100001100000
00111100000000000000
10110000111010000000
00010100000000100100
00000000110100101010
01000000001100001100
00100010101010000000
00010100010000000001
00000000001100000001
00100010000011001010
10010100000000100100
00000110101100000001
00000111111100000000
00001111110100101010
00010110001110000100
00101010000110010101
00001100000110110000
00001100000110110000
00101110101010110000
10101111011111101001
10001111011111111001
11101110000000010000
10001100000100010000
01000000000010000100
00000010010000010000
00000000000100000001
10000100000000100000
01001000001000000000
00100001010100001000
10110000000110010000
11000010001100000000
10010100000000101101
10000010010100000000
00011011011000011100
00011111100110000000
00000111010111000011
00001111110100000000
00001101110100000000
00001100110111100100
00001001011111000001
01010001000110000000
00000011011100000011
01000100000010000100
00000110000000000100
00001000100011000011
00000100010001100001
00000000100000000010
01010001000000000011
00100000000001000010
01000010100010000100
00001000000001000000
00001100110000011000
00001100100100110000
01101110001011110001
00011101001001111000
00001111111111101000
00001111101111111000
01101110000000000110
00001100001101010000
11001100000000100101
00001100100000010000
00010100000000000101
01000000001100100001
01000010011001000000
00000000000000000001
00000100011000000000
00000000100011000000
10001000001111011000
00000010101001000010
00000100100011110010
00011000000010111010
00001100000001111100
00010101101111111101
00001111110111101001
00001001010110000101
00000110010110000000
00101101111010000000
00001111000100110100
00001111011111100000
00010110000110001000
01001101000101000000
11001100001000110011
00000000000001010000
01000010100010010000
01000000000000011100
10000000000000101000
00110000000010010001
10000100010000000001
00000000101010001100
00000000000001001000
10001001000000000001
00010000000000000010
00100010001100000101
01100000000110000000
01101001000010110000
00100001010100000100
01110001101110101001
01100000100110001001
00110111011111011000
00010100111010111000
00101100000000010100
00000010000000100100
01000000010000000000
00000000000000000101
00001110000000010000
00000000101000010001
00000100000000000001
00000011000000011000
01100001001000010100
00001000010000000101
01000111000010011000
10101010000001010000
11001011110000000001
00000111111100100000
11001111001010011100
00001100000110111010
11001100000110100000
00101100000010010110
10000100000100000011
00101111010110100001
00000000011110001010
00000100000000001101
01001000001000010000
00000000000000001011
01010010000000000000
00000010001000010100
00000000110000000001
00010000000001010101
01000100000111000000
00100000000000001010
00010000001111000100
01000000100000000001
00000001000010000001
00000101010000000000
10000110101100000010
11000000000000001100
01010000001100000000
00000000011100010000
00010000000010001100
00000010010000010000
01000000010000000000
00111000100000001000
00000100000111100000
00111010000001101001
00000100100000000100
01100010010011000000
10001100000000000000
10000100010000100000
00000000000000000000
01011100000010011000
00010001000000011000
00000000100000000100
00000000100001010000
00010011000000001111
00001010001001100010
00000000000000000001
00001101000000100000
00110010011100010110
00000001000010000001
00011100000000101010
00111101000000001010
01001110000101000000
00100001001001010000
10000000100110100000
01000000000000010000
01011100000000000001
00000000010100001000
00010100100010110010
00001000000000000100
00000000000000000000
10000000001010000001
00100000100000000000
00010111100000100000
10000000001000000110
00011101000011010010
01000000000010100011
10000000000000100001
00000001000000010001
00000000010001100000
01001011100000010000
10010000000000000000
00100010100010000101
01000111000011000000
01010001000000100100
00100000000000001000
00000100000010000000
01010010010000100100
10010001001100000010
00100100000110101001
10100000010001001001
00011000000011001010
00000000000001000000
01000000000010000000
00000000000000001101
00000011001011000000
10001000000001011000
00010111010100000000
01001011111000001001
00011101110111000000
00010101110011000000
00001100110110100000
01001101110110010000
11101100011110011000
10011100101100000000
00100101001000010100
01000000000001000011
10010100001011001000
01001000011000000001
01111110001101000010
00101110000000000000
00001000010001000011
01000000001100000100
10100100000000000010
01000010010000110000
00100000010000101000
01101000000001001000
10001111111111010010
00001111111110000000
00001101111100000000
00001101110101000001
00001101110100001010
00001001111001000100
00001111111101000000
00000110101100000000
10000000001000000100
00100000000000000000
10100000100100000010
00000000000001010000
