221
00000000000000000000
01111100000000000000
00000010000000000000
00000000010000000000
00010000000100000000
01000000000001000000
01000111100100100000
00001100101110001000
00001100111110000000
00001100100110000000
00001100110010001000
01000110110110000000
00001110111010010000
00001110111110010000
01001011101110010000
00001101111100010000
00001100000000010000
00001100000100000000
00100000000000000000
00001010100000000010
00000000000000000100
00000001000100000100
00000000010010010000
00000000001100000000
00000001000010000000
00001000000100100000
00101100000000111000
10001000001000110000
10000000001000011000
00001011111010101000
00001110010111111000
00001110001110100000
10001100000110000000
00011100010010000100
00000100010010000001
00001100001110010000
00000110001100010000
00100110111100010000
00100011101000010000
00010000000000001000
00000100000001001000
00000001000000000010
01000000010001100000
00010000010000000000
00000100010000000000
00000000000000000000
00000001000000000000
00000000010101000000
00000100000110000000
00001100000100010000
00001010101010000011
10101111111010000000
00001000001100000000
00001101001110000000
00001100010010000000
00001000001110010100
00100000001010000000
00001000000100010000
00000000010010100100
00000001001000100000
10000000100000001000
00100000000001100010
00000100000010010000
00010100000000010000
10100001000000010100
00000000010000010001
00000000001000010000
00000111100110100001
01001111101111000000
01001100111110010000
01000100100110000100
00101110110010000001
00001111101110001010
01000111100010010000
00100110111100010000
00001000001000010000
00001110000000010000
00000000100010010000
00000000001000100000
00000000000001010100
11000000000010100000
00110000001010000000
00001010101000001010
00000011000000000000
00001000100100000000
00101000010000010000
10001100000000110000
10100011111111011000
00001111011101111000
00000100110000000000
00000101110110000000
00000101110010010000
00000001101110000000
10100111001100000000
00001100000111000000
00001100000110010000
00001100000110010100
10001100000001000100
00100000000100000000
10101010110100000000
00000011000000100000
00000000000000000000
00001000010000000000
00100000000100000000
10000000000001011000
10100000000000000000
00001000000000000000
00000111100100100000
10001011101110100000
00101100111110000000
00001100110110000000
00001100110110000000
00001110110100000000
01001011111110000000
00101101111110101000
00001111011100000100
00101100110000000100
00010000000000010000
00000100000001000000
00000001000100000000
00100000010000000000
00010000000000001000
00000100000000100100
00000001000001000010
10000000010010000010
00100000000100100000
00001000000010001000
00000111111100001100
00001110001110000000
00001100001110001000
00001001010110000000
00011100010110110000
00100101000110010000
01001110001100110000
00001110111111111000
00001111101111111000
00001100000000000000
10001100000010001000
01000000011000100010
00010000000001000000
00000100000000000000
00000001000110000000
00000000001000000000
00000000000000000000
00100000000000000000
00100000000001000000
00100000000000010000
00000111100100001000
00101111101110000001
00101101111110000000
00001100110110000000
00001100100110000000
00001110100110001000
01001111111100001010
00001001111100001000
00001100100000001000
00001100001000000100
00000000000010001000
10000000000000100000
01000000010000000000
00001001001010100000
00000010001100010000
00001000100000010000
01100000001010001000
10010000100010100000
00001100000010111000
01001101001000101000
00001111111010111000
00101111111011101000
00101010001110000000
01001100000110000010
10001101000110001000
01001100010010100000
10001000001110000000
00000110111100001000
00100011101101010000
10001000001000100000
00000010100001001010
00000000000100010000
00000000010000001000
10000000000000001000
00100010000100000000
00001000000000100000
00101000000000001000
00000100001000000100
01001110100110000100
00001100000110000010
00000111111100001000
00001100000110001000
00010111111110000011
00011100011100100000
00001100001100010000
00001100011110000100
00101101000110000101
10001100001100010001
00000000001111000000
00010010000100000010
01001001000000010001
10100000010101000000
10100000001100000000
00001000100000100000
00000010000000001000
10000010101000000010
00100100000100000100
10010000000010010000
00100000010000100000
00001111100100000001
00001011101110000100
00101100111110010100
00100001101110010100
10101100110110000100
10001100110100000001
00100010110111000100
00000111110110010100
00101101110110000000
00001111011100000000
00001100000010100000
00001100010000010000
10000010100010000100
00100000001000010000
00001000000000000000
