101
00000000000110000010
00000000001000001110
00100100000011001001
00001100010100000000
10001000000000000000
00001100000000111000
00001100000000101000
10001011110111010110
00000001101111111000
10000110001111001000
10000001000011000100
01001000000110000000
00001101000111001000
01001111111110100001
00011111110101010000
00001100110000100000
00000100000110000000
00100000000010100000
10000000100110000000
01001000000000000000
00110001000000000010
00000000000000100010
01100101000001100000
01000101000100001010
00100001010001100001
00010000000100000010
10000101111000000000
00100011001001100000
00010111111110000100
01101100101100101000
01101110100110010010
01001100100110010101
01111100111110000001
10011100100100000000
01100000111110010001
00011110011110000100
01000010010000000011
00010001000011000001
00000000000000010000
00000001000000000000
00000100001000000000
00010000000001001000
01000000000010000110
10000011000010000011
00000001001000100001
10100100000001010000
01000000110001101011
10101101100000010000
00000100000000010100
00101100000100100001
00000000011001010000
01001111111100111110
00001011110111100101
00011100010000100001
00001101000110100001
00001000000011000000
01001001000001000100
00100000010001000100
00000010000000010100
00000000010000000000
00010100101010001000
01010001101100100000
00000110000001001001
00000000010000000010
10010000000000000101
00010001110101000000
01000100000111000000
10001101000100010000
10101111000101110010
00001100000000100000
00101101000010111000
01001111100111111001
00001111111111111000
00101110100010010110
00001100001000001100
00001101000100110000
00001110000100001011
00000000000001010001
00001010000110000000
00000000001010011000
10000010000001000100
00100100000100100000
00000110000000001011
00000000111010100000
00010000000000000000
00000001110000101000
00110101001100000000
00000001111100100000
01000110111100000000
00001110011110100000
00010001000110000110
00001000100110001010
00101101000110000010
00101100000110001000
00101111001101001000
00001101111100000010
00000111111100011001
10001000000000010000
00010100101011000001
00100000000101100000
10000000000010110000
