1119
01000001100000010001
00001000000000000100
10001100100000000000
00000011000000001000
00100000000100000000
00001000000010000000
01001100100100010000
00001100000100000000
11001111001110010000
00111111110110000000
00001100110100000010
00011100001100001000
00001101001100000000
00011100000110000000
00001001000111001000
00011000000010000000
00000000001110000011
11001000000100000111
10011000001001010001
00000000010001010000
00000000001001000011
00000111000101011000
00100000000100000010
00000001000101010100
11000010001000000101
10010000000000000010
00001000000001000000
00011100000001000001
00011100000100000001
10001100110111110111
11001101000110111001
00011111101111110001
01001111111110111000
00111101000010000011
00001100010000100001
01000110001100000100
00000100000010001000
01000010010001000101
01100100011000001101
00000100000010100000
00001000010011110000
00000000001000000010
00000001000000000010
00001001000001001000
00000100000100000100
01001100000110000001
00001101000011000100
00001110101110010000
00001111001110000111
10101100001110000010
00001100001010100100
00000100000110001000
00001100010110110000
00000111111110100000
10001101111100000000
00110101001001001000
00001100001000010010
00000000000000000000
00000100000110001000
10000110000000110000
00001000000010100000
00010000000001010100
00000001100001000000
00100001100100000000
00001010000000000000
00100000101000010010
00100111101001100000
00010111111100010100
00001101001010001000
01000100000110001011
00001100001100000000
00101100100000100001
00111100000110001000
10001100011110000110
00010110011100100100
11000101000000100010
00001000000100000000
00001001000000001001
01001000000000001000
00010100000000000000
00000000000000000000
00000000000011000100
00000001010000000000
10000101010001010101
01100010000000000010
01100010110000000000
10010101011110000000
01001110011110000100
01001110110110000010
00001001110110100000
10000101011110000000
01000110010110010000
00001100111010010000
10111100011101000100
00000001111000100000
00010000000001100010
00001000100000001000
01110101000000001000
00100110010000000000
00000000000000001001
00000000110000001000
01100000101100000000
01000010010010111010
00010100000010100000
00000000000110000000
10000000011110000000
00001000111110000110
10001111101010100001
01001011011000000000
00001110111010001000
00100011001100000000
00101111101101001000
10101111100110000000
00000111111100100000
00000000111110000100
10100100001110000000
00001000100100110010
00100000000000000000
01000000101000000001
00010110000000000100
10001010100010011100
00000100000100100000
01000001000000010000
00101101000001000000
00010000000000010111
00001100100110010000
10001100000110000000
10001001110110000000
01001000000000111001
11000110111110110110
10101011101111011000
00001100000000000010
10000000000100000010
00001100010000100000
01010101001000010000
00000010100010000010
00010001100000110010
00010001000000000110
00000100010000000100
01000000100000100000
00000000000010000101
00101010010000000010
00100011010001000000
00000000000011000000
00010010000000000000
00001100100110000000
00101000000110000000
00101111111100000010
00000110111010100000
10001000101100000000
00001110010111000001
01000100000010000000
00000100001100000000
00011111011110100010
00001101111111100011
00000101000010100000
01100100000000000101
00000000000000000010
00000000101000100001
00000000100000010000
00001000001100010000
00001010000100000000
00011010100000001100
10010000000000000010
00000010010000100001
00000000000000000100
00000111111000000100
00000111111110000000
00001110111110000000
00011100000111101100
11000010011010110101
00001100000111111000
00101110011110110010
10001011111111111001
00011101111111110001
00001100100000110101
01001000010000000110
00000000000000100000
00000010000000000000
01000100000000001000
01000010001110000000
10000000101100000011
00100000101000000000
10100100000000100000
00100000000001010010
01100100000010011100
01000010000010100001
10000011000111110000
00000000000001000001
00000011001000000000
00010001100101011010
00000001100000000000
00000100000010011000
10100000000110010001
00000000100000001010
00011000000001100100
00000000001101110000
00100001000100111000
00000010001010000000
00011001000000000000
00000010001100100000
11110000001000000101
10000000000001100000
01100000000000000110
00100000001001000000
10001011101000001000
00010000100100000100
00010001111000000001
00000111101000000000
00001111000110000001
00101100101110001110
00001100000000000010
00001010000000000000
00001100010010000010
00001110011110010101
10000100011110000010
01000100001010000000
00001000000001010000
00010111011000000000
10101000001100010010
00101001110000000000
00011100001000000101
11001000000000000001
01001000100011010001
00010001001010001100
11000011000000000000
00000001100000000000
00000111001100000000
00000010001111000000
00001110000110100100
00011010010110000000
10000111100110000000
00001100100111000000
01011111001100001101
01010011110001000000
00010011111000000010
10000000000000100010
01000000001000100001
10010000001010111010
01000010000000001000
10010010000000000001
00111000000000100010
00000001100000000010
01010000000001001010
01000000110000000010
01000000000110110001
00000000000111001000
01100111101100000000
00101011101001000100
00001100001010010000
00001100000000000010
00101100001011000000
00000111110110000010
00000011011010001000
10001101000000110000
10100100000100010100
00010001010000000000
00000000010000000000
00000100011000010000
00000000111000001000
00000000100001010001
00000000000100001000
00000100000000000001
01010000000000000010
00100000000001000000
11100100000000001001
00011100000000011110
00000100000000111011
01101000000100110000
00001111111111110000
00001101111111110101
00001111000000010010
11001100000001000100
01001100000010011000
00001101000101000100
00001100000000100000
10010001000000100000
10000000001000000000
00010101000000100000
00100001000000000101
01000000000010000000
01100000100000001010
01011100010101000100
10000100010000001000
10000000000101000100
00000000100110001000
00010111110000010000
00000001011000110010
00001100001101000000
00000101000010010100
00010100000100110100
00001101000101100000
00111011011110110000
01011101111101111000
00001011000101110010
00110100000010000001
00001111000001001101
00000001000100011000
00000100000110001001
00000100000010000011
10000100000010000000
11010000000010000101
00010010000100000001
00000001000111000000
00000100000000001000
00100100000000100000
00000000000001000000
01000100000010010000
00010010000000110011
00000000001000100000
00010100010010000000
00000000000010000001
00000000000010010001
00000100010000000000
00000011010000110001
00000000000100000101
00100110000000000000
00000001100100101100
00000000000000011100
00111000000010100101
00000100001010000000
00100100001100010101
00001000010000000110
01000001000010000001
00100000000000100000
00010110000000010001
01000000000000000000
10101111100100000000
01001101101110000000
00001101011100001000
00001101110100000001
01001100110110000000
01001011010110000000
00101101111110000100
00000111101110010000
00000011001101101000
00001000010001111101
00000000000000001000
01000000001000000010
10000000100000000100
00000001000000000110
01000000010000100110
00001000100000000101
00000101010001100000
00100010010100000000
10010001000110000000
00110001110100000000
00001100001110000010
01011100010110100000
00101110000110000000
01100101000100000000
00001101010110111000
00101100001010000100
00010110011110100011
00000001011110000100
01010000000100001001
00001100000010001000
01001010010000001000
00001000000100010000
01000100000001010000
00100000000000100000
00100001010000100000
00000110010001111000
00000000000000110000
00000001000001010000
00101110000110000110
01001000000110000100
00000111111100001001
00111111101110000011
00111111111111000000
01001100011100001010
00001110101101010000
00001100001110000000
00001110010110000001
10001000001011011000
00000000011110000001
00000000000000000000
00001011000000010010
00000000100000000010
10000000010000000001
10010100001000000100
10000000010000100100
10000001000001000000
00000000110101010000
00010000100000010001
00000000111001000000
00011111110010010000
01001010001100000001
10001110110000000000
01001101110010000001
00001100100110100000
01101100111110010010
01010110011110001000
00001110111100000000
01000110010000000000
00001001000000000001
00000000100000010000
01001000001100101000
01100000100001100100
00000000010000100000
10000010000000000000
00001011001000000000
00000000000000000100
01000000010001100100
00000000000000000000
00000111110100001000
00001110101101100000
00011100111000011000
01000100100110010010
00001111110110110000
00010010001110100100
10101111111111100001
00011111111100100101
00111100000100000000
00101110000000000101
00000011100000000000
00000000000000000001
00000000000000101001
00000000010000110000
00000000101100001011
00000000001010001000
01100001100000110000
00000000010000000101
00000001000101100000
00001000100010110000
01001111010010000000
00000111101110000001
01001100001111000010
00000000001110000000
01001111111000001000
11000111101010100000
00001110001110010001
00000000001100000000
00001111110010001010
00001101011100100011
10011100001001100001
00100000000001000000
00000000000000000000
01110010000000100000
01010000001010010000
01000111010010000000
00100010001100000000
00010001000011001000
10011100001000000000
00011000000100001010
10100100000000010000
00100100001100001000
00110000000000010010
00010000000000001000
01101010001000000000
00000000100001000011
00000100001101011000
00000010000101000100
00000000010000000000
00000010010000000000
11001000000000000000
10110000000101001100
11010000000000000000
10000000000000000000
00001010000000000010
00011001010100000100
00001100000000000010
01100000010000000001
00000001001000000000
01001000001100010000
00000100000111000000
00010000000110000010
00010110011111111000
00101111010111111001
00001100110000011000
00001100000010111000
00111100100110111001
00001100000100111000
01100100100001010000
01100100010000110011
01000010100010010010
00100100000011000001
10000000100000010100
11100001000100100010
00000010000000000100
00001000000011010000
10000010001000000000
01000011101000000100
01001000101000000010
00001011101001000000
00000111111001000010
00110010001111000001
00101100100011010000
01011100000110001010
00000110000010000100
00010110101110110000
00000011011110010000
10010011111100000010
10100100101000010110
10000100000010000010
01000101101000001100
00011000000100100000
00000100000001000000
00001001001010100100
00000100000100010010
00000000011000100100
00010001001001000100
01000100000001100100
11000000000000000011
01011100000110000000
10001110000110001000
10101101111010111000
01001111101110000010
00001100011000101000
11001100101100010000
00001100000010000000
00000100010110000000
00011000001110000000
00000001001110000000
00000000010100000000
01011000010001010000
00001001000010000011
01000000001000000010
10001010000100000100
01000000000000011000
00000100100110000000
01010000100100001000
01000000000000010000
00100101000000001001
01001010100000000000
00000100000000000000
00100011100010000000
10000000001010010000
00000000000100000000
00111001100011101010
00000000001000101000
00011000011000000101
01001010100000110000
00000001100000000110
01100000000000110010
00000100100010100000
01000100000001010110
00100010010000000000
00000000000000010010
00000000001011001000
01001000000010010011
00100000000101001000
00001110000000111100
00011101000001111000
10101111111111011001
00101111111010110111
00001100101000010000
01001111000110000000
00001000010010000101
00110100000010010001
00000111001111000100
10001011010100101110
10101100100100000000
00010000010001011000
00100011010000000000
10000001010000110000
00100011000001011000
00000010000110000000
00000010100010000001
10000101000000000000
00010000000100000101
00000010101000100000
00000000011000010011
00010101111100010000
00100110111101000000
01011110111100001000
01001110000110100000
10100000100110000000
00001100100110000000
01011111110110000000
00101110100111101001
00101111011101101000
00000100011001000001
10000101000100100000
00100100000100000000
00110100000000000000
01100000010000110000
00000010010001000000
01000001000101010011
00000000000000000010
10010000001000111000
11000001000000010000
00111000000010000000
10001100000000010000
10011100000001110010
00001110000000101100
00011000001010100100
00001111111001110010
11001111011110101010
00000100000000000000
10010101000000000000
00001100011010010010
00001101000011001000
00000101000000000000
10100010010100000000
00000001000010000000
00000000100001011100
11000000100000010000
00100101100110011000
01000000001000010100
00000000010000001000
00000000000000001000
01000000100110010100
01110100000110000100
01111111011110001010
01111110111010010100
11101000011110000000
01101100001110010000
01101100011111000001
00000100101110110010
00001110001110001100
00100111111100100000
00000001111000100101
00110011001000000000
00000010000100010000
10000000000100010111
00010000000010000001
00010000100000000001
00100000010010000010
00101000000001011100
10100010000000000000
00000000100001100010
01010000101100010000
10100000011000100010
00010000100000000011
00001000000001100000
00000011000000110010
00001000100001100001
10111000000100001000
00111001010110000000
00000000000000010000
01001000000100100100
00000000100101000000
00010000000010001000
00110011001001000100
00000001001001000000
10000101100000000000
01100000000110011100
00000100000000000000
00001010100100000000
10000011101010010001
00000010000010000000
01000000000000000100
01000101010100100000
00101100010000000000
00001000001110101000
11011000100111000000
00001110000110011000
10111111111110011000
10000111111111111001
00000100010001000000
00101100000000000000
00000100101100000000
00011110000000000000
00001000000000001100
10000100010100000000
11001000000000100010
00001001000000000010
00000000000010001100
00000000000010000000
00000000000000000000
00010000000000000000
01010000001000000100
00000010100000001000
00001000001100000000
10101110000111000000
00001111111010000000
00001111101100000000
00001000011110110000
00011000000100000000
00001100001110000100
01001100000111000000
00001111111110000000
00100111011100100000
00101100001001010000
00011110100000000101
01001000001100000101
00000100001000001100
00000001000100000000
00100000100100000000
00000001000000010001
00001010100000110010
11000000000000010001
00000001000010000000
00001000000001000101
10000000000001110011
00010001000000011100
00000000101010001011
00000100100010000100
01000010001000000001
00101000000000010010
00001100011000100000
01000000000000010000
00110000000000000000
10000010000000100100
11110010010110100000
01110000000101000001
00000010000100000000
00010000010010000100
00000000000100001000
00000000100000000010
10011000001000000000
00000000011000000001
00000010000110010001
00000000000110100000
00000111101110100000
00001111111111100000
00001010000111101000
00001000000110000000
01001100100110000000
10000011000110000010
00001100000100010000
10000110000110000000
00010100000000010010
10001100100100100000
00000001101001100001
00000000000010000010
00010000000000010000
00100000010110010000
10100011000000000100
01111010001001000001
01000010000000000000
00000000000011010011
00101110000000110110
00100000101000001100
01000111111101111000
00111111111101111000
00000100100100000000
10001100001110010000
01101010000110010000
00001100000111000100
00001111111100010101
00000110111100100001
01001100010110011111
10001100000101000000
01000000000100101001
10100000000001000000
00000000100100101000
01100100010010000000
00000000000000000100
01000000000001000000
00010000000101000000
01000000000000000001
00011101010100001001
01011100000110000000
00011100010011001001
10001100000101011000
00111111011110111000
01001101111110110000
01000000010000000001
00011101100000000000
00001110010000000100
00011101000100000100
10000000000000000001
00100001100000000000
00000001100101110101
00100110000000000100
01000001010011110000
11010100010000000110
00000001010111010000
10000110100010000100
00000001000000000001
00010000001000011000
10001110110110001100
00000100000011011011
00001011101110001010
10100010011110110001
01001100011100110000
01001100001101000111
00001100101100001000
00001100001110000000
10000100000100011000
00000000001000001100
00001000001110000100
00010010000100001000
01100001000000010000
00000010110110101000
00001000001000011000
00000010100000000000
00000000001001011000
01000000100000000001
00010010000100010000
00000000011000000001
00110001001110000001
00010011110111100000
00001111111101100000
00001110010001000000
00001100010010100000
00001001000110000000
00101000000111100000
00001111000110011100
01001110000111100010
00000100100011001001
10000011000100100000
00010100100000001011
00000000001000001000
00000000100000001000
00100000100001000000
01101111010000001010
00000010001001010000
10000110000100000100
00000000000000101001
01100000100111000100
01100010110110000100
00100000011110000100
11100000011110010000
00111111110110010001
01111111000000001111
01101100001100000111
01000111110110101000
10000001010110001011
00100000011110011000
01100011011000000000
00000000001000000000
00000001000000000100
00000100000000100101
01101010100000000000
00001010100001001000
00000010010010100000
00000011000011001000
01100000000000100000
00000010000100010000
00010000100100001110
00100000100001000000
11110000000000001010
00010011001000000000
01001000000000110000
10000000010000100000
00010000100000011001
00000000010000000100
01000100000000000000
00100011000000010000
01001000100000001000
00010100000001010010
00111000110100000000
00000000000001000000
00010000000010100110
00101001101000011000
00000001000000000000
00010000010100100000
10001000100100000100
00101000000101000000
00000111100100000000
00000100000110000000
00000110000110110001
10001000000110010011
11110101101111110001
00001111111111111100
00101000000110011000
10001101000000010100
01000101011010110100
01001000010110011000
11000000001100010001
00000000000010000000
00001010000000001000
00001010000001000100
00000000010000000000
00010000000001000000
10001001000000000010
00001001000100000010
00001000000010000100
01000000100001001001
10100000000101100000
00000011001000000100
01001000011000000000
01011111011110000100
00100100100100001000
01101110000110011000
01000100000111000000
00001110100110010000
00001100000100100000
00001010001111000001
11000011111100010001
00000011111000000001
00010101000101000101
00000100000101100001
00010101001010000010
10100000000000001011
00001110010000010001
00001000100001000100
00000000001000000001
01110100000001010000
00001010110110000100
00011000000110000010
00000010100110000001
00000111111110100100
00101110111010100000
10011100000000000000
00011100000000010001
00001100000111000100
01001110010110100000
00001101111110000000
00101111101010001000
10001110000000100000
10111011000000110100
10000000000000000001
00010100001000000101
00011000000000101000
00001000100010101000
00000010000101000000
01000000000100000000
00000000010000111100
00000001110100001011
10100000000001000001
10001000101110010000
10001101011110000010
00000011011100001000
00101111111110000110
00001100011100000000
00110101010000000100
00001000101110000001
01001000001110000101
00000000000011001000
01000010000100000000
00001000000000000000
00000000000000000100
11110010000000000000
00101100001100000000
01001000000000000000
00001101100000000000
01001000000000010000
01100010000000000000
10000110000000000000
10000100100000100000
01000000000101000000
01100000000100001000
01000000000000001001
00010010001101001000
00000000100010000000
00010000010000000000
01100000010000110000
00000001011001001010
00000100111001001011
00000000001010100000
10000000010000000100
00100000100000000110
00000001010101000000
00110000000000010010
10100001000000000001
00001010000111000010
00010100000000000100
00101000000110001101
00011100000111011000
00001000000000110000
01011100010000110100
11001100000100110100
00100110111110010100
10001111111101000010
00001111001100000101
00101101000010010110
11001010001000000001
01001100000000001000
00000000000001000011
00000000010100100000
00110000000000110000
00000101000000000101
00100000010000000001
00001000000000000000
01000101001000100010
00110000000000100000
01000000100010000001
00000001010001010001
00000111100101010000
00010111101110000001
00001101111110001010
00001100110010000010
00001100010110010110
10001100110110100000
00001000010110000001
00011010111110011111
00001111111110011000
01011011011100110000
11011110010000100101
00010001100101000000
11110000000110000100
00001110000010010100
00111001000000100000
00100000000001100101
00000001000000000000
00000000010000000000
00000001100010000000
10000000000011100000
00101110100011000110
00011000000010110000
11001111111010000000
00001101101110000010
00111100001111101000
10101100010010000101
00011001011010110100
00001110101110000000
00001111001100001000
10101111101110000011
10001100000100000000
01000100001000001000
00000010001000100000
00000001000010100000
00000011001010000000
01000000010100100110
00001100000000000000
00010000100100101010
10000000100000000100
00000000010010001010
00100001100000000000
10100011111000100010
11110111011000000001
01001110101110000100
01100100010010000000
01101100110110100001
00101100000110011000
01101100000110000010
00110100011110110100
00101011111110000010
00011111101000000000
10000000010111000100
00010111000110000100
00100010000110000001
01000010100000000000
00010010000000000010
00111001010000000001
00100000001000000010
00000000001000011000
01001101100001000110
00000001010010000000
10001100100110010000
10000001000110100001
01010111111110000010
10101111111000000010
00001101011000001100
10001010010001010001
00111100000011000110
10001110010110000010
00001111110110000011
10001111011110000000
00001111000000100010
00001100000000001000
10001011101000000011
00000000100101001000
10000001000101000000
00000110110000010001
01100000110000000000
00000010010010000000
00000000000010001010
00111000100010010010
01000000101100000000
10000000001110000100
00101011000000000000
00001111000110000001
00001011011110000100
00001110110110001000
00100110110111000100
01101010111110000001
01000101111100000000
01011111111111000001
10001001011110000010
10000100000000000011
00101101100000100000
00000000010000010111
00010000011000001000
00000000000000000000
01000000000000000010
00011000000100000000
00010010100000000000
00001000101100100000
00010000000000000000
01000110100000001100
00010011011000000010
11111111111100001000
01101110001111000000
01111000010100111001
10101100010111000001
01101111000110000001
01111011001111000000
00110111111011001100
10111010101110101100
00100000000010000100
00000000000110011010
00000001001000000000
00001001000000000000
00100000000001110010
10000001000000000001
00000000110100011000
00000000000000000000
00100010000010010000
01001001000000010001
01001100000100100110
00000011111000000010
01000101111110001001
00001110110110000000
00001010100110000000
00011110100100110000
00011100010100000000
00001100111100001000
00001010111100000000
10010110111100001010
00010000010011000001
00000000000110100000
00000001000100000010
00000100000010010011
00010000100100000000
00000000100100000001
00000000100000000000
00000011100000000000
00100001000010101000
00000100110000000010
00000110100010000000
10101011101100000000
00001111110010000100
00001111100110000100
00100101011100000000
00111101110111010010
10001100010111000010
00000111111110010000
01000101100110000000
00000101100110010001
00010011001100001001
00000010001000101000
00000010010000000001
10010001000000100110
00010011000010000010
