1199
00000001010001000100
00000000001100111100
00001000010000110001
00100001000011000000
00000010000111001000
01001101000100000000
00000111011000001000
01011001011110010000
00001101010111001000
10000001100110000000
00001101100100000011
00001101100100000000
00011101001110000000
11001111100110000010
10000001001110000001
11101000111100100101
00110000100000010100
00010000010110000101
00010000100010000000
01000001000000000100
01000000001001000100
00010000100000000001
01111000000001001000
00000000000010100010
00000000000000010010
00010011111000100000
00000101110100010000
00000110011100000000
00000100001000010000
00011100001101110000
00001100110100010000
00101110001110110000
00000011110011101000
00000101111111111000
00001101100100111101
00011100000000000000
00010000000010100000
10001010000110100101
01000001000000001000
00011000000010110001
10000001000010011000
00000100001011000001
10101000110000010110
00100100001000100000
10000000000000010000
00001001101001010000
01000111011100000001
00101010001100000000
10001100001100111000
01001100000100001101
01101000010110000000
00111100001111000000
00001110000010110100
01000110111110010010
10000100010100010010
00000101000000000000
10000000100000000101
00101000000000000010
00000000100000100001
00000000010000000100
11000000010000010101
00001000100100011000
01100000010000001010
00010010001000011000
00000110000001111000
00001101000000011000
00001110011111110110
01001011111011111000
00000010110000000000
00000100110100000000
10000001111110100010
00101101001010101101
00111110101111000111
00011101001110110000
11000101001010000110
00011011000001000000
11000010000000000110
00000100001000101000
00000000000100000010
00010100010001010000
10000000000100001000
00000000100010111000
01000110000000010001
10000000000000000000
00000000000010100000
00001000000110000010
00010001000000110101
00010000000000001000
01100000000110100000
01001000000110000000
01110010100100000110
01000000000000000000
00110001100110111000
00001011110011011000
00011110111010101010
00100000011100100000
00000000010000010100
00000010010000100010
00100000100001000001
00000000000101110001
00100000001010001000
10000001000000100100
10000000000000001000
00000100001111001100
10000000000010011001
00010001100000110000
00001101000000111110
00000000100010111000
00111011111111111000
10001011110111111000
00011111001111000000
10100100000110010001
10001100000101000000
11101001000111000000
00011111111100000000
00001111111100010010
00001100100000000000
00011100010000000010
00000100011010101000
00000101000000000100
00100001000000110000
00011001000000000000
10000111000001011000
10001000000000000100
10000100000000101000
10100010010101010000
01000010100000001000
00000000000100000000
00000000000000000000
00000010100000100100
00010000110001000100
00000000001000000000
00000000011000000000
00100000010010000000
00010000000110000000
00100000000010000100
00000011001000000100
01000010000010000100
01000010100000000001
00000010101010100100
00010000011000000010
00000000010000000001
00100110000001011000
00001001000010101000
00000000000000001000
00010001100100110001
00000000000001000000
00011100010000000010
00001110001001111000
00000111111110101000
00101111111111111000
01010000011010000000
00001000010110001000
00000010111000010000
00000111110110000000
00000111000100000110
00001100000000000110
00001100001110100000
10011101000000001010
00000010000100000000
00011000000000101000
00000001001010000101
00000010010000000001
00000011001001100100
10101001100000101000
00010000100000000000
11101000001100000010
00001010000110000000
00100100000110010000
00000100000101000000
11100000000111000100
01111100000110111000
10111111101110111000
00001100011100111000
10011000001000010000
10000110010000000000
00000010001010100000
00000000000000010000
10000001000100000000
10000010001100001100
00000000000001000000
10000000010010000010
00000000000100100000
00000000100010001110
01001010001000010001
00001100010000011000
01001100000000111000
00101110101111010000
00011111110111011000
10001000011100001100
00001100010110100010
00001010000011000100
11001110110110000000
10001011111100011001
00001100100010101010
00001000100101011000
00000010010000100000
00110000000000000011
00100010110100011001
00000100000101010000
00010010000001001010
00001001000000000000
00001010001000000010
00000010000000000110
10000100100100100110
00000000001001001000
11001000000000000100
00011100000000000001
00000101000000000010
00110000000000000000
10000000000000000000
00100001000000000010
00010000000000010000
10011001001000010000
00000000000000100000
01000000010000000000
01010110010000100000
10000000001100000001
00001000000000011000
01000000011000000001
10000100000010010000
01000001000000000011
10000100000100000000
00001000111000110010
00000101000111000001
00100111111011000000
00110110011100001000
00101000001110000100
00101000100110000000
01100100010110000000
11101100000110001000
01111010001010000001
01101111111100110100
00111111111110000011
00000000100110001100
00001001100000101010
11100000001010000000
01100000111000010000
00010000100010000000
00000000000100101001
00000101010000000000
00000100011111000001
01000000000000000100
00000000000010001100
00001100001000111000
00101000001101110000
00100111111011111010
00001011111011101000
11100100001110010000
01001000010110100000
00001100010110000001
00101000000110000100
00001101111110010010
11101111011100011010
01001101100000000010
00101000101101000000
01010000001000000000
01000001000000100100
10001000000000010000
00001110000000001000
00110000000101000010
00001000010100000100
01000000000010001101
01100000110000001000
00000010000000001000
01100010000010100000
00001011001110100101
00100000011101000010
00001001101100100000
00000111111000001110
10010011000100000010
00101110001111000100
00010111011100000000
00000101110111000010
00010000100111110000
00000100110011000100
00000010001110000101
01100000000100000001
00000001001000000000
10100000001000000001
10010000100000000100
01100001100000110010
00000110000000000000
00000000010011001000
00000110000011000000
01000100001000000101
00000100001000010000
00001100000100011000
01001101110111101000
00011111110011110100
01010010010000010010
00001000110010011000
00011001110110001101
00001110001110000000
01001100101010000000
01000100000100100000
00111100001110000000
00001110011000100000
10000001100000101110
00000001000000010010
00000000000000000000
00000000000000100100
00000000100000001100
10001000000011000001
10000000000000000000
00000000000100000000
00001011011011000000
01110010111100100100
11111110001010100000
01111100011110001110
01111100001110000000
01010010010110000000
00111001111110000001
00111111111110000000
00011000001110000001
01000000000110100010
00000000001000000000
00000001100001001010
10000010000001001100
10010100000000011000
00101000000111000000
00000111010000001000
00000010100000000010
00000010000000010000
00010010011110100001
00000000001110010010
10000000001110010011
10000100111110001001
00011001100110000000
00100111110101100010
10001010000001000000
01001111000010101000
10001010110110100000
00101001000000000001
00000000011110000000
01001000001000000101
00010010000100000000
01010100001000000010
10000010000010000000
10000100000100000100
10100101100000100000
00100010010010100001
01010000001000101000
00000111010000000010
00000010000000001000
10011100010100110100
01001110000001111000
00101001011011111000
10011111110111111000
00000100000110001000
00001000000100000000
11001100010110011000
00011100001110000100
01001111111010000000
00001111011111100100
10001100000000000100
11001101000000001000
10000001000000100010
00010000000101010000
01000100000100010010
00000110000000001000
01100000100001110000
00000000000101011011
01000000000000001101
01000000010000000001
00000100000010000010
10001000010100000011
00001110000000000010
00100101001110000000
00000011011000000100
10000010000000000010
01001001001000000010
00101011001100010000
10100010000000000110
00101100011010100000
01100000000000000001
00010000011100000100
01000000000000100000
00101100000001101001
01100000000000011000
00001110000001000001
00000000100000001000
00000000100010100010
01000000001011111010
10010000110100100000
01100000001000000001
10000010100001101000
10001101110000100010
00110000111111100000
00001111101111111000
00001000001010000100
00001100000010001001
00001000000000110000
00001000100110000001
00000111111110000000
01001111011100001110
00001000010010011001
00011100000000010001
00100101010100000010
00001100101000000010
01010001000000000000
00000000000000011100
00000010100000001000
00100100010010010000
00000000000010001000
00000000000000001001
00110111111100000000
01110111111101000100
01110011000010000010
11101000001111001000
00101110000110110010
01101101100110000001
00101110011011101011
00111111011110000000
00101111101010110000
00010001000010100001
10000001010010010000
00100100000000000000
10010100010100001100
00001000010000000100
00100110001000010000
00001010000000000110
00101001001001001000
01010010000010000010
00010000100010000111
00000000001110001010
01000000000000000110
00000100111100000011
00100000100110100000
00000111111100000000
00001101001000001100
10001111110110001000
01000101111010101000
00100001001110000100
10000000001110000010
00100000100100001100
00000000000011000001
00010000000001010000
10000011010001000000
00001000000001000000
00000001000110000000
00100000100001000101
00101000000000001000
00000000001001000000
01000010000000000001
00110000010000100100
00111100000001011000
10010111101000110011
00001100000010110000
00100100110000110000
00011111111010111101
10001011101111111101
00001100101000000000
01001100010100000101
01000000000100000000
00001000000000000000
00000000100000000000
00000010000011000000
01000001011000110000
01000001000000000010
10000000000100100101
00000000001000000000
00011010100011000000
00010000000001000000
00000010001100100000
00000000100110000010
11100100101000001000
00001000000010111000
00000111000100000000
01001101000010111100
00001101111110101001
01001111101111111000
00001111111100001000
00001101000100000000
00101100010010010000
00101000000100001000
00000000010110000110
00110001000000000000
00000100000000000000
10000000000010001011
00000000000001000010
00100000000000100010
00001110000000000010
00000000000000001000
00001010000000111100
01001010000101000000
00000001101111000001
00000000100010000100
10001111001110100000
00011111111111000001
10001100011100101000
00001100000000001000
01001100101010001000
10001111010110000000
00001111111110000001
01011110101111000000
00001101000000000100
01001000100010000001
00000000000001100010
10001010010010000010
00000000000000000100
01000100001000010100
10000000001001100010
01001010000010100000
00000001010000000100
00000001000000000000
01001001000110001000
01110010001110000001
00000011101110000000
01000111111110100000
11011100000010000000
00001111000111001000
00001100000110000001
00011101000110010100
00000111111110010000
00001101110110000001
01010100000000000000
10101000110111011001
01110001011100001000
00001101001000010000
01011001000000111100
10001100000000000110
01101000000000000010
00010100000001000000
10000000100100000011
01010001011010001000
00000111111100000000
00111110000110100000
01001000000110000010
10100000001110100000
00001000000110000010
00001100100100010001
00001110001101001000
00000111111000000010
01000111111000011000
00000100000001000000
00010010000010001100
00111001001010100001
00000000100000100000
00001100000000100100
01000000010100001001
01100101000000000110
00010000000000001100
00100010000110010000
11001010100111011000
01111111101010110000
10111111111110000000
01100110001100001000
00011100010110000100
01001100000110001010
10001111000010010100
01101110000110100000
10000101110110000001
00000010111110000000
00101000010010010100
01001100100000000000
00000011010000011101
00000001000110110001
00001010100000000100
11000000100011000100
00100000100011101000
00000100000000000000
10100000100001000010
00000100000000000100
00000001000000000001
00001000000000000001
10100110000000000010
00000000100010011000
10100011110100000111
00000010000000000000
00101101001001000000
00010100000000001100
00100000000100011000
01100110001110010100
00100100000111000000
11010001101100101101
01000010000000011000
11001100011100000000
00000100000100010000
00010000001000000000
00000010000100010010
00000010000000000000
10000010001100001000
10000100000010000001
00000110000100100000
00000111111000000010
00100011110101000000
00100110011100000000
00001110000110100000
01111100000010000000
01101000010110000101
01101010001110010000
01111110110011000010
11111110001110000000
11100000011111000000
00000000010110000000
00000001010100110001
10000000000001000010
00000100101010000000
00000000100000010000
00110000001000100010
10100010010101011000
10000000100000000010
01000000000101000000
00000001000110000000
10001000110010000000
10010101111111001000
00001111100110000010
10000110100000000000
01100011111100000100
00100001111000000110
00001101100000100000
01011101101110000000
00101111111000000010
00000000111110000100
10010001010111000100
10000000001110000001
11000001000000000000
10011000001001110011
01011000000000100000
01000000000001110000
00000000011001000000
00000001000100011010
10000000000000001010
00000101111000001000
01110110111100100000
00100110011000000000
00011110110110000100
00000100010111000101
00001010110110000000
00001000110010101000
01101110100101101010
10101111011100000010
01000110011010000001
01010000000010000110
01000000000000000011
00000000000000000000
00000000000000000000
10001100010010110000
00100100000101000000
00100010001011000000
00001001000011000010
00000000000000001000
00001011000000010010
00000100000100110000
10101110000110000100
01001011111110000100
00011111111010000111
00001100011101010000
00001011001101000100
00001000001110001001
00101100100110010000
00001000001110001010
00000000001110000000
00011011001000000000
00010000001100001010
01011000000001001000
00000010000111110000
10100001001100110100
00000000101000100100
00000100000010000010
10000001001010000101
01011010000010000001
00001000001000000100
00000000010011000010
00101101111111100010
00011110110110100000
10001100010110010000
10001100000110000000
00011110011110000000
10010010010111001010
00000110010000000000
00000100000000000000
00100000000000000000
00010001000000000000
00000110011000000010
01000000000000000010
00001110000001000000
00000001000000000000
00010010000011010101
00000000011100000000
01000000000000110000
01110000000011001000
01110100010110111100
01100000011011010000
11100000111110000010
11110110110110100010
01111101001000000000
00101111100000011000
01001001110010100000
00010001111111000001
00000000011100100011
00001100000110001010
00100000000000000000
01000000000000000001
00010011100000000101
00000001000100000001
00001000000000000000
11100001101000000000
00010000000010000000
00000100000001100001
00000101101100000100
11000010010110000000
00000000010011000000
10000011011000000100
00001111111110000000
00001000111000001001
00101100000001110000
00001100010110001000
00001010011100000000
00001011011010000000
10001111110010000000
01011101000000000000
10000110001000001000
01010000000101010010
00000000100000000100
00010101010000000011
00101000010000000000
00010110000100000100
00000000000000100000
00000000100100000000
00010010100000001000
00011001000010010000
10001000000000000000
00001100001101000001
00001100110111000000
10101101000010111000
00101011111110101000
01001111111100101010
00001000000101000000
11001100101100000000
11011101000000000100
00001110000010000000
01001000100010001100
00010100000000001000
10100000000000000000
10000110000000000010
00000001000000000000
00011000000000000000
00101000000001010011
00000001000000000100
00010100110000000001
11000000101000010000
00000011110110001000
10000111111100100010
00000110111110000010
01101100000011010100
00001100010010001010
00101100100110000000
00010100000110001000
01011110000110101000
00000001111110000010
00000011111100110001
00000100100110000000
00100000010000000100
01000010000100000101
00000010000000001000
00001000000000100100
00000100100010000010
00010011000100000100
00010000001100000001
00000000000010100100
00000000001100000100
01111010001100000001
01100000000111000000
01101010111110000010
01111010111110001000
01110111011111000000
01111110000010100010
01000100101110000000
01101110000110000001
00101010010010111000
01101110011110010000
00000111111110000000
00000011111100000000
00100011000000000100
00000000000000000000
00000000100000000100
00000000101100000001
01000000000000001000
10000010000001001101
11010000100000000001
00001010100000010010
10000010100001000110
00000000000001110010
10001101101000100100
10001111101100000000
01101101111110110000
10001000100111000100
00011100110100000000
00100110110100100000
00001111011110000000
00001111101100000001
00001100111000000000
00001111000100010000
01001100011000000000
10101001111011010011
00000000000110001000
01100000010000010000
00010000000010000000
00011000010000001000
11010001010001110110
00000000100100101000
00100001010000110001
00000010100100001000
00100011011101000000
00000101111110010010
00011101111110101000
00001001111110110001
00000001010101001100
01001111110110000000
01001011001001100100
00010001101110000000
00000111100100010010
11000001000010010001
00001100000000000000
00000000001000011001
01000001010000000000
00000001000000010001
01100000001110100001
00110000000010000000
00000010000000100000
10100000000000000000
00000000001001101000
00100011011000001000
00000111101100000010
00011110100010001000
00011101110110000000
01001100101110100000
01001000000110110000
00101011101101111100
00001011000111101000
00011101111101111000
00100100010010100001
00111100000010010100
00111100001000000100
00010100100000001000
00000001101000000000
00100010000000000000
10010000010000001000
00110001000000100000
00101000000000000000
00000011000000000000
01000010000000000010
01100101000001000100
00010000100100010000
00001100000111000101
00001100000010100000
10011110010111010100
00000111110001111100
00001001000111011000
00001100010001001001
01101100000110111010
00001000001100111000
00000001000000010111
00000011000010011000
01000000000110100000
00000011000000000001
10010010101110010010
10110000111100010010
00001000000001100100
00010010000100100100
00000000000010000000
10000000000100000000
01000001001010100000
01100000111000110000
00110111111000001010
11101100010111000010
11011110001111010000
01101100000110000000
01101100000110110010
11111111011110001000
10111011111110000000
00110010111110110000
10110100011100000100
01111100000111000010
00000100001000100000
00000000000000000111
01000001000000100000
00001000010010000001
00000000000000000011
11000100000000000001
10000001010010010010
00001000010000000100
00001000001000101001
10001001000101010110
00001110111001100011
00101110111111101100
00011100011111000000
00001110000011100001
11111101000110000010
00101000000101000000
00001111011011000001
00001111111000110101
00001110000010010001
00101110010000000100
00000000010001000100
01000000000011001100
01100010000001000000
00100000010000000101
10100110000000010000
00000000000010010000
00000110000010000000
00001011010010000001
00000101000000000010
01000000001010000100
00110010001100000000
00110000000110010100
11100001000100010101
00101000000110001100
01101010101110101000
10110001100110011000
00110011011110111001
01011010100111111000
00000000000010000111
11000010000000001000
00000010100000000000
00000000000001100011
00001010000001010000
00000000000010000000
10110000000010110000
00000000100000100010
00000000010000001000
00110001000000010000
00000000000011000000
01010010000000000010
01011110001000011000
01001100100001111000
00000111011101101001
00001011110110110000
01000000111000010111
00000000110000000001
10000001111100101100
00011111101100000000
00111001001101000100
01110100001110000100
00001100010110010000
00000001000000001000
00000000100000000010
00010001100000000001
00001000000100010101
10100100000000000100
10100100000100010000
00000000001001000110
10001001001100010000
00000010010001000101
00101000000000001001
01111000000100010111
10001110000010111001
00101101100100110010
01010101001100100000
00111101010000111011
00011110111110110000
00010100110010000000
00001101001001001000
00001101100100000000
00101000000000000001
00001001010001000001
00000010000000011000
00100100000001001000
10100000010000100000
10010000000000010000
01000000000001000100
00000011000000000000
00000000000000110000
00000010000101100000
00001100000000100000
01001111111110000000
00001011011111100001
00000101000110000101
00001111000101100010
10101100110111100010
00101100011110000000
00101111101110000010
00001111000110010000
00010010100000000001
00000100010000000000
00000011011000001000
00000010000000000010
00110000100010000100
00000000000111000000
00000000000000101010
00101000000011000000
00000110000001101010
00001110010001000010
00101100100101001000
10001100100110001010
11101110011100000000
00101111100110100000
00000111111011001001
10001001110011000000
00000010111000011000
00001111111010100000
00010101111010100000
00010111001110001110
00001110100010000000
00101100000110100001
00001000000011100010
00010000000000000100
10000000011000010110
00001011000000000010
00000100010000110000
01100000000000010101
00001000010010000011
01010100000001000000
00001001011000000101
01000111111101000011
00000010101111000001
00001101000111000001
10001100010011000000
01010100110110010111
00000100001110000101
00001100000110000000
01001011001110001001
01010111001111100101
10001111011110101010
00100100100000000000
11001010001001000000
01000001000100000000
00010100100100000000
10000000000001000000
00000000111100000010
10000000000010000000
01100011000000000000
01000000001000001011
00010001000100000011
00000001100110000101
00101000111110010110
11000001011010000000
00000110111010100000
01011011100100011110
01001110100111000010
00100011111010000010
01110000001110000000
00000000000110000000
00100011000101000000
00000101000111000101
01000001110010001100
00001110000010000100
00100000100100001111
00000100100000000101
00000000000000000000
00101000000000000000
11010010000000010000
00111010010100110001
01000000010000111001
00001100000010111001
00101111011111111000
01001111110011011100
11001111001111001001
00101010000110001100
01101000000110001001
00001111001110001001
01001100011111011011
01100110011100000010
10000001101100110001
10000110111000000001
01010000010000010000
00100010000000000000
01000100000100010010
01001011011110000000
00000100100000000011
00000000010000011000
00001010101000100001
10000000001000000001
10001100000110001001
00101101101100000000
00001101111010010000
00001111111110100000
01001100001101100001
00101101111000010000
00001100000111000100
10000100000101001000
00001101110010100001
10010000111100000000
00010110100010000010
10011100000000000000
00000000000000100000
00000100011010001000
00010011000000000000
00000000010000001000
00000001010101000000
01000000000000000000
00011000000100010100
00011000000010100100
00001100000110000000
10000110110110000101
00000101101100000001
00001100101110000000
10000100000100001001
01001010101110010000
11001011101110000101
10000100101110100100
00001000000110010000
11011110110110000000
01001100000000000000
00001110011010000000
10001100000000000010
00010110000000000100
10000100000001000000
00010000000100000000
00101010010001010110
00000000000100000100
00000111001110000000
01000000010001000000
01111011111100011000
10000111110110110000
00100110111110000000
00000000000110010001
00011100001010110000
00001100100100111100
01001010001110110000
11001110001100100010
00001011111111110000
00110111101111111100
00000100000000000000
10001101000001001000
10100000000000000000
11000100100000100000
10100000000101011000
00001000100100001000
10001100010000000000
00100000010000000000
10000100000110001010
10001000000100000000
00101010101110011100
01100000100110000000
01100000001110000000
01100000000010010010
01110110000100000110
01110000001011011100
00011100001110101000
00011111101010100100
01000000000000000000
00000001001000101100
00001001001000000000
10000000000000100000
10000000100010000000
00000100000000000000
00110000010000000100
01000000001001010000
00010000100000101000
00101000010010001001
00010000000000100000
00000000000110100000
00100100100000000001
00000101010001010010
00001000001000000000
00001101000001100000
10000000000010011000
00010000100100010010
00000011000000001100
00000000010110000011
00010000000000000001
00000010000100010000
00111000000011000000
00000100000000101100
00001001000000100000
10000100000010001000
10000100000000100010
01000001000100001000
10100011000000001000
00011110100000011000
01001011100000100001
00000000100000000000
01010001001000000000
01110100000110000000
01100000010100000000
11000010110101000000
01100000000100000100
01100000001100010000
01010010001110111010
00101111111100111011
00010111011110101000
00011001000000000000
00000000000100000000
00000000001000011111
00011011100010000010
10100000000000001010
00000100001000000011
00001000011000101101
00000010000110110010
00001000000001101000
00000000010111001000
11000001110000000000
10100111010110010010
01110000100110000001
11101100000111100000
01100010100110000010
11100000000110010100
01011010100110010000
00111011110110111000
00001110111111111011
00000010000001100010
00101001001000001010
00000001001001000000
00100010000001000000
00000010000000110000
10000000001000011010
