38
01010001010101010101
10001000101010100010
00010101000100000100
10101000100010001010
00000000000000000000
10100000000000000000
01000000000110000001
10101111111111100000
01001110000110000001
10101100000110000010
01001100000110000101
10101100000110000000
01001110000110000101
10001110000110000000
01000100000000000101
10101010101010001010
00000000000000000101
10001010101010001000
00010001010000010100
10101010001000100000
01010100010101010001
10100010001000100000
01010101010100010001
10100000000000100010
01010000000110010001
00100000000110100010
01010000011110010001
10100001111110100000
01010111111110000001
10101111000110001000
01010111111110010001
10100001111110100000
01010000011110010101
10100000000110100000
01000000000110010101
10100000000000000010
10100010000000001010
01010101010101010101
