38
00000000000000000000
00000000000000000000
00000000000000000000
00000000000000000000
00000000000000000000
00000000000000000000
00000000000110000000
00001111111111100000
00001110000110000000
00001100000110000000
00001100000110000000
00001100000110000000
00001110000110000000
00001110000110000000
00000100000000000000
00000000000000000000
00000000000000000000
00000000000000000000
00000000000000000000
00000000000000000000
00000000000000000000
00000000000000000000
00000000000000000000
00000000000000000000
00000000000110000000
00000000000110000000
00000000011110000000
00000001111110000000
00000111111110000000
00001111000110000000
00000111111110000000
00000001111110000000
00000000011110000000
00000000000110000000
00000000000110000000
00000000000000000000
00000000000000000000
00000000000000000000
