20
454 23 45
367 221 249
552
143 53 -154
139 351 -459
200
328 -34 342
376 676 -331
338
123 -330 254
342 -75 -46
158
462 35 56
356 17 69
247
847 25 432
678 -123 353
923
453 73 -495 
578 -34 -508
542
595 343 -35
729 408 87
388
838 103  -324
654 -171 127
659
367 266 -339
683 123 69
425
461 623 -986
855 -313 -509
200
745 -704 -105
703 -291 295
957
798 -3 802
726 -297 -150
804
850 671 -318
573 -773 654
59
903 -630 -189
133 1 -543
906
955 796 691
980 747 261
984
1007 248 -429
1003 -481 -936
63
292 170 452
850 -956 -132
246
112 -378 581
642 -962 672
69
165 -456 -540
665 -189 -525
49