5 8 20
10111001101011111000110010101110100111011011111110000110001010011100100101101010
11011110100011100110101111011001111011101111111110000011000010100011100010010011
01001011001111001000101100101010101110101001101101101011101111101000011100011010
01111001100101110101101101111101100011110011101011111011100111110111101111111111
10000001100000101000011100001001000110100010110001111000100010011001001010100111
01001001100110110010111001111100100001011000101010010111001010010101101010101101
01111010100011011001101010110111011010011101101110101111011111101000001110000110
10001111000110010011101001101100111110011000101110010110101011110101100110111011
01101110111111011000011110001110100111110011100101111010111011011111101110001111
10011110101111110111100111111011111011111111111110000000110000001010000011100000
10010000110100001011000011110000100010001100100010101000111010001001100011011000
10111000111110001000010011000100101001001110010010010100110101001011010011110100
10001100110011001010110011101100100111001101110010111100111111001000001011000010
10100010111000101001001011010010101100101111001010001010110010101010101011101010
10011010110110101011101011111010100001101100011010100110111001101001011011010110
10110110111101101000111011001110101011101110111010011110110111101011111011111110
10000001110000011010000111100001100100011101000110110001111100011000100111001001
10101001111010011001100111011001101110011111100110000101110001011010010111100101
10010101110101011011010111110101100011011100110110101101111011011001110111011101
10111101111111011000001111000011101000111110001110010011110100111011001111110011
10001011110010111010101111101011100110111101101110111011111110111000011111000111
10100111111001111001011111010111101101111111011110001111110011111010111111101111
10011111110111111011111111111111100000000110000000101000000111000000100100000110
10000010110000011110000010001000011001000010101000011101000010011000011011000010
11100001111100001000010001100010001010010001110010001001010001101010001011010001
11101000100011000110011000101011000111011000100111000110111000101111000111111000
10000010011000010010100010011100010010010010011010010010110010011110010010001010
01100101001010101001110101001001101001101101001011101001111101001000011001100011
00101001100111001100100101100110101100101101100111101100100011100110011100101011
10011101110010011110011011110010111110011111110010000001011000001010100001011100
00101001000101101000101011000101111000101000100101100100101010100101110100101001
10010110110010101110010111110010100001010110001010101001010111001010100101010110
10101010110101011110101010001101011001101010101101011101101010011101011011101010
11110101111110101000001101100001101010001101110001101001001101101001101011001101
11100110100010110110010110101010110111010110100110110110110110101110110111110110
10000111011000111010100111011100111010010111011010111010110111011110111010001111
01100111101010111101110111101001111101101111101011111101111111101000000011100000
01101000001111000001100100001110100001101100001111100001100010001110010001101010
00111101000110011000111011000110111000111111000110000100111000100110100100111100
10011001010011101010011011010011111010011000110011100110011010110011110110011001
11001110111001101111001111111001100000101110000101101000101111000101100100101110
10010110110010111110010110001010111001010110101010111101010110011010111011010110
11101011111101011000011011100011011010011011110011011001011011101011011011011011
11101101100011101110011101101011101111011101100111101110111101101111101111111101
10000001111000001110100001111100001110010001111010001110110001111110001110001001
11100100111010100111110100111001100111101100111011100111111100111000010111100010
11101001011111001011100101011110101011101101011111101011100011011110011011101011
01111101101110011101111011101110111101111111101110000011111000011110100011111100
01111001001111101001111011001111111001111000101111100101111010101111110101111001
10111110110111101110111111110111100001111110001111101001111111001111100101111110
10111110110111111110111110001111111001111110101111111101111110011111111011111110
11111111111111111000000000110000000010100000001110000000100100000011010000001011
00000011110000001000100000110010000010101000001110100000100110000011011000001011
10000011111000001000010000110001000010100100001110010000100101000011010100001011
01000011110100001000110000110011000010101100001110110000100111000011011100001011
11000011111100001000001000110000100010100010001110001000100100100011010010001011
00100011110010001000101000110010100010101010001110101000100110100011011010001011
10100011111010001000011000110001100010100110001110011000100101100011010110001011
01100011110110001000111000110011100010101110001110111000100111100011011110001011
11100011111110001000000100110000010010100001001110000100100100010011010001001011
00010011110001001000100100110010010010101001001110100100100110010011011001001011
10010011111001001000010100110001010010100101001110010100100101010011010101001011
01010011110101001000110100110011010010101101001110110100100111010011011101001011
11010011111101001000001100110000110010100011001110001100100100110011010011001011
00110011110011001000101100110010110010101011001110101100100110110011011011001011
10110011111011001000011100110001110010100111001110011100100101110011010111001011
01110011110111001000111100110011110010101111001110111100100111110011011111001011
11110011111111001000000010110000001010100000101110000010100100001011010000101011
00001011110000101000100010110010001010101000101110100010100110001011011000101011
10001011111000101000010010110001001010100100101110010010100101001011010100101011
01001011110100101000110010110011001010101100101110110010100111001011011100101011
11001011111100101000001010110000101010100010101110001010100100101011010010101011
00101011110010101000101010110010101010101010101110101010100110101011011010101011
10101011111010101000011010110001101010100110101110011010100101101011010110101011
01101011110110101000111010110011101010101110101110111010100111101011011110101011
11101011111110101000000110110000011010100001101110000110100100011011010001101011
00011011110001101000100110110010011010101001101110100110100110011011011001101011
10011011111001101000010110110001011010100101101110010110100101011011010101101011
01011011110101101000110110110011011010101101101110110110100111011011011101101011
11011011111101101000001110110000111010100011101110001110100100111011010011101011
00111011110011101000101110110010111010101011101110101110100110111011011011101011
10111011111011101000011110110001111010100111101110011110100101111011010111101011
01111011110111101000111110110011111010101111101110111110100111111011011111101011
11111011111111101000000001110000000110100000011110000001100100000111010000011011
00000111110000011000100001110010000110101000011110100001100110000111011000011011
10000111111000011000010001110001000110100100011110010001100101000111010100011011
01000111110100011000110001110011000110101100011110110001100111000111011100011011
11000111111100011000001001110000100110100010011110001001100100100111010010011011
00100111110010011000101001110010100110101010011110101001100110100111011010011011
10100111111010011000011001110001100110100110011110011001100101100111010110011011
01100111110110011000111001110011100110101110011110111001100111100111011110011011
11100111111110011000000101110000010110100001011110000101100100010111010001011011
00010111110001011000100101110010010110101001011110100101100110010111011001011011
10010111111001011000010101110001010110100101011110010101100101010111010101011011
01010111110101011000110101110011010110101101011110110101100111010111011101011011
11010111111101011000001101110000110110100011011110001101100100110111010011011011
00110111110011011000101101110010110110101011011110101101100110110111011011011011
10110111111011011000011101110001110110100111011110011101100101110111010111011011
01110111110111011000111101110011110110101111011110111101100111110111011111011011
11110111111111011000000011110000001110100000111110000011100100001111010000111011
00001111110000111000100011110010001110101000111110100011100110001111011000111011
10001111111000111000010011110001001110100100111110010011100101001111010100111011
01001111110100111000110011110011001110101100111110110011100111001111011100111011
11001111111100111000001011110000101110100010111110001011100100101111010010111011
00101111110010111000101011110010101110101010111110101011100110101111011010111011
10101111111010111000011011110001101110100110111110011011100101101111010110111011
01101111110110111000111011110011101110101110111110111011100111101111011110111011
11101111111110111000000111110000011110100001111110000111100100011111010001111011
00011111110001111000100111110010011110101001111110100111100110011111011001111011
10011111111001111000010111110001011110100101111110010111100101011111010101111011
01011111110101111000110111110011011110101101111110110111100111011111011101111011
11011111111101111000001111110000111110100011111110001111100100111111010011111011
00111111110011111
