100
1 8 1 1
100
2
2 8 1 1
1
3
3 8 1 1
2
4
4 8 1 1
3
5
5 8 1 1
4
6
6 8 1 1
5
7
7 8 1 1
6
8
8 8 1 1
7
9
9 8 1 1
8
10
10 8 1 1
9
11
11 8 1 1
10
12
12 8 1 1
11
13
13 8 1 1
12
14
14 8 1 1
13
15
15 8 1 1
14
16
16 8 1 1
15
17
17 8 1 1
16
18
18 8 1 1
17
19
19 8 1 1
18
20
20 8 1 1
19
21
21 8 1 1
20
22
22 8 1 1
21
23
23 8 1 1
22
24
24 8 1 1
23
25
25 8 1 1
24
26
26 8 1 1
25
27
27 8 1 1
26
28
28 8 1 1
27
29
29 8 1 1
28
30
30 8 1 1
29
31
31 8 1 1
30
32
32 8 1 1
31
33
33 8 1 1
32
34
34 8 1 1
33
35
35 8 1 1
34
36
36 8 1 1
35
37
37 8 1 1
36
38
38 8 1 1
37
39
39 8 1 1
38
40
40 8 1 1
39
41
41 8 1 1
40
42
42 8 1 1
41
43
43 8 1 1
42
44
44 8 1 1
43
45
45 8 1 1
44
46
46 8 1 1
45
47
47 8 1 1
46
48
48 8 1 1
47
49
49 8 1 1
48
50
50 8 1 1
49
51
51 8 1 1
50
52
52 8 1 1
51
53
53 8 1 1
52
54
54 8 1 1
53
55
55 8 1 1
54
56
56 8 1 1
55
57
57 8 1 1
56
58
58 8 1 1
57
59
59 8 1 1
58
60
60 8 1 1
59
61
61 8 1 1
60
62
62 8 1 1
61
63
63 8 1 1
62
64
64 8 1 1
63
65
65 8 1 1
64
66
66 8 1 1
65
67
67 8 1 1
66
68
68 8 1 1
67
69
69 8 1 1
68
70
70 8 1 1
69
71
71 8 1 1
70
72
72 8 1 1
71
73
73 8 1 1
72
74
74 8 1 1
73
75
75 8 1 1
74
76
76 8 1 1
75
77
77 8 1 1
76
78
78 8 1 1
77
79
79 8 1 1
78
80
80 8 1 1
79
81
81 8 1 1
80
82
82 8 1 1
81
83
83 8 1 1
82
84
84 8 1 1
83
85
85 8 1 1
84
86
86 8 1 1
85
87
87 8 1 1
86
88
88 8 1 1
87
89
89 8 1 1
88
90
90 8 1 1
89
91
91 8 1 1
90
92
92 8 1 1
91
93
93 8 1 1
92
94
94 8 1 1
93
95
95 8 1 1
94
96
96 8 1 1
95
97
97 8 1 1
96
98
98 8 1 1
97
99
99 8 1 1
98
100
100 8 1 1
99
1
