93
1 25 2 1
90 93
2
2 25 1 1
1
3
3 25 1 1
2
4
4 25 1 1
3
5
5 25 1 1
4
6
6 25 1 1
5
7
7 25 1 1
6
8
8 25 1 1
7
9
9 25 1 1
8
10
10 25 1 1
9
11
11 25 1 1
10
12
12 25 1 1
11
13
13 25 1 1
12
14
14 25 1 1
13
15
15 25 1 1
14
16
16 25 1 1
15
17
17 25 1 1
16
18
18 25 1 1
17
19
19 25 1 1
18
20
20 25 1 1
19
21
21 25 1 1
20
22
22 25 1 1
21
23
23 25 1 1
22
24
24 25 1 1
23
25
25 25 1 1
24
26
26 25 1 1
25
27
27 25 1 1
26
28
28 25 1 1
27
29
29 25 1 1
28
30
30 25 1 2
29
31 91
31 25 2 1
30 91
32
32 25 1 1
31
33
33 25 1 1
32
34
34 25 1 1
33
35
35 25 1 1
34
36
36 25 1 1
35
37
37 25 1 1
36
38
38 25 1 1
37
39
39 25 1 1
38
40
40 25 1 1
39
41
41 25 1 1
40
42
42 25 1 1
41
43
43 25 1 1
42
44
44 25 1 1
43
45
45 25 1 1
44
46
46 25 1 1
45
47
47 25 1 1
46
48
48 25 1 1
47
49
49 25 1 1
48
50
50 25 1 1
49
51
51 25 1 1
50
52
52 25 1 1
51
53
53 25 1 1
52
54
54 25 1 1
53
55
55 25 1 1
54
56
56 25 1 1
55
57
57 25 1 1
56
58
58 25 1 1
57
59
59 25 1 1
58
60
60 25 1 2
59
61 92
61 25 2 1
60 92
62
62 25 1 1
61
63
63 25 1 1
62
64
64 25 1 1
63
65
65 25 1 1
64
66
66 25 1 1
65
67
67 25 1 1
66
68
68 25 1 1
67
69
69 25 1 1
68
70
70 25 1 1
69
71
71 25 1 1
70
72
72 25 1 1
71
73
73 25 1 1
72
74
74 25 1 1
73
75
75 25 1 1
74
76
76 25 1 1
75
77
77 25 1 1
76
78
78 25 1 1
77
79
79 25 1 1
78
80
80 25 1 1
79
81
81 25 1 1
80
82
82 25 1 1
81
83
83 25 1 1
82
84
84 25 1 1
83
85
85 25 1 1
84
86
86 25 1 1
85
87
87 25 1 1
86
88
88 25 1 1
87
89
89 25 1 1
88
90
90 25 1 2
89
1 93
93 250 2 2
1 90
92 91
91 250 2 2
92 93
30 31
92 250 2 2
91 93
61 60
