31
16 10 2 2
2 15
17 18
1 80 1 1
2
3
2 80 1 2
1
15 16
4 80 2 2
3 5
8 9
5 200 2 1
3 4
7
21 80 1 2
18
20 22
22 80 2 2
20 21
23 27
6 160 2 2
9 10
7 14
7 80 1 2
5
6 14
8 10 2 1
4 9
15
17 10 2 1
16 18
19
9 10 2 2
4 8
6 10
10 10 2 1
9 6
11
11 10 1 2
10
29 12
14 80 2 1
6 7
13
15 10 2 1
2 16
8
18 80 2 1
16 17
21
30 10 2 2
19 20
24 23
19 10 1 2
17
20 30
20 80 2 2
19 30
21 22
23 80 2 2
22 27
30 24
12 80 2 2
11 29
13 26
13 80 1 2
14
12 26
24 10 2 1
23 30
31
25 80 2 2
27 28
31 29
26 80 2 1
12 13
28
27 80 2 2
22 23
25 28
28 80 2 1
27 25
26
3 80 1 2
1
4 5
29 10 2 2
11 12
31 25
31 10 1 2
24
29 25
